0.018687276169658,-0.0013377331197262,-0.011961165815592,0.033623166382313,0.017223816365004,0.025664053857327,0.016525465995073,0.013872597366571,-0.035838767886162,0.0049601281061769,-0.014890102669597,-0.0092603955417871,0.0051036821678281,-0.021976318210363,-0.010203601792455,-0.0051022721454501,0.026828879490495,0.016051134094596,-0.037076342850924,-0.0079695703461766,-0.013717229478061,0.011091104708612,-0.020853597670794,0.010871261358261,-0.029089225456119,0.047106951475143,0.011569640599191,-0.028457501903176,0.019957771524787,0.01758161559701,0.01962330751121,0.013084203004837,-0.027748731896281,-0.0028431366663426,0.026723433285952,-0.00054871512111276,-0.0069841602817178,-0.0076701412908733,-0.0048437030054629,-0.032111659646034,0.030704820528626,0.018402460962534,0.011098236776888,-0.020628292113543,-0.0083026885986328,0.0096534015610814,-0.017620820552111,0.058246355503798,-0.02815942466259,0.023978803306818,-0.0079460358247161,-0.02899319678545,-0.0052916603162885,-0.010322041809559,-0.0086542759090662,0.027584718540311,0.001209101988934,-0.028749480843544,0.010020836256444,0.0220110360533,-0.0068203033879399,-0.029052216559649,-0.020638406276703,0.038359697908163,0.0014510526088998,-0.0082344952970743,0.01242795586586,0.021733563393354,0.0076269670389593,-0.006870680488646,0.01411824952811,0.022088583558798,-0.014184571802616,0.015199682675302,-0.021606085821986,0.0091437753289938,0.0099657606333494,-0.0012416136451066,0.001542326877825,5.1043018174823e-05,-0.036816820502281,-0.032064530998468,-0.0090899234637618,0.0071291411295533,0.02129284106195,-0.019183279946446,0.035745039582253,-0.021360581740737,-0.010913725942373,-0.0055440324358642,-0.013517920859158,0.017242277041078,-0.034242447465658,-0.0057695317082107,-0.021190585568547,0.024061176925898,0.0054473923519254,-0.038096304982901,-0.016985114663839,-0.0045973919332027,-0.012815115042031,-0.032522082328796,0.03946990519762,-0.0032268117647618,-0.00056481832871214,0.014995505101979,0.0066788117401302,-0.0053743491880596,0.030182482674718,-0.011085261590779,0.032368917018175,0.0046611623838544,0.020815702155232,0.034777108579874,0.030152000486851,0.034480448812246,-0.00071666168514639,-0.0095967501401901,0.030915716663003,0.0042257271707058,0.007811710704118,0.010748330503702,0.0049871439114213,-0.0072748302482069,0.0271937828511,-0.030046779662371,-0.009323462843895,-0.032145459204912,0.025042157620192,-0.033598855137825,-0.0068685738369823,0.036317102611065,0.047736100852489,-0.019074209034443,0.0028024904895574,0.034090057015419,-0.029917320236564,-0.026483874768019,0.034199144691229,0.049884881824255,-0.033167112618685,0.027823474258184,0.051254447549582,0.0088635478168726,-0.020965313538909,-0.024823611602187,-0.027650736272335,-0.005318773444742,0.0043326863087714,-0.032913848757744,-0.0069071794860065,-0.018279075622559,-0.020297052338719,0.02957820519805,0.019863223657012,0.03941023722291,0.025948347523808,-0.014133821241558,-0.030200263485312,0.012958265841007,0.031218821182847,0.036301452666521,0.032248981297016,0.044618379324675,0.01047255564481,-0.0073086260817945,-0.018883632495999,0.0030024233274162,0.010755850933492,0.030742812901735,0.021271523088217,-0.031082138419151,0.00049879285506904,-0.014721529558301,-0.015633158385754,0.0079278293997049,0.040457114577293,0.033057857304811,-0.026585426181555,0.038385435938835,0.014386147260666,0.01945267431438,0.032467305660248,-0.0012271903688088,0.013012209907174,-0.025621706619859,-0.02959848754108,-0.019356461241841,0.0133834509179,0.012254516594112,-0.0026324039790779,0.00052053510444239,0.047325074672699,-0.0092139039188623,0.0032799928449094,0.0016345100011677,0.032492853701115,-0.025865746662021,-0.035119514912367,0.0496228300035,0.025278963148594,-0.037862677127123,0.040428701788187,0.023391405120492,0.019864039495587,-0.022856414318085,0.0039906343445182,-0.036436278373003,0.021218864247203,-0.033801600337029,-0.030230524018407,-0.046442650258541,-0.02104246430099,-0.021696195006371,0.0087463045492768,-0.032002750784159,-0.022400351241231,-0.0041429097764194,0.029116231948137,0.0086212512105703,0.016661982983351,-0.036964405328035,0.0065403184853494,0.020761787891388,0.025542695075274,0.022796975448728,0.0084875309839845,0.012573106214404,-0.0075486656278372,-0.02021648734808,0.020175589248538,-0.012982771731913,-0.0032425220124424,-0.023689808323979,0.031461585313082,0.020303197205067,0.048594985157251,0.040960285812616,-0.020105419680476,0.03199115768075,0.027390010654926,0.0016916685272008,-0.017585219815373,-0.00064437952823937,-0.015157668851316,-0.014632149599493,-0.025869896635413,0.02136011607945,0.028489992022514,0.00088854739442468,0.013826954178512,-0.02533121779561,-0.0042605325579643,0.023439668118954,-0.027642402797937,0.0091721508651972,0.016865199431777,-0.014249690808356,0.019158326089382,0.0016395465936512,0.0028222678229213,0.017811749130487,-0.026208413764834,-0.026228366419673,0.02274471335113,0.0075673772953451,-0.0094907488673925,0.0068417955189943,-0.017944764345884,0.0045394389890134,-0.020797602832317,-0.027962347492576,-0.025445625185966,0.015309400856495,-0.038527306169271,-0.0095119485631585,-0.034269083291292,-0.002215173561126,-0.029655603691936,-0.035580575466156,0.022268651053309,-0.024360163137317,0.03011685051024,0.031150909140706,0.045342873781919,-0.01599957421422,-0.00089337234385312,-0.0080113932490349,-0.035982348024845,-0.023222776129842,-0.0016275949310511,-0.020030299201608,0.042036332190037,0.03688457980752,0.027709193527699,0.011239872314036,0.044144179672003,0.017869547009468,-0.013929999433458,-0.033689022064209,0.0086798267439008,0.0044172098860145,-0.023359157145023,-0.030996238812804,0.015986388549209,-0.0094436211511493,0.010051423683763,0.0026904598344117,0.0010765083134174,0.028863038867712,-0.015439966693521,0.013163915835321,0.028328154236078,-0.02373662404716,0.0077283391728997,-0.0054262522608042,0.036476038396358,-0.045231770724058,0.028023552149534,0.032716635614634,-7.3364637501072e-05,-0.02259181253612,0.0063831377774477,0.0044689495116472,-0.01736525259912,0.027541946619749,0.0050373650155962,0.017428819090128,-0.030871013179421,0.017357582226396,-0.029009783640504,-0.015739940106869,-0.012445910833776,0.045003056526184,0.019291181117296,0.026264419779181,0.021051755174994,0.035409070551395,-0.017374584451318,-0.0051980754360557,0.035233326256275,-0.0046305023133755,0.029716182500124,0.008563918992877,0.0069593749940395,-0.030564168468118,-0.013252322562039,-0.02675954438746,-0.025554126128554,0.027557970955968,-0.026888843625784,0.019500255584717,0.030293308198452,0.01179957203567,0.0190315451473,0.022741477936506,0.0047044204548001,-0.017872158437967,0.019172284752131,0.019980896264315,-0.0093457605689764,0.014507540501654,0.0088351732119918,-0.012308849021792,0.033229686319828,-0.0064318240620196,0.025307506322861,0.0133709423244,0.0021437834948301,0.005015498958528,-0.0092319110408425,-0.020354716107249,0.013515004888177,-0.0067912852391601,-0.0041498779319227,-0.015785863623023,0.018359273672104,0.047187384217978,-0.009175525046885,-0.031556736677885,0.030011704191566,-0.004566393326968,-0.0081673683598638,-0.01924991607666,-0.0014828348066658,-0.011575839482248,-0.028250575065613,0.034314930438995,-0.028925199061632,0.011642122641206,0.025650886818767,0.0043228482827544,-0.014634714461863,-0.0042791562154889,0.014629974961281,-0.015656171366572,0.033491395413876,-0.0083844205364585,0.02247715741396,0.039672501385212,-0.033110331743956,0.023718820884824,0.039880122989416,-0.0018496797420084,0.035397443920374,-0.003289446933195,0.033207517117262,-0.0090055260807276,0.012365045957267,0.021893104538321,-0.032115582376719,-0.014892372302711,0.049931477755308,-0.022699620574713,-0.0097561199218035,0.046568389981985,0.026992851868272,0.027422826737165,-0.036539323627949,0.0082940869033337,-0.0058608776889741,0.0017427282873541,0.05326409265399,0.03869765624404,0.02251997590065,-0.00075535225914791,-0.013623456470668,0.022467965260148,-0.019767327234149,-0.050803024321795,0.0086982632055879,0.024114029482007,0.02201921865344,-0.028847245499492,0.028393987566233,-0.010530352592468,-0.018849426880479,0.011052325367928,0.032323017716408,0.025362733751535,0.023471597582102,0.0097331013530493,0.0029315175488591,-0.0015782095724717,0.027749115601182,0.0046455347910523,-0.024057487025857,0.037450339645147,-0.027330756187439,0.0074329837225378,-0.025676550343633,0.039802793413401,-0.031151359900832,0.01806902512908,0.054313492029905,0.0016458836616948,-0.041509088128805,-0.024332052096725,0.010392521508038,0.034628927707672,-0.023945162072778,-0.0051986598409712,-0.0057610520161688,-0.024732308462262,0.031976148486137,0.013896900229156,-0.0061089782975614,0.046153657138348,0.014265791513026,0.028167709708214,-0.028930451720953,-0.045802850276232,-0.018516397103667,0.0039327209815383,-0.031341683119535,0.013802165165544,0.016361383721232,0.0093635488301516,-0.012105727568269,-0.0085531529039145,-0.024566089734435,0.0030615022405982,0.0061477860435843,0.015574081800878,0.0072138574905694,0.011685809120536,-0.013789457269013,-0.020094467326999,0.0033420366235077,0.015554916113615,0.013690924271941,-0.019693566486239,0.028584644198418,-0.0087648499757051,0.033590849488974,0.0027699584607035,0.022332767024636,0.0097047947347164,0.0019902954809368,-0.052557863295078,0.003657503053546,0.010158430784941,0.020913818851113,-0.010977603495121,-0.0098345438018441,-0.01053630746901,-0.037680067121983,0.0089306766167283,0.029267150908709,-0.014855528250337,0.022404631599784,0.0038409244734794,0.013989192433655,0.022664872929454,-0.0091133276000619,0.02224095351994,-0.035149306058884,0.042699694633484,0.00014914457278792,0.0020323272328824,0.034715957939625,0.055018130689859,-0.02861961722374,-0.0028981456998736,0.010513309389353,-0.031004767864943,-0.01351348683238,-0.0064284158870578,0.03564603254199,-0.032503809779882,-0.04315509647131,-0.0012526985956356,0.038181491196156,-0.015214665792882,-0.012021359987557,0.0290512945503,-0.0293288230896,0.073694288730621,0.020930944010615,0.028769709169865,-0.05098544806242,-0.013427731581032,0.0092331385239959,-0.024689517915249,-0.022346997633576,0.035753775388002,0.0095636714249849,0.032472901046276,0.031370095908642,0.046412687748671,-0.015558491460979,-0.022737754508853,-0.014264915138483,-0.062869846820831,0.04960573092103,-0.003644791431725,0.017391063272953,-0.044396918267012,0.040683045983315,0.016288597136736,0.014912040904164,0.0095769874751568,-0.023119343444705,0.012324967421591,-0.0016398137668148,0.019296791404486,-0.045877616852522,-0.023989362642169,-0.014356933534145,-0.01531383767724,-0.052817355841398,0.026338499039412,0.0026996764354408,0.029401367530227,0.00648451782763,0.029010139405727,0.023200172930956,-0.016179967671633,-0.002100910525769,0.012177852913737,0.019297014921904,0.028666941449046,0.0092355450615287,0.015927443280816,-0.039405353367329,0.025502827018499,0.043618384748697,0.016241807490587,-0.013046702370048,0.032995563000441,-0.013081128709018,0.0044331173412502,-0.011457317508757,0.063247419893742,-0.021615767851472,0.0022059096954763,0.015991855412722,0.00073632301064208,-0.055503856390715,-0.033106096088886,0.01153873000294,0.0062451814301312,0.020834650844336,-0.046641621738672,0.0069140796549618,-0.028686365112662,0.020055510103703,-0.021947959437966,-0.015017980709672,-0.024841075763106,0.0002726286475081,0.02202919498086,-0.012958648614585,-0.015859555453062,0.0073222327046096,0.021629422903061,-0.0097039118409157,-0.012961705215275,-0.016505872830749,-0.020473593845963,-0.019013127312064,0.012687630951405,0.010281412862241,-0.017896667122841,-0.044946022331715,0.012884906493127,-0.030520163476467,0.0067445668391883,-0.037402007728815,0.0086988667026162,0.033454611897469,-0.0070527121424675,0.0066999709233642,0.02596565708518,0.014895810745656,-0.011313659138978,-0.039952877908945,-0.031711302697659,0.020588312298059,-0.014812434092164,-0.013812779448926,0.033294934779406,-0.0031668457668275,-0.014774875715375,0.032068625092506,0.00067637511529028,0.020446268841624,-0.015716407448053,-0.035187307745218,0.032590661197901,0.021779917180538,-0.022051945328712,0.018675345927477,0.02513887360692,-0.029801113530993,0.006463248282671,0.012597685679793,-0.013130974955857,0.016523133963346,-0.031760849058628,0.026595167815685,-0.019201332703233,0.045883219689131,0.019208412617445,-0.047053445130587,0.0047787451185286,0.013118271715939,0.02600971236825,-0.031834971159697,0.023615313693881,-0.050214689224958,0.0073809446766973,-0.040265869349241,-0.018729476258159,0.011446635238826,-0.06018690392375,-0.0040983925573528,0.033027619123459,0.030631467700005,-0.019379656761885,0.0019987029954791,-0.037442117929459,0.0067239068448544,-0.016304962337017,-0.028767129406333,-0.058942344039679,-0.020837994292378,0.0038685065228492,-0.037070911377668,0.0086478600278497,-0.01939968764782,0.041224889457226,0.018583796918392,0.035023424774408,0.0048482664860785,0.015786647796631,0.063841462135315,0.00069178239209577,0.033690925687551,-0.02533258870244,-0.0018917996203527,0.020908862352371,-0.0080337068066001,-0.0026406869292259,-0.006579989567399,0.023487117141485,0.0054432721808553,0.0025301286950707,0.0077152606099844,0.017689736559987,0.048226099461317,-0.013138304464519,0.042948998510838,0.013401441276073,0.018963983282447,0.030793022364378,0.013179983943701,-0.022065170109272,-0.038740038871765,-0.017709776759148,-0.011261977255344,0.003566830419004,-0.026281889528036,0.040778461843729,-0.030860960483551,0.029347568750381,-0.010231386870146,-0.031003683805466,-0.026486158370972,-0.011459575034678,-0.023303659632802,-0.0090141985565424,0.054883491247892,-0.022918023169041,-0.02691438421607,-0.046199269592762,0.016548436135054,0.02937388420105,0.022297691553831,0.011937135830522,0.012866197153926,-0.032613717019558,0.015985047444701,0.020038239657879,0.027028046548367,-0.034763805568218,0.016657574102283,0.029451975598931,0.012438276782632,0.025094665586948,0.0015092991525307,-0.031007779762149,-0.00090560974786058,0.033721048384905,0.01329308282584,-0.034751448780298,0.016652707010508,-0.028715202584863,0.032630287110806,-0.014481351710856,0.0075397212058306,0.033614035695791,-0.0061884946189821,-0.025169396772981,0.00013395171845332,-0.019024506211281,-0.019688978791237,0.030821513384581,0.018441481515765,0.020873378962278,-0.015985988080502,0.011025935411453,-0.0089579252526164,-0.026427824050188,0.006022984161973,0.0044511016458273,0.00074319506529719,-0.005289982073009,0.02267149835825,0.023498110473156,-0.0015704319812357,0.030827248468995,-0.019291056320071,-0.029336942359805,0.014131071977317,0.0029972258489579,0.00730139343068,0.0018611402483657,-0.020270945504308,-0.003649033838883,-0.03113560192287,0.031280290335417,0.0049697789363563,0.031077546998858,0.027580209076405,-0.0087355319410563,0.014542866498232,0.029757851734757,0.02483088709414,0.026266910135746,-0.0094301998615265,0.026947982609272,-0.023295726627111,-0.0089961253106594,0.014180556870997,-0.030008416622877,-0.022400315850973,-0.0091842012479901,-0.0044963117688894,0.021392388269305,-0.008195674046874,0.00082391104660928,0.0002844292903319,-0.010508609935641,0.037156783044338,0.036602772772312,-0.015609133988619,-0.026183512061834,0.034040458500385,0.0038100965321064,-0.022328143939376,0.024211149662733,0.012980847619474,0.028001805767417,-0.022114498540759,-0.018295414745808,0.029975468292832,-0.024663222953677,-0.014655618928373,0.010437930002809,-0.02590005658567,0.015819715335965,-0.027506679296494,-0.010068788193166,-0.018422218039632,-0.0091887572780252,-0.028696957975626,-0.013945994898677,-0.012346906587481,-0.028250671923161,0.01047095656395,0.003743051784113,0.004329202696681,-0.016909670084715,0.0034084019716829,0.032171167433262,0.033409368246794,0.024199385195971,0.015134386718273,-0.015051545575261,0.0036368551664054,-0.026499008759856,-0.019897632300854,-0.013509402051568,-0.013724594376981,0.0029736913274974,0.018230952322483,0.014769144356251,3.2219268177869e-06,-0.018584609031677,-0.0088548110798001,0.016754658892751,0.014743825420737,-0.030842043459415,-0.014079995453358,0.028774227946997,-0.016043208539486,-0.0060665681958199,0.011075438000262,0.0086607942357659,0.028389619663358,0.0090819746255875,-0.02513038739562,0.012596349231899,-0.0039843269623816,0.018972715362906,0.020936693996191,-0.032464757561684,-0.034666240215302,0.023970350623131,-0.012241648510098,-0.017400117591023,-0.0054189199581742,0.0025394465774298,-0.015434946864843,0.010859164409339,-0.031262677162886,-0.011525051668286,-0.030564134940505,0.0019940149504691,-0.01554421056062,0.028733354061842,-0.035721961408854,0.0089374985545874,-0.0095083434134722,-0.020416894927621,-0.029397245496511,0.016713345423341,0.010286170989275,-0.017391227185726,0.027931688353419,-0.0035559977404773,-0.0071276542730629,-0.016916908323765,-0.0053041903302073,-0.019023528322577,-0.031837221235037,-0.025510046631098,-0.01244549266994,0.02388110011816,-0.0032010693103075,0.035584017634392,0.022359393537045,-0.030945437029004,0.0013388039078563,0.0034765736199915,0.040967632085085,0.0085060335695744,-0.013534057885408,-0.016580309718847,0.012518051080406,0.010420228354633,0.017167687416077,0.028054075315595,0.0003841899742838,0.014557655900717,0.018697014078498,0.031099382787943,0.023809654638171,-0.032331801950932,-0.028963908553123,-0.0018281799275428,0.0068519157357514,-0.0028744270093739,0.015489139594138,-0.038888830691576,-0.027099238708615,-0.012501630932093,-0.021110577508807,0.0025600828230381,0.032187260687351,-0.00079354614717886,0.032391685992479,-0.014515207149088,0.023735361173749,-0.030594296753407,-0.0095947775989771,0.033460795879364,0.017468189820647,0.030754510313272,-0.027935929596424,-0.01317295897752,0.032172922044992,-0.019826915115118,-0.0095746498554945,0.022786036133766,-0.0012152645504102,-0.013261801563203,-0.025527345016599,-0.00012749432062265,0.015495140105486,0.016640942543745,-0.027829086408019,0.025460885837674,-0.0089410683140159,-0.022945422679186,-0.032747250050306,-0.029134532436728,-0.023457836359739,0.029668480157852,0.014597358182073,0.0036457269452512,-0.029980549588799,0.025093305855989,0.016803842037916,0.01375347469002,0.02231084741652,0.02026710100472,-0.026735175400972,-0.029218649491668,0.026318728923798,-0.0088383220136166,-0.017524465918541,0.016364054754376,-0.013410513289273,0.031701203435659,-0.025455486029387,-0.032062593847513,0.0059749563224614,-0.027343915775418,0.032460372895002,-0.016012379899621,-0.0076518887653947,0.021260561421514,-0.0037357560358942,0.036772269755602,-0.0021005966700613,-0.015675505623221,0.014850741252303,-0.031851924955845,0.021664554253221,0.016544451937079,0.014253163710237,0.0059830811806023,0.010765406303108,-0.00062717322725803,0.0030859576072544,0.0052468278445303,-0.013845896348357,0.015918908640742,0.020077703520656,-0.036286342889071,0.027118345722556,-0.024295007809997,7.1991431468632e-05,0.0345224365592,0.0075578442774713,0.016196938231587,0.036410972476006,-0.0054025193676353,-0.0099675161764026,0.029617566615343,-0.029031483456492,0.033766116946936,-0.014672660268843,0.0037412322126329,0.0057073971256614,-0.0047741732560098,0.0072109359316528,0.033803526312113,0.018294636160135,-0.013552864082158,-0.023616665974259,0.034833636134863,0.0340312756598,0.0082741910591722,0.029926357790828,0.026789225637913,-0.0075602675788105,-0.035025756806135,-0.0013790116645396,-0.029570603743196,-0.026185378432274,-0.023110521957278,0.029147824272513,-0.028338918462396,0.026231318712234,0.031283430755138,0.025613233447075,0.029738668352365,0.0076803024858236,-0.00039540050784126,0.037189465016127,0.013089382089674,0.027498098090291,-0.014126187190413,-0.0012932908721268,-0.018566200509667,-0.0063697132281959,0.012943996116519,-0.014516753144562,0.0013757355045527,0.027728924527764,0.019107107073069,0.0036170505918562,0.02985668182373,-0.024611834436655,-0.0090376883745193,-0.036643128842115,-0.029246209189296,0.0025165069382638,-0.0059006651863456,0.0095107676461339,0.034687288105488,-0.017676493152976,0.011952478438616,0.0050176470540464,0.013353223912418,-0.028297152370214,-0.027357239276171,-0.026684680953622,-0.013705467805266,-0.014540552161634,0.017655238509178,0.026073087006807,-0.011027755215764,-0.022066416218877,-0.022977411746979,-0.030453538522124,0.027277743443847,0.019705649465322,0.024611074477434,-0.034611951559782,0.013307080604136,0.017207715660334,-0.0039102733135223,-0.035038486123085,-0.022478232160211,-0.031575616449118,0.03000988997519,0.028832856565714,-0.0019699246622622,-0.037091933190823,-0.034396193921566,-0.01644697599113,-0.007417369633913,-0.026340063661337,0.025460552424192,0.013532874174416,-0.0078751379624009,-0.0051892474293709,0.0032094002235681,-0.016014628112316,0.015365734696388,-0.036420833319426,0.0053247474133968,0.038209054619074,0.019011983647943,-0.010646884329617,0.015486892312765,0.020760368555784,0.011339544318616,-0.0049745468422771,-0.018213972449303,0.031837895512581,-0.004436083137989,-0.0050504840910435,-0.022531213238835,0.0061410591006279,-0.025736257433891,-0.0084026204422116,-0.026521435007453,-0.02110093832016,0.021304547786713,0.025386653840542,-0.0042703161016107,-0.016710797324777,0.011514271609485,0.027000421658158,-0.012559594586492,0.0185516923666,-0.012854633852839,-0.025427894666791,0.01276798453182,0.035953562706709,-0.019440751522779,-0.035521142184734,-0.0026221433654428,-0.020973866805434,0.018179900944233,-0.020115818828344,0.014607138931751,-0.034451488405466,-0.0318981744349,-0.036660484969616,-0.028597541153431,0.0053290436044335,-0.035887785255909,-0.011596562340856,-0.014621678739786,0.013656281866133,0.031722757965326,0.0077922740019858,-0.033250607550144,-0.0097752697765827,-0.00071970699355006,-0.010835794731975,0.023788221180439,0.036944337189198,0.0064325472339988,-0.0072248964570463,-0.022941837087274,0.015969503670931,0.0087231146171689,0.024745605885983,0.0030881951097399,0.0041883606463671,0.0017205581534654,0.030982388183475,0.0056304140016437,-0.0043268753215671,0.013935116119683,0.010944678448141,-0.0016367608914152,0.0051300413906574,0.021090911701322,0.026059364899993,-0.034712448716164,-0.016244348138571,0.013772047124803,-9.8263764812145e-05,-0.0055649895220995,-0.029917085543275,-0.016525968909264,0.010795521549881,-0.010803078301251,-0.0091167902573943,0.00087954971240833,0.0022739348933101,-0.0061412425711751,-0.0042178058065474,-0.015349641442299,0.031165285035968,0.0054920976981521,-0.016084669157863,-0.031579464673996,0.031094644218683,0.035382695496082,0.014144979417324,-0.031632568687201,0.022081810981035,-0.00052240112563595,-0.037510734051466,-0.0034345327876508,-0.025314467027783,0.015820102766156,0.019594378769398,-0.00031568264239468,-0.013675056397915,0.018589092418551,0.0005832688184455,-0.016193125396967,-0.036320127546787,0.026066470891237,0.0028635072521865,-0.019896989688277,0.0052716252394021,0.03917271643877,0.011072274297476,0.032670132815838,-0.015877746045589,0.024962386116385,-0.0064824298024178,0.033883914351463,0.017858777195215,-0.0033289745915681,0.0054823257960379,-0.033441640436649,0.0076046334579587,0.028312252834439,-0.019954586401582,-0.017548773437738,0.013275320641696,-0.022542519494891,-0.029018046334386,0.011705650947988,0.0016059544868767,-0.027860138565302,0.030560424551368,0.021006079390645,0.014834702014923,0.010284543037415,-0.021092882379889,0.032761856913567,-0.023452019318938,0.023064132779837,-0.013287420384586,0.0165860876441,0.027969134971499,-0.013272572308779,-0.032326109707355,-0.0077018775045872,-0.036920245736837,-0.015986116603017,0.0020266231149435,-0.026877749711275,0.049674738198519,-0.027622247114778,-0.011880548670888,-0.032420385628939,0.013562552630901,0.015138910152018,-0.027230650186539,-0.020534560084343,0.012102235108614,0.018651200458407,-0.0035403326619416,-0.036704480648041,-0.0074523850344121,0.0076310005970299,-0.016993625089526,-0.00047734429244883,-0.035762004554272,0.03288896754384,0.017489520832896,-0.022232882678509,-0.015291919931769,0.0095159634947777,-0.015085494145751,-0.039080694317818,-0.035520549863577,-0.028428142890334,0.036249794065952,-0.0089216399937868,0.028562374413013,0.0082334317266941,-0.030031800270081,0.028611160814762,0.015953747555614,-0.017433071509004,0.017799707129598,-0.012448244728148,-0.0053316950798035,0.0035509294830263,-0.010871084406972,0.025643829256296,0.0006090848473832,-0.027500303462148,0.023698255419731,0.0340272821486,-0.032461572438478,0.023698940873146,0.014466535300016,-0.03754161670804,-0.0085649276152253,0.0055773952044547,0.0049726013094187,0.027116550132632,0.02899375371635,-0.0099631482735276,0.0085186511278152,0.012977443635464,0.022509001195431,0.0096901962533593,0.025967357680202,-0.025035841390491,-0.017504801973701,0.020038912072778,-0.022454176098108,0.010412066243589,-0.037360191345215,0.010513471439481,-0.012817313894629,-0.038554131984711,-0.011645140126348,0.018971499055624,0.0048185298219323,0.032047014683485,-0.030696583911777,-0.033615186810493,-0.015647880733013,-0.022172154858708,-0.033965826034546,-0.0031521653290838,-0.00036034834920429,0.019311698153615,0.017666710540652,0.0079484926536679,0.033683281391859,-0.035586997866631,-0.00063041201792657,-0.019982978701591,-0.021639546379447,0.024606630206108,-0.026880908757448,-0.031075378879905,-0.018161112442613,0.0025016772560775,-0.028079183772206,-0.0017848777351901,0.016105884686112,0.02155402302742,0.016556944698095,0.027295401319861,0.034316774457693,-0.010655475780368,-0.0078738862648606,0.031880937516689,0.028850838541985,-0.024856196716428,0.016131980344653,-0.0095816496759653,-0.036322146654129,-0.026917953044176,-0.016022875905037,-0.0025453791022301,0.0070600225590169,0.0005964832380414,-0.029814140871167,0.0015237643383443,-0.0072595276869833,-0.0010319646680728,-0.024416759610176,-0.005953723564744,0.016624959185719,-0.026663318276405,0.024938119575381,0.0015687218401581,0.033878874033689,0.035620473325253,0.017033806070685,-0.028784329071641,-0.033795837312937,-0.013562164269388,0.026568580418825,0.02423444762826,0.018899483606219,-0.012967647984624,0.027327941730618,-0.021793030202389,0.0019608016591519,0.0069122281856835,-0.010202722623944,-0.020084388554096,0.031315166503191,0.0046876580454409,-0.0099554676562548,0.024424904957414,0.033181942999363,0.032089773565531,-0.02467992529273,0.0040724463760853,0.012109230272472,-0.025250630453229,0.018424453213811,-0.032972998917103,-0.026931818574667,0.037598166614771,-0.011014459654689,-0.02420537173748,-0.020292794331908,-0.034280639141798,0.031456682831049,-0.017669642344117,-0.029843844473362,-0.032097540795803,0.037093985825777,-0.0044327285140753,-0.028761437162757,-0.012366080656648,-0.026397773995996,-0.017041618004441,0.025770805776119,-0.013921024277806,0.0086803641170263,-0.0068635628558695,0.0078429775312543,-0.026185305789113,-0.0099805360659957,0.041969865560532,0.025390684604645,-0.0029388121329248,0.003077884670347,0.015020424500108,-0.025030447170138,0.010311094112694,0.027049457654357,-0.03077501244843,0.005684319883585,-0.025597704574466,-0.015777723863721,-0.025686625391245,0.0050388369709253,0.0063456096686423,0.011832363903522,-0.0006094733835198,0.020822204649448,-0.013287561014295,-0.013269382528961,0.0045313499867916,0.028540011495352,-0.006972202565521,0.01779024489224,0.0051546208560467,0.0098194135352969,-0.018563527613878,-0.025087842717767,-0.017867958173156,0.016862692311406,-0.015359652228653,0.0073968078941107,0.018301799893379,-0.0082204062491655,-0.012680319137871,-0.0084830764681101,-0.009624763391912,0.025952808558941,0.021574215963483,-0.015388311818242,-0.018615074455738,0.014045630581677,0.040091063827276,-0.046077240258455,-0.0064428462646902,-0.0069253188557923,0.018052538856864,0.0092907920479774,-0.012118449434638,-0.037404015660286,-0.034807693213224,-0.0043994495645165,0.024566059932113,-0.001688644872047,-0.033643830567598,-0.035858362913132,-0.0054158214479685,-0.032876618206501,-0.02817302569747,-0.0099067483097315,-0.013862257823348,0.033171936869621,0.023614583536983,0.019261574372649,0.0079576978459954,-0.024740120396018,-0.0027546894270927,-0.040362887084484,0.013993298634887,0.0022484178189188,-0.012164406478405,0.037343569099903,0.02280648984015,-0.0099502233788371,-0.023634953424335,0.023111384361982,-0.036807741969824,0.031733278185129,0.0050042360089719,0.015953987836838,-0.040561106055975,-0.016190771013498,0.011638173833489,-0.03800181671977,-0.03633140027523,0.015220005996525,-0.034770254045725,0.031566400080919,0.017810292541981,0.0014286475488916,0.00058083957992494,0.0098198903724551,-0.010669589973986,0.032169256359339,-0.0021499386057258,-0.025387123227119,0.032078344374895,-0.0067433165386319,0.0040353750810027,0.031901303678751,0.03202249109745,-0.040647525340319,0.014537110924721,0.0074481330811977,0.020825726911426,0.02505617775023,-0.033375542610884,-0.00018224160885438,-0.019370406866074,0.009235791862011,0.022452456876636,0.020807553082705,0.027628118172288,-0.027651630342007,0.010646952316165,0.025158869102597,-0.033714067190886,0.0033155984710902,0.028523394837976,-0.0044308141805232,-0.014777019619942,-0.017503939568996,0.0009577241144143,-0.012853771448135,0.034563653171062,-0.030775349587202,0.029582906514406,-0.016542490571737,0.013435076922178,-0.010856785811484,0.0058306297287345,-0.0043167416006327,0.021283522248268,0.012511002831161,0.0029440205544233,-0.012757884338498,-0.029941860586405,0.0053858803585172,0.03429576382041,0.011708874255419,-0.031482372432947,-0.035045742988586,-0.032024662941694,0.0089169414713979,-0.021989375352859,0.032661717385054,-0.0023666927590966,0.005773926153779,0.037627276033163,0.017162589356303,0.013981086201966,-0.0043600988574326,0.034566007554531,0.015450237318873,0.0084738992154598,0.017989447340369,-0.0095228776335716,0.018146730959415,-0.022635266184807,-0.0030343432445079,-0.01640503667295,-0.00041568026063032,0.020266173407435,-0.0077178501524031,-0.0012783703859895,0.0098446318879724,-0.032519817352295,0.015012026764452,0.034779537469149,-0.022139646112919,-0.02607536315918,0.013467218726873,-0.001478869933635,0.037330262362957,0.01930926181376,0.021056085824966,0.015777222812176,0.020913129672408,-0.022702787071466,-0.0077702165581286,0.014207690954208,0.0032619242556393,-0.022650580853224,0.041293561458588,0.0015600960468873,-0.038690734654665,-0.033795010298491,0.030136670917273,0.028918506577611,-0.030730517581105,0.01905557885766,-0.0028780503198504,0.029102658852935,-0.011816477403045,-0.017956390976906,0.035713609308004,0.022648900747299,0.025928752496839,-0.00073157763108611,-0.0064861942082644,-0.034036740660667,-0.037032976746559,-0.0033071532379836,-0.0098150111734867,0.025892304256558,0.023767555132508,-0.02200928516686,0.036391075700521,-0.0075211352668703,0.023605423048139,-0.014081641100347,0.015655662864447,0.027845455333591,0.013573525473475,-0.030365452170372,0.0085620786994696,-0.03831310197711,-0.0046378397382796,0.029444482177496,0.022829191759229,-0.0339135825634,-0.018241155892611,0.00051272049313411,-0.01015658210963,0.033411167562008,0.027401363477111,-0.037869028747082,-0.03724056109786,0.023971812799573,0.0018282926175743,-0.025728926062584,-0.028485659509897,0.0040631876327097,-0.023213990032673,-0.020211137831211,-0.035280417650938,-0.023605266585946,-0.0039924122393131,-0.021796505898237,-0.024051707237959,0.029153052717447,0.0027074641548097,0.0071273287758231,-0.032630708068609,0.036706108599901,0.01998320966959,0.015066203661263,0.013708626851439,0.012495663948357,0.035918392241001,0.0030277713667601,-0.0075688846409321,-0.020286157727242,0.025884430855513,0.01728375069797,-0.012426978908479,-0.023776827380061,0.012162602506578,0.018734555691481,-0.035992980003357,-0.030548606067896,0.022443043068051,0.0096490625292063,-0.012697086669505,0.031350508332253,-0.042221274226904,0.015726501122117,0.015594014897943,0.015314531512558,0.035341452807188,-0.024419542402029,-0.036058943718672,-0.021445104852319,0.012483355589211,-0.027081971988082,0.01143572665751,-0.020230548456311,0.0096754832193255,-0.015622040256858,0.027421230450273,-0.02450643107295,0.012360694818199,-0.0073236231692135,-0.0293283239007,-0.043394241482019,0.021328678354621,-0.011110601946712,0.002232322935015,-0.0085107134655118,-0.015315868891776,0.024278949946165,0.013620427809656,-0.0086834458634257,0.027083249762654,-0.01418299227953,-0.031500574201345,-0.01297748927027,-0.021116094663739,0.0056735295802355,0.011881574057043,0.032610818743706,-0.014541923068464,-0.012486046180129,0.038555718958378,0.023495418950915,-0.0009703328832984,0.015116330236197,-0.036394599825144,-0.019227720797062,0.0037208094727248,-0.01352174859494,0.043035600334406,0.022923899814487,-0.015045774169266,-0.028123661875725,0.00399199873209,-0.0047354209236801,-0.028309317305684,0.01823215931654,0.043888323009014,-0.0077349208295345,0.017801666632295,-0.017364351078868,-0.0069471714086831,0.03266666829586,0.016952497884631,0.0110003342852,0.035721100866795,0.00078753725392744,-0.017009442672133,-0.012456654570997,-0.019964084029198,0.0049560111947358,0.0074716103263199,0.030005654320121,-0.031579416245222,-0.033654432743788,-0.013275498524308,0.021673783659935,0.024201860651374,0.014719020575285,-0.0013751452788711,0.031506691128016,0.040194690227509,0.023812210187316,-0.025604285299778,-0.038636811077595,-0.013446070253849,-0.017011903226376,-0.027794433757663,0.036572366952896,-0.015591892413795,-0.044158574193716,-0.009431155398488,0.031373780220747,-0.020905639976263,0.02512015402317,-0.042842097580433,0.017034012824297,0.030024286359549,0.010367540642619,-0.030649449676275,-0.016869112849236,-0.010695707052946,-0.024819266051054,-0.032292816787958,-0.03998114913702,0.027544299140573,-0.0063497442752123,0.02641749382019,-0.034602079540491,0.0020233348477632,0.032625313848257,-0.014424802735448,0.0078193563967943,0.034334860742092,0.020724821835756,0.0041586025618017,-0.034826096147299,0.017741326242685,-0.016325602307916,0.0004130870802328,0.010116178542376,0.012016066350043,0.00046100816689432,0.023275591433048,0.023032480850816,-0.0035816449671984,-0.033858649432659,-0.016030311584473,0.01517341285944,0.034536816179752,0.034873019903898,0.010608252137899,-0.0005534328520298,-0.034854412078857,0.034630235284567,0.028834158554673,0.025953873991966,0.016287047415972,0.02728814817965,-0.044270265847445,0.016283633187413,0.001671232515946,0.0082900067791343,0.024571530520916,0.031198648735881,0.0026612018700689,0.034968852996826,-0.0034352855291218,-0.0091362409293652,-0.0020653065294027,-0.017078530043364,-0.014320868998766,0.034337595105171,0.010080391541123,-0.022334357723594,-0.014393538236618,0.017275772988796,-0.0036861710250378,0.001464786590077,0.02283706702292,-0.022808641195297,0.060672853142023,-0.029640411958098,0.014140367507935,0.013196026906371,0.0075115775689483,0.032116442918777,0.061346936970949,0.035881899297237,0.016580313444138,-0.021412694826722,0.0005497676320374,0.00010953330638586,0.027992447838187,-0.019140589982271,0.015697168186307,-0.032212007790804,-0.016963627189398,0.0068990499712527,-0.019945982843637,0.0023275564890355,-0.035035610198975,0.00079894036753103,-0.018462408334017,0.0026359320618212,-0.0069189122878015,0.03312261775136,-0.0050336373969913,-0.022158263251185,0.00179695233237,0.038962576538324,0.040650133043528,0.036371849477291,-0.022927142679691,0.005940361879766,-0.0046103615313768,0.012460743077099,0.0010748311178759,-0.014571946114302,-0.031092967838049,-0.013432586565614,0.036579631268978,-0.02773130312562,-0.006146639585495,-0.0036035252269357,0.0077293533831835,0.019004935398698,0.016538066789508,-0.032089684158564,0.0019899010658264,-0.021389540284872,0.026473795995116,0.027325663715601,-0.0045349439606071,0.036062937229872,-0.0098488861694932,0.002078449819237,0.032880548387766,0.020457275211811,0.0066205323673785,0.014382858760655,0.033739849925041,-0.023557348176837,0.040989153087139,0.027028104290366,-0.02625404112041,-0.016978420317173,-0.0045706969685853,0.020293617621064,0.013873185031116,0.0056736818514764,-0.015873666852713,-0.018481271341443,0.028782397508621,0.032066863030195,-0.017824601382017,0.01463757827878,-0.0081152999773622,0.032755769789219,-0.0069061787799001,-0.016221862286329,0.0021996251307428,7.4862291512545e-05,0.0089422278106213,-0.0033176285214722,0.00015934734256007,-0.016348544508219,0.0095574352890253,0.020615806803107,-0.012150176800787,0.010562544688582,-0.00056795356795192,0.020763155072927,0.024740070104599,0.012423396110535,0.0060007739812136,0.015637861564755,0.036677103489637,0.0044044144451618,-0.024047669023275,0.020206652581692,-0.012491378933191,0.013192125596106,-0.019704770296812,-0.024315353482962,-0.0067285345867276,0.023597089573741,0.026209862902761,0.055855672806501,0.024726264178753,-0.021737115457654,-0.0020535835064948,-0.0049867900088429,0.0088043436408043,-0.019800959154963,-0.0098455278202891,0.024115327745676,0.029245620593429,0.0028629067819566,0.0096402810886502,-0.016374722123146,0.010836164467037,-0.016187587752938,0.055229999125004,-0.0027828449383378,0.012620443478227,-0.00010136302444153,-0.010460736230016,-0.044435616582632,0.020453011617064,-0.032982971519232,-0.04417972266674,-0.0087806927040219,-0.028922563418746,0.0034782304428518,-0.030682165175676,-0.028621485456824,0.020380519330502,0.0021567065268755,0.028765266761184,0.030729541555047,0.0029078735969961,-0.037258476018906,-0.026641028001904,0.023863852024078,0.0037180904764682,-0.00066707574296743,-0.014729964546859,0.016826258972287,-0.020536735653877,0.024121589958668,-0.030477462336421,-0.018090598285198,0.0031855676788837,0.018618090078235,0.029652539640665,0.031930033117533,0.0063879634253681,0.020236931741238,0.01578963175416,0.02409453317523,0.0016205018619075,-0.01697857119143,-0.019324002787471,0.027739822864532,-0.018898947164416,0.0003059871669393,-0.026175310835242,-0.0096047641709447,0.045254446566105,-0.022156298160553,0.026750715449452,-0.029046759009361,0.0088903158903122,0.03089957870543,0.015658281743526,-0.03179432824254,-0.0040545794181526,0.035180136561394,-0.013813488185406,-0.025045221671462,-0.0087994113564491,0.006494028493762,0.0077482797205448,-0.00046247252612375,-0.015353979542851,-0.021358367055655,-0.004475983325392,-0.034575995057821,0.019024075940251,0.027417192235589,0.0060362033545971,0.020064996555448,-0.028450032696128,0.029598386958241,0.00077435979619622,-0.025795251131058,0.019015522673726,-0.016068218275905,-0.017180548980832,0.037078317254782,-0.025593798607588,-0.0080235907807946,-0.014406437985599,0.030536450445652,-0.011616749688983,0.010137686505914,0.031771916896105,-0.014431574381888,-0.014846417121589,-0.0045192483812571,-0.0083276210352778,-0.0097880279645324,-0.0066566555760801,-0.022947326302528,0.0058772363699973,-0.0062431446276605,0.03766130656004,-0.030192919075489,0.040344797074795,-0.028174204751849,-0.0068863308988512,0.009243025444448,-0.0067381262779236,-0.014221190474927,-0.015491572208703,-0.035305336117744,0.0044798236340284,0.013738141395152,-0.026346808299422,0.0058209453709424,0.018690535798669,-0.031691301614046,0.0083855492994189,-0.0015516467392445,0.034047767519951,0.015275371260941,0.049029197543859,0.023234181106091,0.009652684442699,-0.006222577765584,-0.012765551917255,0.043781612068415,0.032210063189268,-0.016916556283832,-0.0061988621018827,0.03022432141006,-0.024862146005034,-0.034516554325819,0.042576689273119,0.020784575492144,0.02147856540978,-0.006470242049545,-0.013235347345471,-0.012353881262243,0.0033129984512925,-0.022103292867541,0.026209296658635,0.009011322632432,-0.034643854945898,0.01987667940557,0.0041448553092778,0.013202551752329,0.034027028828859,0.013924062252045,0.026306686922908,-0.012432503513992,-0.0024640606716275,0.028788583353162,-0.0036308881826699,-0.021277695894241,0.048795849084854,-0.0020205052569509,0.010210625827312,-0.0055818338878453,0.0054123569279909,0.047724418342113,0.031452637165785,0.026325404644012,0.031124643981457,-0.023091150447726,0.036933362483978,-0.0085921017453074,0.037572864443064,-0.009105040691793,-0.020231856033206,-0.022953845560551,-0.012120017781854,0.015508139505982,0.052307516336441,0.0055900136940181,0.013172331266105,0.041810967028141,0.031053939834237,0.019195964559913,-0.016557807102799,-0.032482761889696,-0.007691876962781,-0.012614123523235,-0.020726637914777,0.016398496925831,0.015338292345405,-0.015979893505573,-0.0019801901653409,0.01944531314075,-0.022003898397088,0.00083609099965543,-0.040308639407158,-0.014629373326898,-0.036115869879723,-0.0093650342896581,0.017031293362379,0.001768164918758,-0.033745102584362,0.0057548945769668,-0.00077390356454998,-0.0096113244071603,-0.040336262434721,-0.023723762482405,0.026096446439624,0.029416980221868,-0.015333222225308,0.0096576949581504,-0.0062263505533338,0.023465141654015,0.051274668425322,-0.0080180177465081,0.032629352062941,-0.021753549575806,-0.011091611348093,0.0061344495043159,-0.02102142572403,0.01927262544632,-0.016254903748631,0.0074663241393864,-0.030494417995214,0.025166289880872,-0.0074538704939187,0.00060504471184686,0.025586485862732,-0.033688649535179,0.0079445345327258,-0.027448503300548,-0.023905595764518,0.042783599346876,-0.0025963478256017,-0.0078980308026075,-0.029465671628714,-0.0020738255698234,0.0093431724235415,-0.029928628355265,0.011731892824173,0.014281042851508,0.0014531575143337,0.0019390126690269,0.024850064888597,-0.041207689791918,0.0081748478114605,-0.033024817705154,-0.019812406972051,-0.023810310289264,-0.026183295994997,-0.02776113525033,-0.011707315221429,0.00056362239411101,-0.0028294490184635,0.011621499434114,-0.01357433013618,-0.023386249318719,0.024834599345922,0.031024565920234,0.034102883189917,-0.0035627093166113,0.03034558147192,-0.020064869895577,0.02605015039444,-0.027366384863853,-0.007550650741905,-0.031792894005775,0.023599583655596,0.013399085961282,0.0091140940785408,0.020327469334006,-0.033288225531578,0.0083806086331606,-0.022438913583755,0.005510400980711,0.019102254882455,-0.029855189844966,-0.004628989379853,0.025806853547692,0.016135038807988,0.017886562272906,-0.03607115894556,0.018100535497069,0.031016018241644,-0.029994413256645,0.02960742264986,0.015585340559483,-6.105046486482e-05,-0.0069121872074902,-0.013039441779256,-0.025659101083875,-0.034949965775013,-0.032739590853453,-0.0041375560685992,-0.0017109573818743,0.02716277167201,0.033563312143087,0.033010132610798,-0.01719862036407,-0.022661158815026,0.018440769985318,-0.012024586088955,0.025270508602262,-0.0037976747844368,0.01973001845181,0.032079137861729,-0.017292434349656,0.035207375884056,-0.0081829763948917,-0.041100539267063,0.024390717968345,-0.034451991319656,0.00045336480252445,-0.019516905769706,-0.030944244936109,-0.012327330186963,0.027155693620443,0.0097232274711132,0.0085740471258759,0.01034624222666,-0.030065570026636,0.011661809869111,-0.008321275934577,0.039243794977665,-0.014005161821842,-0.026666844263673,-0.011012066155672,0.030997760593891,-0.0052850898355246,0.022708093747497,-0.0001302992895944,-0.025177283212543,0.0039369300939143,0.017460053786635,0.013503109104931,0.03773982077837,0.0078275753185153,-0.03913089632988,-0.00060578086413443,-0.036344673484564,-0.0043714218772948,-0.037659149616957,0.0096789430826902,-0.012700063176453,0.0046536871232092,-0.00090352422557771,-5.2750619943254e-06,-0.022121174260974,0.0064234086312354,0.034046795219183,-0.028080657124519,0.017921786755323,0.0094208065420389,0.0060399454087019,-0.017003355547786,0.0019523976370692,0.0046036089770496,-0.032744664698839,-0.02876827865839,-0.021545818075538,-0.0014400812797248,-0.016463991254568,-0.015203868038952,-0.012871635146439,-0.019496124237776,-0.010900743305683,-0.028852606192231,0.017679382115602,0.01007223315537,0.023966738954186,-0.0081339254975319,-0.008698420599103,0.0045245257206261,-0.013669577427208,0.028668239712715,0.016578491777182,-0.035653818398714,0.0022613797336817,-0.020309096202254,0.024457577615976,-0.0044629229232669,-0.033701207488775,-0.024646019563079,-0.029851634055376,-0.010075252503157,0.013928756117821,-0.0062999506480992,0.017476929351687,-0.0071424413472414,0.030191443860531,0.0011542204301804,-0.018082708120346,0.020580027252436,-0.032433241605759,0.013525825925171,0.028628522530198,-0.022797791287303,-0.017476733773947,-0.0085051851347089,-0.010214103385806,0.017971152439713,-0.012619005516171,-0.029202880337834,0.021872442215681,-0.029000926762819,-0.013166531920433,0.033503718674183,-0.032181039452553,0.032597385346889,0.015164458192885,0.0087516438215971,-0.026005947962403,-0.02179879322648,0.0006108513334766,-0.0032470058649778,0.00069943827111274,0.0060863057151437,0.027887657284737,0.019218593835831,-0.034532841295004,0.02064904756844,0.0085974372923374,0.013027539476752,0.022017976269126,0.01502785179764,-0.032580833882093,0.010447255335748,-0.009186040610075,0.028765907511115,-0.026316676288843,0.038900006562471,-0.036302983760834,0.0092648044228554,-0.042630966752768,-0.017042560502887,0.017468184232712,0.025527108460665,0.032454568892717,0.035463739186525,0.010380041785538,-0.023594735190272,0.0080166468396783,-0.0081726657226682,-0.031430877745152,-0.014278937131166,-0.0046543478965759,-0.0062797996215522,0.0096857389435172,0.028066968545318,0.023275369778275,0.034351654350758,-0.0044803498312831,0.035300251096487,-0.00061987573280931,0.0080699343234301,0.010039735585451,-0.018901998177171,-0.0029937378130853,-0.0042914673686028,-0.030296491459012,-0.031412970274687,0.029031358659267,-0.024075385183096,0.016307668760419,-0.024961706250906,0.017166990786791,0.00096380297327414,-0.016465105116367,-0.015301565639675,-0.013184458017349,-0.032464347779751,-0.0062051666900516,-0.013554448261857,-0.016770850867033,0.001556493807584,0.0060346960090101,-0.027834989130497,-0.00463778199628,0.027241425588727,0.011328275315464,0.023902015760541,0.013914717361331,0.025326931849122,0.003123480360955,0.022761994972825,0.032577145844698,-0.016328446567059,-0.0074797696433961,0.031684439629316,0.034539237618446,0.020048974081874,-0.0032001584768295,-0.032378565520048,-0.0057892552576959,0.022833550348878,-0.01861996203661,-0.030486233532429,-0.026325177401304,0.031337384134531,-0.0021853216458112,-0.0014203834580258,-0.0078495899215341,0.015402236953378,9.4115042884368e-05,-0.0047969920560718,0.031013306230307,-0.014485698193312,0.018208494409919,0.031919684261084,0.013196752406657,-0.021531075239182,-0.012905851006508,-0.0047606728039682,0.022913107648492,0.03022831492126,-0.029091823846102,0.017418453469872,0.024551125243306,0.027028923854232,0.009391687810421,-0.01694150082767,-0.031299527734518,0.0014356441097334,-0.0024176170118153,0.01658028550446,-0.018840247765183,-0.020520215854049,-0.031604044139385,0.024508655071259,0.008038816973567,0.015287103131413,0.013659756630659,-0.014717303216457,-0.02196660451591,0.018614180386066,0.024631850421429,0.0039749001152813,0.014959598891437,0.018748592585325,0.012554247863591,0.015655431896448,0.0097511801868677,-0.028920689597726,-0.014766523614526,-0.011210289783776,-0.015414715744555,-0.0078782420605421,0.024826023727655,-0.0027818507514894,0.0047455620951951,0.018695514649153,0.019049821421504,0.028763698413968,-0.020148828625679,0.0093751205131412,-0.028514195233583,0.0050792270340025,0.0094500845298171,0.016759416088462,-0.029608646407723,0.001488184905611,0.0018705483525991,-0.033826813101768,0.0077010644599795,0.013323803432286,-0.0065208585001528,0.0061038606800139,-0.015591856092215,0.0014202672755346,-0.03286262601614,0.016663612797856,-0.025562005117536,-0.029802873730659,0.034040313214064,-0.0058495872654021,-0.0093849077820778,-0.012786693871021,0.0034381691366434,0.036646537482738,0.0078264037147164,-0.016040047630668,0.00021768480655737,0.028693592175841,0.031930115073919,0.033765584230423,0.013425689190626,-0.0087059997022152,-0.0062876511365175,-0.016006784513593,0.00026117690140381,-0.036611653864384,0.020326483994722,-0.018065491691232,-0.01425486151129,0.034690361469984,-0.0023449738509953,0.021470375359058,0.034624114632607,0.034809909760952,-0.030349662527442,0.02939061075449,-0.0030068997293711,-0.029499910771847,-0.041982866823673,0.0033320456277579,0.0038247681222856,-0.034424111247063,0.020517248660326,0.0013282300205901,-0.017584946006536,-0.02674063667655,-0.01683821156621,0.011547912843525,-0.026337005198002,0.015861015766859,0.012376113794744,0.0043227104470134,-0.01682073622942,0.028385093435645,-0.018467653542757,0.0055452086962759,-0.039241828024387,-0.025671044364572,0.028628451749682,-0.014551087282598,-0.0079690366983414,0.0012934056576341,-0.0097663765773177,0.012957585044205,0.0042124316096306,-0.005259427241981,-0.01849265769124,-0.03344738483429,-0.014372088015079,0.033951178193092,-0.0071929735131562,-0.032582841813564,-0.0090708117932081,-0.027089186012745,-0.031052101403475,0.023411856964231,-0.010119877755642,-0.039797198027372,0.026266621425748,-0.029829135164618,-0.039837930351496,-0.014167949557304,0.0082534579560161,0.00096909352578223,0.01017028465867,0.0028340353164822,-0.027590855956078,0.021596370264888,0.031923048198223,0.0042389621958137,-0.018040604889393,-0.023775774985552,0.029242603108287,0.024616945534945,-0.032297726720572,0.018905324861407,0.023935362696648,0.0034832938108593,0.029108911752701,-0.0055553861893713,-0.023896280676126,-0.0022510120179504,0.036411073058844,-0.020751513540745,0.00051277136662975,-0.0098710134625435,0.033065028488636,0.012925393879414,0.01968458853662,-0.0028486680239439,-0.048363514244556,0.01966011710465,-0.029969245195389,0.027519213035703,0.028029788285494,0.0034311644267291,-0.030852511525154,0.027893843129277,0.016277881339192,-0.003856104798615,-0.024332905188203,0.012508740648627,-0.012859149836004,0.011808183044195,0.0040844324976206,0.0081206634640694,-0.01653672195971,-0.026061818003654,0.0077439257875085,-0.0043289149180055,-0.015739170834422,0.039513804018497,0.021364990621805,-0.033010881394148,-0.019168067723513,0.0041871671564877,-0.02673852071166,0.0018027428304777,-0.033649813383818,0.030100645497441,-0.023304723203182,0.019817870110273,-0.014305230230093,-0.013426140882075,0.034400224685669,0.0018130838871002,0.017010264098644,-0.00037265967694111,-0.01757431961596,0.00037253901246004,-0.045189753174782,0.018289551138878,-0.017744755372405,-0.018747286871076,-0.035799007862806,0.010944426059723,-0.032119754701853,-0.036589521914721,0.012499895878136,-0.029320346191525,-0.017739852890372,-0.027490364387631,0.0061085377819836,-0.03876593336463,-0.040025055408478,0.0081189069896936,0.018584486097097,0.015524024143815,0.01615671813488,-0.012675744481385,-0.022372769191861,0.016167193651199,-0.032444890588522,-0.026304434984922,0.036815546452999,0.00062339840224013,-0.0049911187961698,-0.031675476580858,-0.046369757503271,-0.0077672516927123,-0.003549279179424,-0.037535466253757,0.039919070899487,0.0042801424860954,0.037543125450611,-0.027445442974567,0.027586618438363,0.025254014879465,-0.0099352141842246,0.031581606715918,0.01340423244983,-0.039008464664221,-0.017038898542523,-0.02474707365036,0.014334731735289,0.03053848259151,0.013203976675868,0.029770560562611,0.018860636278987,0.036270767450333,-0.024128876626492,0.019388925284147,0.0096813263371587,0.003696552477777,0.008463709615171,-0.032049998641014,-0.019849207252264,-0.018853668123484,0.0039102374576032,-0.029278272762895,-0.024289984256029,0.014331487007439,0.013958711177111,-0.026081599295139,-0.0050463397055864,-0.030175719410181,0.017102770507336,-0.004924566950649,0.019603881984949,0.026909528300166,-0.039531644433737,-0.022476827725768,0.00062995310872793,0.02808466181159,0.011721250601113,0.031414907425642,-0.022571105509996,0.012436562217772,-0.026870768517256,0.02378030307591,0.013184087350965,-0.0012988417875022,0.011675572954118,-0.0082035539671779,-0.02458556368947,-0.026875736191869,-0.039432916790247,0.012388692237437,-0.010170664638281,0.013760461471975,0.02810731343925,0.023164186626673,0.00079793081386015,-0.013637995347381,-0.0081758080050349,-0.00067395705264062,-0.0030781461391598,0.028911802917719,0.024538438767195,0.0055168345570564,0.002665838226676,0.013982948847115,-0.016115628182888,-0.008774065412581,-0.0083142668008804,0.008897440508008,-0.024826537817717,-0.03293028101325,0.032093558460474,-0.010955180041492,-0.0094924913719296,0.031684260815382,-0.0081215770915151,0.017983615398407,0.030305104330182,-0.022128075361252,0.0066744955256581,0.00085350958397612,-0.012524134479463,-0.0050256652757525,-0.021717136725783,0.0096431914716959,-0.029828848317266,0.022183116525412,0.019665520638227,0.029429074376822,0.017223540693521,-0.0075304238125682,-0.034863203763962,0.020312981680036,-0.01084064040333,0.033218670636415,-0.035880845040083,-0.027585135772824,-0.024201253429055,0.0047660465352237,-0.033944077789783,-0.032591614872217,0.013238545507193,-0.00098542543128133,0.020122572779655,-0.01131315343082,-0.014018757268786,-0.0057293018326163,0.021049473434687,0.031865447759628,-0.042671706527472,0.017028538510203,-0.03303212672472,0.029955677688122,-0.0030943679157645,-0.045212440192699,0.032736122608185,0.035031482577324,-0.012041327543557,-0.0088104261085391,-0.010566809214652,0.021716004237533,-0.0048737046308815,0.02819100394845,0.0088943690061569,-0.0081718619912863,-0.010992917232215,0.029344413429499,-0.0070050526410341,0.035673338919878,0.0085097700357437,-0.024259218946099,-0.027060644701123,-0.0015352430054918,0.036928184330463,0.02153192460537,-0.015257528051734,-0.0030732084996998,0.014579796232283,-0.0084854625165462,-0.0079175746068358,0.033577837049961,0.0048821144737303,0.032851703464985,-0.029914105311036,-0.033488851040602,0.0072943745180964,-0.028514223173261,0.0072171264328063,-0.010702818632126,0.013664900325239,-0.03831584379077,0.019179930910468,0.020561745390296,-0.028200665488839,-0.024334069341421,0.021668650209904,0.0058638737536967,-0.016416853293777,-0.010918625630438,0.0035732320975512,-0.033453620970249,-0.015221162699163,-0.034735910594463,-0.034188345074654,0.033487312495708,0.034453187137842,0.024681083858013,-0.0047244252637029,0.024317482486367,0.023677755147219,-0.02548286318779,-0.033775016665459,0.010283382609487,0.0027361866086721,-0.00066883221734315,-0.025849130004644,-0.014337547123432,0.018937837332487,-0.0067251021973789,0.0066151055507362,-0.012525507248938,0.0067118005827069,-0.027770014479756,0.028575658798218,0.0038302834145725,-0.0087029160931706,0.0013904622755945,0.0038833427242935,0.0023554754443467,0.0012854977976531,-0.024578362703323,0.0054115364328027,-0.020751539617777,0.0037744955625385,0.031310170888901,-0.015828428789973,0.017384482547641,-0.013641767203808,0.035523265600204,-0.022671362385154,0.024302586913109,-0.020816126838326,-0.035340443253517,0.013920238241553,-0.0037722615525126,0.0045446567237377,0.031219920143485,0.026122707873583,-0.0095424000173807,0.0052650789730251,0.0043815597891808,0.02571102231741,-0.023513594642282,0.010635406710207,0.035469077527523,0.038709092885256,0.026343565434217,0.0268470402807,-0.040513854473829,-0.015974324196577,-0.017829716205597,-0.024347387254238,-0.01352937053889,-0.0061113685369492,0.0068302159197628,-0.025945216417313,0.0012828925391659,0.0068317437544465,0.031198304146528,0.0034686047583818,0.011164178140461,0.0031744469888508,-0.020393472164869,0.027564041316509,0.028877843171358,-0.012809203006327,-0.012918350286782,0.014414727687836,-0.015662651509047,-0.028325898572803,0.027680577710271,-0.016972690820694,-0.0068439394235611,-0.033042427152395,-0.0055399392731488,0.034422099590302,-0.035417385399342,0.028639994561672,0.0081278029829264,-0.0098300315439701,-0.02577343210578,0.0023092115297914,-0.031914621591568,0.020611068233848,0.011026809923351,-0.0066730566322803,-0.0075609497725964,-0.0035945845302194,0.022727113217115,0.033444050699472,0.011645812541246,-0.0064996466971934,-0.025555880740285,0.024394553154707,-0.0037124310620129,-0.028187360614538,0.023460332304239,-0.019281059503555,0.03197868168354,0.036660868674517,-0.022893816232681,0.0049649071879685,0.025871640071273,0.0083680087700486,-0.0089087588712573,-0.0068823816254735,0.0032247602939606,0.033001322299242,-0.034420799463987,-0.015538917854428,0.017728770151734,0.0063130096532404,-0.034277368336916,0.021911907941103,0.027287757024169,-0.021809794008732,-0.011987002566457,0.026019223034382,0.027564777061343,-0.026106130331755,0.024505686014891,-0.035759434103966,-0.025217110291123,-0.013483550399542,0.024660367518663,-0.0053598461672664,-0.024428537115455,-0.0024936471600085,0.0015618372708559,0.0043534873984754,-0.0078201573342085,-0.0012330510653555,0.034676190465689,-0.022497868165374,-0.011946204118431,0.014991853386164,0.002858808496967,-0.017661372199655,0.01333068870008,-0.029140006750822,0.017176702618599,0.029888164252043,-0.023739790543914,0.025462368503213,-0.021274380385876,-0.0060919988900423,-0.015693115070462,0.0013969428837299,0.02546482719481,-0.028649905696511,0.021906362846494,0.016458876430988,0.027771107852459,-0.012122859247029,0.006153438705951,-0.024086818099022,-0.0056485338136554,0.020996386185288,0.00029942256514914,-0.029107009992003,0.008977372199297,-0.024478597566485,-0.030665619298816,0.006835026666522,0.011972318403423,0.02731073088944,-0.011120395734906,-0.0053362068720162,-0.008901403285563,-0.014797989279032,0.027420861646533,-0.027640257030725,-0.033232647925615,-0.019701210781932,-0.034275736659765,0.026390846818686,0.031313013285398,0.0098365750163794,0.0090300999581814,-0.025840701535344,0.013735201209784,0.017300819978118,-0.02572831325233,0.031299781054258,0.003517675679177,-0.016994150355458,0.0059423591010273,0.022981241345406,-0.024778766557574,0.015645349398255,-0.022006288170815,0.02354740165174,0.025510992854834,-0.0026145956944674,0.030853923410177,-0.017518263310194,-0.028151549398899,-0.010167104192078,0.0095652369782329,0.018319640308619,-0.025967635214329,0.014239929616451,0.028395192697644,0.014540406875312,0.007741519715637,-0.0085596553981304,-0.015163815580308,0.0010443521896377,0.0155443334952,-0.028363337740302,-0.008737432770431,-0.011137030087411,-0.010022860951722,0.015098282136023,-0.02983639575541,-0.0062214555218816,0.022595034912229,0.018532868474722,0.034062076359987,-0.034687425941229,0.019857689738274,0.011529638431966,0.029965413734317,-0.018798787146807,-0.014226347208023,-0.022992366924882,-0.03162282705307,0.034639943391085,0.0046649179421365,0.027801614254713,0.0056381891481578,-0.0034610154107213,-0.03329735994339,-0.015742717310786,-0.015266855247319,0.028214547783136,-0.021748006343842,0.026938421651721,0.029083777219057,-0.024586791172624,-0.00780816283077,-0.0069192820228636,-0.036213137209415,-0.027414850890636,-0.035026408731937,0.018170211464167,0.020958812907338,-0.032953839749098,-0.0094171790406108,0.015293079428375,0.0071406508795917,-0.00018104568880517,0.020031005144119,0.00071947113610804,-0.015548242256045,-0.0072950958274305,0.0097591895610094,-0.017962293699384,0.0070503032766283,0.015048895031214,0.022453533485532,0.018686877563596,0.020419422537088,0.0025982428342104,-0.017579041421413,0.019290095195174,-0.017989872023463,0.00069525366416201,0.029942641034722,0.0070959092117846,0.033547345548868,0.026238719001412,-0.028977040201426,0.023745996877551,-0.0084357261657715,-0.015291572548449,-0.034392889589071,-0.0025485286023468,-0.031873159110546,-0.017656709998846,0.026128243654966,-0.02307740226388,0.027035735547543,0.028859162703156,-0.033229399472475,-0.00070446112658828,0.015751738101244,0.0076317233033478,0.034409817308187,0.024392811581492,0.033519171178341,0.028607212007046,-0.036678042262793,-0.025380628183484,-0.013701761141419,0.020838681608438,0.028748508542776,-0.024671727791429,-0.0023244365584105,0.025696458294988,0.036469604820013,0.013923107646406,-0.013892980292439,-0.017234422266483,0.024816427379847,0.015441344119608,0.034208364784718,-0.035369344055653,0.0019022815395147,0.030128272250295,-0.017682228237391,0.016393607482314,-0.012409170158207,-0.0060705607756972,-0.010428253561258,-0.030605886131525,-0.0079947225749493,0.010586448945105,-0.0017142258584499,-0.03390147536993,0.017038555815816,0.034616701304913,-0.013292263261974,-0.01948176138103,0.015774475410581,0.016368564218283,0.0012492616660893,-0.0080073289573193,0.010880668647587,-0.016969436779618,-0.033750973641872,0.03375419229269,0.014306541532278,0.0054067266173661,0.01682860776782,-0.0098173748701811,-0.017395868897438,0.01932230964303,0.019135188311338,0.024225417524576,0.025844963267446,0.036005701869726,0.010276967659593,-0.035209570080042,0.028241010382771,0.027157565578818,-0.011787298135459,-0.0099294129759073,0.015025514177978,0.033720981329679,-0.032118152827024,-0.035306066274643,0.0044964202679694,-0.033324155956507,0.027861604467034,-0.014661853201687,-0.011108834296465,-0.0074694785289466,-0.036711942404509,0.0044905701652169,0.029821472242475,-0.0045182984322309,0.01868487149477,0.028282683342695,-0.030748806893826,0.03269536793232,0.035128686577082,0.025912966579199,0.020127136260271,0.010554325766861,0.013008443638682,0.0024033135268837,0.02107048407197,-0.023835737258196,-0.014041251502931,0.0027098327409476,0.0085962247103453,-0.034742817282677,-0.024533463642001,0.030761893838644,0.008577604778111,-0.014583534561098,-0.030194375663996,-0.019838258624077,-0.016143040731549,-0.031949039548635,0.032560504972935,0.029407409951091,0.031292371451855,-0.0078447451815009,0.0083456421270967,0.02892480045557,-0.025396721437573,-0.011515209451318,-0.011713822372258,0.030424224212766,0.0014068810269237,0.0022147628478706,0.0023995409719646,0.018434086814523,0.030603300780058,-0.022968316450715,0.0045085498131812,0.018716787919402,0.021627323701978,0.0039964425377548,0.032125104218721,-0.025287427008152,-0.00026239021099173,-0.026227347552776,0.031966641545296,0.028800180181861,-0.029467454180121,0.035922031849623,-0.033551793545485,0.0088577698916197,-0.010068759322166,0.0082286214455962,0.024410979822278,-0.0070516308769584,0.013575444929302,-0.03401181101799,0.021546496078372,-0.018401116132736,0.030484177172184,-0.0045814202167094,0.013254202902317,0.021022329106927,-0.036803804337978,0.0029282940085977,0.017199894413352,-0.034574083983898,-0.0031773173250258,-0.034774027764797,-0.0061885085888207,0.020541112869978,0.034540370106697,0.017634395509958,0.0041062571108341,0.030317841097713,-0.033764433115721,0.011459112167358,-0.029605245217681,0.031947135925293,-0.027171481400728,-0.034992728382349,-0.010043872520328,-0.0066093830391765,-0.020089138299227,0.018481373786926,-0.032989602535963,0.032417807728052,-0.0024446314200759,0.018764577805996,-0.029990028589964,0.014494000934064,-0.0012483928585425,-0.010617651045322,-0.035814870148897,-0.024228030815721,0.025051245465875,-0.0052867261692882,0.0071821273304522,0.033247750252485,-0.02616848424077,0.010395816527307,0.0079253884032369,-0.022253872826695,0.0053943078964949,-0.0066145597957075,0.035296708345413,0.032960493117571,0.013165961951017,-0.016075657680631,-0.017484543845057,0.019022328779101,0.025743903592229,-0.030803736299276,0.012209379114211,-0.015097448602319,-0.0049691502936184,0.015210784040391,-0.0058592027053237,-0.002067762427032,-0.032215170562267,0.026425842195749,-0.011473433114588,0.029152479022741,0.0051816836930811,0.01257564406842,0.020541528239846,0.027405567467213,0.029290374368429,-0.025347132235765,0.017952542752028,-0.034925922751427,-0.0084163434803486,0.0017758462345228,0.031820315867662,0.029202463105321,-0.025477038696408,-0.0040374388918281,-0.029419111087918,-0.0048493514768779,0.026727721095085,-0.028746344149113,-0.0065686325542629,0.032757256180048,-0.023826302960515,-0.019721534103155,-0.0071851857937872,-0.032329604029655,0.00185624032747,-0.028842207044363,-0.005222269333899,-0.013036037795246,0.027746371924877,-0.027799364179373,-0.010897163301706,0.018262712284923,0.0055099306628108,-0.020127596333623,-0.027893783524632,0.021088590845466,0.02620686404407,-0.021015150472522,0.0042591593228281,-0.011058904230595,0.018560135737062,-0.027124447748065,0.017543222755194,0.020527182146907,0.027120810002089,0.023211359977722,0.036536950618029,-0.0028821427840739,-0.028724327683449,0.010228828527033,0.011546802707016,-0.018488714471459,-0.0078266710042953,0.017014553770423,-0.0054071885533631,-0.0033072207588702,0.029362440109253,-0.028027066960931,0.0079590268433094,0.015001453459263,0.03234114125371,-0.019506448879838,0.029241403564811,-0.021349238231778,0.031800087541342,-0.022913601249456,-0.006466269493103,0.010940881446004,0.026555042713881,-0.01749636605382,-0.02169931307435,-0.0079431710764766,-0.0083605032414198,-0.030932689085603,0.011099265888333,0.011730434373021,-0.018950203433633,0.023507842794061,0.012264249846339,-0.029748607426882,-0.018644331023097,-0.01684177480638,-0.0033345189876854,-0.031143251806498,0.035788141191006,-0.026003452017903,0.0028781660366803,-0.032150752842426,-0.0094036227092147,0.024360939860344,-0.029911255463958,0.023384960368276,-0.01176840160042,0.032534725964069,-0.023598490282893,0.025963651016355,0.028688300400972,-0.003673137864098,-0.004944768268615,0.025163367390633,0.026644844561815,0.0050976164638996,0.029500979930162,-0.025504156947136,-0.0077404431067407,0.032948676496744,-0.0084863901138306,-0.034487031400204,0.014560065232217,0.0016290243947878,0.0036452515050769,0.031381122767925,-0.026129893958569,-0.01382296346128,0.019071511924267,-0.031309064477682,-0.00060353410663083,-0.025256406515837,0.0042950022034347,-0.010207724757493,-0.013216413557529,0.026787424460053,-0.023587727919221,0.028006162494421,0.014998331665993,0.0056890901178122,-0.0019101301440969,-0.0062413476407528,0.009867986664176,0.0010982811218128,0.017539819702506,0.013115714304149,-0.02184877358377,-0.005789864808321,0.032420944422483,-0.032643720507622,-0.028244329616427,0.0084900045767426,0.012824424542487,0.031404443085194,-0.02673757635057,0.017054243013263,-0.001632189960219,-0.02425441890955,-0.0067317937500775,-0.012299049645662,0.021875122562051,0.023233594372869,0.034905966371298,-0.0017798015614972,0.0085647804662585,0.015075694769621,-0.0013280302518979,0.024270946159959,-0.0046546086668968,0.026173146441579,0.026967417448759,-0.022141192108393,-0.0015136344591156,0.03367730602622,-0.0029934698250145,-0.025415418669581,0.021503988653421,-0.0085980296134949,-0.02155064791441,-0.026950523257256,0.0010109050199389,0.028560085222125,-0.0049858787097037,0.014013627544045,0.021770616993308,0.028502577915788,0.025541512295604,0.031804706901312,-0.0095199719071388,-0.0098868068307638,-0.0014730126131326,-0.014147412031889,0.034897923469543,0.0039034876972437,-0.0066515747457743,0.033325649797916,-0.015603449195623,-0.019483719021082,0.035670951008797,0.024870496243238,-0.0018337961519137,0.030465001240373,-0.0050848959945142,0.012515852227807,-0.023291336372495,0.018627734854817,0.0081506110727787,0.0046980516053736,0.026610417291522,-0.0071421968750656,0.011948512867093,-0.011703216470778,0.025373077020049,0.019238634034991,-0.016587890684605,0.025234842672944,0.022393317893147,0.015011359937489,-0.029237452894449,0.0069933324120939,0.029474273324013,-0.0056788702495396,0.0032129446044564,0.026847135275602,0.025857171043754,0.021359618753195,-5.8127003285335e-05,-0.0330122821033,0.013641137629747,0.0022931159473956,0.0040931408293545,-0.013098575174809,-0.02488081343472,0.008052222430706,0.034302927553654,-0.023342417553067,0.034253776073456,0.025690753012896,-0.0038909676950425,0.019605422392488,-0.02845361828804,-0.023555619642138,-0.02161824516952,0.00032420337083749,-0.025909932330251,-0.018054174259305,0.024576514959335,-0.035977702587843,0.029610091820359,0.010570339858532,0.0096466084942222,-0.0019607236608863,-0.020376238971949,-0.022507064044476,0.012537430971861,0.016666375100613,0.0015405107988045,0.027609031647444,-0.009698941372335,0.010001395829022,0.024308778345585,0.031532436609268,-0.028977129608393,0.034484039992094,0.024367483332753,-0.011179439723492,-0.033916782587767,-0.027356278151274,-0.032286807894707,-0.035820074379444,0.0076279109343886,0.0074541443027556,-0.033388968557119,0.026388473808765,0.0069020194932818,-0.0093016447499394,0.00026952038751915,0.03463577106595,0.027158822864294,0.0017224897164851,-0.0022809621877968,0.013729901984334,0.023908831179142,-0.017156654968858,0.030436404049397,0.014648581854999,-0.0026584384031594,-0.036251310259104,0.009443236514926,0.029967326670885,-0.031721759587526,0.018850402906537,-0.0077047613449395,0.00095412461087108,0.023925978690386,-0.0013406861107796,0.0084142778068781,-0.0062089483253658,-0.034734260290861,0.029684238135815,0.0044961888343096,-0.0032447113189846,0.0023751233238727,0.030441617593169,0.033884171396494,-0.03162145614624,0.023214632645249,-0.022370679304004,0.025259835645556,-0.018760664388537,0.0098849544301629,-0.002039680024609,-0.014364544302225,-0.0058074886910617,-0.0067744553089142,-0.012151205912232,-0.037647608667612,-0.017604907974601,-0.0085973236709833,-0.011362452991307,0.013311114162207,-0.021810486912727,0.0067770965397358,0.017323119565845,0.030982637777925,0.021071195602417,-0.0088191423565149,0.016801677644253,-0.022864969447255,-0.0015164354117587,-0.010914977639914,-0.026703966781497,0.032021149992943,0.018461311236024,-0.03358593955636,-0.021471491083503,0.0009779604151845,-0.011184602044523,-0.017040429636836,0.00019722324213944,-0.0076316534541547,0.022257184609771,0.026646316051483,0.020741341635585,0.032836142927408,0.031477097421885,-0.0079127475619316,0.015255150385201,0.022544197738171,0.0065903579816222,-0.035082221031189,0.017434058710933,-0.024727944284678,-0.013843776658177,-0.022571360692382,-0.0019415775313973,-0.027062151581049,0.015606320463121,-0.015582888387144,0.015783840790391,-0.0087894545868039,0.030779324471951,-0.0180759485811,0.0026146569289267,-0.034007880836725,0.0081119239330292,-0.021845445036888,-0.0041737253777683,-0.029546767473221,0.033105377107859,0.0040698638185859,0.026594500988722,-0.021327124908566,-0.0053930743597448,-0.012350897304714,-0.015766486525536,0.023354673758149,0.014274665154517,-0.028910137712955,-0.022860769182444,0.0060976473614573,0.013176790438592,0.0280901491642,0.0060230628587306,-0.032259605824947,-0.009712197817862,-0.031612444669008,0.0070850290358067,-0.035505890846252,0.023589802905917,-0.033789869397879,0.0054438821971416,-0.022666888311505,-0.031863674521446,0.0094758793711662,-0.030265599489212,0.0020701894536614,0.0093044573441148,0.025455730035901,0.037428278476,-0.018053524196148,0.031454585492611,0.029617128893733,-0.03520367667079,0.03125911578536,-0.007784413639456,-0.041329056024551,-0.013056410476565,0.017034403979778,0.034856881946325,0.028600942343473,-0.04004717990756,-0.0024914040695876,0.021127410233021,0.015199659392238,-0.032574348151684,0.0041924519464374,-0.0018585284706205,0.014262577518821,-0.027248606085777,-0.021756291389465,-0.023133583366871,0.019136695191264,0.015297864563763,0.023208469152451,0.022084379568696,0.02493049390614,0.013544627465308,-0.0040815519168973,0.0037609015125781,-0.043692886829376,0.015754455700517,-0.029278237372637,0.0027666371315718,-0.023468868806958,0.014246557839215,0.024418167769909,-0.004233849234879,0.024107815697789,-0.0070658335462213,0.02088731341064,0.00043724369606934,0.028050037100911,-0.01869191788137,0.013675549998879,-0.027593553066254,-0.02645948715508,0.02804465033114,0.0081163663417101,-0.03554517403245,-0.0036662977654487,0.017974043264985,0.02405940182507,0.022216456010938,-0.0275564417243,-0.023072907701135,-0.005950678139925,0.00079895270755515,0.022170871496201,0.03392357006669,0.011850829236209,0.026574352756143,-0.019142732024193,0.038250479847193,0.013975366950035,-0.027828181162477,-0.031692903488874,0.015033240430057,0.029169710353017,0.03079386241734,-0.02149604819715,-0.032834835350513,-0.002093214308843,-0.0073943790048361,-0.024829214438796,-0.024774646386504,0.015785481780767,-0.037932116538286,0.016278160735965,-0.023174723610282,0.012815397232771,-0.027742812409997,0.02250986173749,0.037255261093378,0.00051947828615084,-0.035662893205881,-0.023135546594858,0.031494785100222,-0.022807583212852,-0.0046050939708948,0.012485064566135,0.0090259714052081,0.029755150899291,-0.020427661016583,0.015093052759767,0.014957777224481,-0.01429039798677,0.019955407828093,0.017614554613829,0.022894477471709,-0.03839597851038,0.006554969586432,0.015547409653664,0.031519055366516,0.0047603086568415,0.010793593712151,-0.01469617895782,-0.023348350077868,-0.0038157566450536,0.011694888584316,-0.00242515723221,-0.0016686039743945,0.025578258559108,0.021836681291461,-0.021235916763544,-0.015891132876277,0.016893483698368,-0.014270633459091,-0.035796500742435,-0.014463550411165,-0.012760236859322,-0.0037090163677931,-0.010928433388472,0.0020285826176405,-0.021300131455064,0.028436943888664,-0.028487976640463,-0.019031789153814,0.031389147043228,0.00076244672527537,-0.023526486009359,0.012059217318892,0.011867328546941,0.0030573394615203,0.030983366072178,0.0040110158734024,-0.01449423097074,-0.022806668654084,-0.021717278286815,-0.0044144103303552,-0.032707426697016,-0.022584334015846,-0.015064932405949,-0.029710171744227,0.0160081833601,-0.032875750213861,-0.011999680660665,-0.029228346422315,-0.0078662876039743,-0.036497879773378,-0.02017786540091,-0.023179123178124,-0.016415668651462,-0.01156047731638,0.019108586013317,0.018268115818501,0.029447142034769,0.031292822211981,-0.0094138253480196,-0.016529401764274,-0.028181545436382,0.014974081888795,0.0074066519737244,0.0037285841535777,0.030296992510557,0.039025846868753,0.012246452271938,0.035968132317066,0.01805754378438,-0.0051702819764614,-0.0067348256707191,-0.019546091556549,0.023672960698605,-0.017819471657276,0.015827137976885,-0.014963009394705,-0.0013536490732804,0.0094762854278088,0.024942887946963,0.0023154655937105,0.014108669012785,-0.039922159165144,-0.0045334501191974,0.036087699234486,-0.021585324779153,-0.030384151265025,0.030757114291191,0.016870312392712,-0.021543370559812,0.018411554396152,-0.026063362136483,-0.029386756941676,-0.0027252151630819,0.024503275752068,-0.012049819342792,0.01439446490258,-0.019263228401542,-0.014913279563189,0.02666943334043,-0.010853573679924,0.005863584112376,0.03126460686326,-0.011189380660653,-0.016208389773965,0.010068737901747,0.010337942279875,0.031344290822744,8.4757550212089e-05,0.013133850879967,-0.0067666824907064,0.002865316811949,0.029691813513637,0.013221596367657,-0.018368998542428,-0.021358374506235,-0.021220112219453,-0.024813093245029,0.0054341941140592,0.013529310002923,-0.029087092727423,0.020830424502492,0.021758947521448,-0.021315922960639,-0.0063820281066,-0.018602991476655,-0.012741164304316,-0.015655243769288,0.025723353028297,-0.018993478268385,-0.036462023854256,0.010159442201257,-0.0061836182139814,-0.025691667571664,0.011208249256015,-0.026474120095372,0.0025841176975518,0.017932107672095,-0.033829770982265,0.017750848084688,0.0010111012961715,-0.023936539888382,0.011773684993386,-0.0099967569112778,-0.032230217009783,-0.010184782557189,0.041148785501719,-0.0030202015768737,-0.037526153028011,0.026332657784224,-0.033394899219275,-0.0016750197391957,0.0045389886945486,0.0076403296552598,-0.020409420132637,-0.0081476243212819,-0.021221283823252,-0.023010732606053,0.0025052567943931,-0.0046911519020796,-0.01779898442328,0.021394131705165,0.0078709600493312,-0.02797993645072,0.0071840113960207,0.0083814226090908,-0.0036894716322422,-0.023520831018686,0.0054522179998457,-0.0092922644689679,-0.018445570021868,0.030554659664631,-0.0036351215094328,0.011385849677026,-0.028092077001929,-0.0072134593501687,-0.030736396089196,-0.0020857066847384,-0.0018257043557242,0.017026111483574,0.036412768065929,0.013036609627306,-0.02846971899271,0.027619546279311,0.0015854147495702,0.036177214235067,0.026010693982244,-0.033532779663801,0.018584910780191,-0.023672388866544,0.010990577749908,-0.0058596995659173,0.014834585599601,-0.0047087026759982,-0.013016316108406,-0.02621709369123,-0.0018920571310446,0.0056407740339637,0.02575907856226,-0.019476983696222,0.044699296355247,-0.025529691949487,0.0035510403104126,0.011559630744159,-0.033768709748983,-0.016280172392726,0.035005070269108,-0.028759084641933,-0.0027826479636133,-0.0025994265452027,0.024979425594211,0.0011189300566912,-0.010344441980124,-0.015222490765154,0.01450649369508,0.034310214221478,-0.013544905930758,0.025607962161303,0.026342952623963,0.022397603839636,-0.015749353915453,-0.0060766292735934,0.021443894132972,-0.025389894843102,-0.036522403359413,-0.034322559833527,0.0072851572185755,0.0071859220042825,-0.052362777292728,0.033018570393324,-0.019406164065003,0.0066492352634668,-0.030480362474918,0.0025264022406191,0.029187986627221,0.00084847613470629,0.040453337132931,-0.0010313276434317,-0.013916583731771,-0.028023401275277,0.032257165759802,0.022568354383111,-0.003228715620935,0.024705471470952,-0.0012455187970772,-0.019745633006096,0.019414683803916,0.012237722985446,-0.012719419784844,0.018598683178425,0.024061558768153,0.0045253243297338,-0.012874879874289,-0.007903209887445,-0.016732167452574,-0.027997242286801,0.017509987577796,0.0078539615496993,-0.041203882545233,-0.011784365400672,-0.033932890743017,-0.010937930084765,-0.025191871449351,0.033614452928305,-0.040603909641504,-0.014096134342253,-0.010132619179785,-0.0022731753997505,-0.01108855381608,0.026334263384342,-0.0052497093565762,0.0069684372283518,0.030922820791602,-0.026987288147211,0.027666186913848,0.033616352826357,-0.010170099325478,-0.01131527684629,-0.0016577880596742,0.016983704641461,0.02682638913393,0.0051705478690565,-0.011717806570232,-0.027710966765881,-0.043632812798023,-0.039366722106934,-0.0029007114935666,0.0044684284366667,0.010735490359366,-0.03312211856246,0.022778905928135,-0.030748819932342,0.043791562318802,-0.012778712436557,0.00025473366258666,-0.0017748073441908,0.011130443774164,0.051330648362637,-0.0050139925442636,0.028879964724183,0.031409025192261,0.021753463894129,0.0053302883170545,-0.02448951266706,0.022548031061888,0.023582573980093,-0.010966689325869,0.012711460702121,-0.0344995893538,0.026696791872382,0.014420822262764,0.022796919569373,-0.0012828218750656,0.022459775209427,-0.017686093226075,-0.012653949670494,-0.028454454615712,0.014729235321283,-0.0080287232995033,0.020744986832142,-0.0079954089596868,-0.031311873346567,0.028136713430285,0.006342466454953,0.020333901047707,-0.0038956357166171,-0.028738832101226,0.0080813700333238,0.0031894922722131,-0.028056783601642,-0.0082010859623551,-0.046028215438128,0.0048329262062907,0.039719179272652,-0.010232789441943,-0.040829040110111,-0.018461162224412,0.030458766967058,-0.0146021572873,0.0043634097091854,0.0096220672130585,0.014168815687299,-0.020258408039808,0.0070519815199077,-0.033989779651165,-0.0084402747452259,0.0034202670212835,-0.016461538150907,0.017970744520426,0.006965103559196,-0.0022360892035067,0.020013706758618,0.0025174496695399,-0.022005204111338,-0.022149067372084,-0.0049196784384549,-0.0051046288572252,0.0029065378475934,-0.017020815983415,-0.023869276046753,0.020280795171857,0.0056787640787661,-0.014006802812219,0.0428137332201,-0.014348986558616,0.0047363182529807,-0.033151477575302,0.0157715305686,0.0033491470385343,0.016542678698897,-0.015503679402173,-0.0075102373957634,-0.018899211660028,-0.0066925142891705,0.017843872308731,0.016223251819611,-0.028543703258038,-0.010848839767277,0.013864362612367,0.0093572912737727,-0.026181505993009,-0.017411036416888,-0.0046369824558496,0.021175693720579,0.035334713757038,0.0051214764826,0.029732400551438,-0.0031159578356892,-0.010587019845843,0.033061537891626,0.01123605016619,0.022962003946304,-0.032076079398394,0.014177794568241,-0.015890499576926,-0.0044969455339015,0.026799729093909,-0.021966341882944,0.031858753412962,0.032381843775511,0.012246517464519,0.021029427647591,0.013519044034183,0.022558987140656,0.013338290154934,-0.0062963892705739,-0.0057950834743679,-0.021991990506649,-0.005073769018054,-0.0053189932368696,-0.01070501934737,-0.01645277813077,0.016727332025766,-0.025225166231394,0.028681581839919,0.014655301347375,0.0090773673728108,0.030628206208348,0.024388875812292,-0.0057586571201682,-0.019466273486614,-0.018451506271958,0.014651324599981,0.033523894846439,0.035644233226776,-0.013831427320838,0.034479703754187,-0.031857773661613,0.020758550614119,0.022088093683124,0.030024064704776,-0.024251563474536,0.02088931761682,0.015492226928473,0.030358413234353,0.0041394312866032,-0.013558385893703,0.027709610760212,0.013561784289777,-0.017913572490215,0.02238124422729,-0.006232924759388,-0.0088482592254877,-0.0043574427254498,0.033445201814175,-0.016972787678242,-0.0066025503911078,0.026686497032642,0.016030138358474,-0.0093073882162571,-0.036540780216455,0.022946074604988,0.0036672237329185,0.0044799037277699,-0.034401815384626,0.0054218713194132,-0.0010911967838183,-0.0052824732847512,-0.00021776405628771,0.0067651555873454,-0.013719887472689,0.0078810527920723,0.011883555911481,-0.006147651001811,0.0015620314516127,-0.0018544512568042,0.020441457629204,0.011974925175309,-0.01982831209898,-0.015896733850241,0.025269625708461,0.051828164607286,0.027668843045831,0.010819658637047,0.01000178232789,0.0091850757598877,0.011925429105759,0.017928769811988,0.0098217278718948,0.0091114109382033,0.01566805690527,-0.046057816594839,-0.0059667970053852,0.00033431095653214,0.014042910188437,-0.0084789823740721,0.025500603020191,0.0074287238530815,0.022572793066502,-0.0090328799560666,0.0012635776074603,0.0055369278416038,-0.0048350626602769,-0.034170307219028,-0.011892625130713,0.021898653358221,0.013409139588475,0.0069770738482475,-0.026172230020165,-0.033902399241924,-0.0090501708909869,-0.028818484395742,0.028981491923332,-0.032932635396719,-0.00019578507635742,0.037916969507933,-0.01817468740046,0.037577211856842,0.0076756565831602,0.02238835953176,-0.023637294769287,0.037797309458256,-0.010295204818249,0.0077841216698289,0.0063292235136032,-0.011623464524746,0.031398128718138,-0.01837563328445,-0.0054651061072946,0.019998321309686,0.038845717906952,0.022413194179535,0.010074242018163,-0.031543754041195,0.019691968336701,0.016296159476042,-0.015257801860571,-0.026240516453981,0.0091643966734409,0.020428992807865,0.015130527317524,-0.016786171123385,-0.035690143704414,0.028517065569758,0.0081951227039099,-0.017792334780097,0.0026318647433072,-0.034297317266464,0.033840648829937,-0.01002484280616,0.0093302186578512,-0.0029273545369506,0.012820664793253,0.021430052816868,0.031612288206816,-0.039873968809843,-0.0062400531023741,0.043765228241682,0.01589665748179,0.037979386746883,-0.017305014654994,-0.016983026638627,0.0057359091006219,-0.0052555077709258,0.028593232855201,0.031306710094213,0.0048526613973081,-0.0061081317253411,-0.009569457732141,0.020771037787199,0.0044085844419897,-0.0049181566573679,0.042761329561472,0.039505362510681,-0.0012746178545058,-0.029295099899173,-0.017080562189221,-0.01224475260824,0.01726190559566,0.014882643707097,-0.019860792905092,-0.0018419154221192,-0.025806086137891,0.011554579250515,0.029534790664911,0.012555317953229,-0.024758823215961,-0.0025490240659565,0.02910977229476,-0.043417524546385,-0.010470472276211,-0.00020264653721824,-0.0075572151690722,-0.05301071703434,-0.018312098458409,0.016641421243548,0.027170339599252,0.025114448741078,0.0028626681305468,0.013771617785096,-0.021256376057863,0.027603896334767,0.017465244978666,-0.029417531564832,0.03462266549468,0.019577907398343,-0.019430873915553,0.038336187601089,0.015746971592307,0.033693451434374,-0.040622923523188,-0.023037349805236,0.0037992305587977,-0.030044142156839,-0.024008939042687,0.035321392118931,-0.034668006002903,-0.0031511727720499,0.0062118931673467,0.011798181571066,-0.025879751890898,0.016933785751462,-0.0033478129189461,0.0047549726441503,0.00022748536139261,0.040641441941261,0.014075468294322,0.010204526595771,-0.00039124573231675,0.0068172561004758,-0.0032693471293896,-0.026096532121301,-0.018242098391056,0.01416863873601,-0.00423788651824,0.0012117186561227,0.012883792631328,-0.034822333604097,0.019266117364168,-0.020527588203549,-0.021642908453941,0.025810167193413,0.0073968153446913,-0.03876568377018,-0.024747071787715,0.011814490891993,0.032406460493803,0.033410649746656,-0.010275268927217,-0.0061671650037169,-0.034142479300499,-0.027946598827839,-0.027404427528381,-0.022304721176624,0.01644060574472,0.032804161310196,0.004988859873265,-0.015107539482415,-0.02984831109643,-0.022323051467538,-0.035543214529753,0.018413940444589,0.031567063182592,-0.011803235858679,0.0047655231319368,0.0069171614013612,-0.019327335059643,0.015508047305048,-0.030799465253949,-0.0062583889812231,0.014951351098716,-0.0046586184762418,-0.011416433379054,0.01422109361738,-0.026831608265638,-0.0038777648005635,0.026316152885556,0.029812069609761,0.01804474554956,-0.012984815053642,0.019523123279214,0.0020370420534164,0.037383105605841,-0.035122931003571,0.020869098603725,-0.013925118371844,0.0046089412644506,0.00093494320753962,0.023897824808955,-0.023282339796424,-0.0060600764118135,0.040646556764841,-0.029566321521997,-0.015087867155671,-0.038907129317522,0.0397739559412,-0.009020552970469,0.0075235133990645,-0.022942908108234,-0.0043392470106483,-0.037485063076019,-0.0094124618917704,0.0018063237657771,0.013784672133625,-0.0010931177530438,0.020822048187256,-0.0083235986530781,0.0080445120111108,-0.0038243988528848,0.029297478497028,-0.018604775890708,0.029143132269382,0.026401817798615,-0.029402920976281,-0.0072292829863727,-0.037366472184658,-0.0024091610684991,0.0069169453345239,0.033837538212538,0.032024320214987,0.023656407371163,0.015930641442537,-0.014875297434628,-0.0069150663912296,-0.020626172423363,0.015262502245605,-0.031140236184001,-0.0099004870280623,0.030378710478544,-0.037682447582483,0.033880684524775,-0.023685066029429,-0.020218312740326,-0.014841127209365,-0.011073734611273,-0.0068145031109452,0.018505033105612,-0.01934845559299,-0.033033035695553,-0.0036402409896255,0.0016950074350461,-0.0061406162567437,-0.023929530754685,0.04128023609519,0.026772510260344,0.029476642608643,-0.019074404612184,-0.0085613606497645,0.03795587271452,0.00011974052176811,0.016373388469219,-0.023442609235644,0.043683979660273,-0.037328906357288,-0.017019115388393,0.0082121910527349,0.039555173367262,0.003362770890817,-0.0067203482612967,0.022867813706398,0.032470386475325,0.00077475199941546,-0.019138552248478,0.016314091160893,0.035500779747963,-0.023812711238861,0.013877441175282,-0.0094951195642352,-0.013251455500722,0.004165206104517,-0.0095694912597537,-0.022864062339067,0.028927033767104,0.0049287904985249,-0.0064836880192161,-0.033178187906742,-0.013958339579403,0.021948926150799,-0.02048478834331,0.022102145478129,0.0093337185680866,0.008149147965014,0.016382567584515,0.0040818252600729,0.0084661757573485,0.01957848854363,0.018816890195012,0.035826660692692,-0.030042616650462,0.0020765089429915,0.048621609807014,-0.027145931497216,-0.0057673370465636,0.013924893923104,0.011948497034609,-0.020555811002851,3.6659330362454e-05,-0.0040019839070737,-0.0080871107056737,-0.024014003574848,0.036902211606503,0.033473264425993,-0.0074680978432298,0.02155988290906,-0.014663080684841,-0.014642866328359,-0.027429021894932,0.011162521317601,0.034830886870623,-0.043641589581966,0.01781414821744,-0.021656731143594,0.021173719316721,-0.0349400639534,-0.0063610230572522,0.017768068239093,0.033823624253273,-0.0031803548336029,-0.019715778529644,-0.017184449359775,-0.014466911554337,0.015233024954796,0.040386643260717,-0.017283760011196,0.034857306629419,0.028914177790284,-0.031181616708636,0.02532803453505,0.025414515286684,0.010980600491166,0.010261644609272,-0.015277662314475,-0.00039486191235483,-0.010774154216051,-0.0011906420113519,-0.031488724052906,-0.0051555861718953,0.00036108560743742,0.029990311712027,-0.0040790983475745,0.024085158482194,-0.041875004768372,0.0067375935614109,0.0014365841634572,-0.023440657183528,-0.0075382692739367,-0.027468256652355,-0.021600123494864,-0.037694338709116,-0.01105041988194,-0.029201099649072,-0.02452571503818,-0.011546416208148,0.012051599100232,-0.020471900701523,0.0014894640771672,-0.014451145194471,-0.00033289467683062,0.022358069196343,0.00014207474305294,-0.032946866005659,0.032891239970922,0.012989054434001,0.030560875311494,-0.013286835514009,-0.01668900065124,0.019480034708977,-0.0047653689980507,-0.020983291789889,-0.019664343446493,0.019702967256308,-0.021693922579288,-0.010508574545383,-0.035273879766464,0.028222201392055,-0.020545147359371,-0.0078658647835255,-0.033062778413296,0.016695620492101,0.0017446294659749,0.02348162792623,-0.037719830870628,0.011792834848166,-0.029633620753884,-0.017253009602427,0.014610226266086,0.027336152270436,-0.023779727518559,0.010310095734894,0.019378794357181,0.033049032092094,0.010165174491704,-0.022045498713851,-0.0067151710391045,0.027807634323835,-0.028012545779347,-0.018872229382396,0.01296304538846,0.0098971929401159,-0.0045367809943855,0.010747641324997,-0.027123590931296,-0.0039526331238449,0.012429219670594,-0.021011849865317,0.035701025277376,-0.020407227799296,-0.0047343880869448,0.038601588457823,0.030967092141509,0.039570037275553,0.01667794957757,-0.016232470050454,-0.0056710345670581,0.030440296977758,0.01717964373529,-0.033380880951881,0.027015244588256,0.018558938056231,0.0065004718489945,0.0068028857931495,0.026338454335928,0.0067595485597849,0.033898897469044,0.018401388078928,-0.021003145724535,0.02018978074193,-0.020203774794936,-0.025137934833765,0.027928879484534,-0.012247349135578,0.0031136481557041,0.015981115400791,-0.034246955066919,-0.023801781237125,-0.03118778206408,-0.029192321002483,0.0050900899805129,-0.033549167215824,0.022647330537438,-0.0013303756713867,0.017111970111728,-0.026174759492278,-0.015351449139416,-0.019521147012711,-0.042518056929111,0.0086199045181274,0.018751764670014,0.0010870161931962,-0.0043175215832889,-0.023340927436948,0.0080553144216537,-0.0045952443033457,0.0039063915610313,0.01149392593652,0.0077418512664735,-0.013338286429644,0.001533969771117,-0.0059350221417844,-0.0058941128663719,0.026285037398338,0.024089859798551,-0.023463392630219,-0.014269924722612,-0.015205013565719,0.021046897396445,-0.018180461600423,-0.018875483423471,-0.014344745315611,-0.0083889868110418,-0.012303325347602,-0.051077298820019,-0.016846736893058,0.031032755970955,0.027156602591276,0.03324731066823,0.0022286167368293,0.04484511166811,-0.017038729041815,0.034241646528244,0.013234849087894,0.029512720182538,-0.032194823026657,0.01143757160753,-0.0029393737204373,-0.02548454888165,0.038327623158693,-0.023833878338337,0.025489477440715,-0.017035830765963,0.00044640165288001,-0.016293531283736,-0.0079239755868912,-0.0073032923974097,0.014273107051849,-0.014710793271661,0.028684740886092,0.030971674248576,0.0074203535914421,-0.032208301126957,-0.0098308986052871,-0.006749355699867,0.031049849465489,0.010628572665155,-0.028572916984558,-0.019099976867437,0.026573434472084,0.010942384600639,0.0074901264160872,0.014996935613453,0.019532134756446,0.030553260818124,0.052639950066805,0.030178816989064,0.0256318282336,0.02434098161757,-0.00954654160887,-0.018179344013333,-0.026741096749902,-0.00012215388414916,0.016654940322042,-0.029235292226076,0.0060383146628737,0.014607813209295,0.01742359623313,0.0031962478533387,0.013678391464055,-0.013103730045259,0.024917352944613,0.022689381614327,0.010140447877347,-0.012474814429879,0.0319983959198,-0.0098295407369733,0.02821316383779,0.016194818541408,0.048778418451548,-0.017479611560702,0.037260930985212,0.01057190168649,0.019907556474209,0.0037318973336369,0.033117298036814,0.0047098509967327,-0.032352529466152,0.039598055183887,0.0046333987265825,-0.020092580467463,-0.007475639693439,-0.031105069443583,-0.018811192363501,-0.02161661721766,0.043862946331501,0.043225679546595,-0.032012406736612,-0.031613282859325,-0.0084893777966499,-0.007209172938019,0.037624906748533,-0.036860823631287,-0.018022205680609,0.01655138656497,-0.027918448671699,-0.027676705271006,-0.021016467362642,0.024221749976277,-0.03707155585289,-0.0018683047965169,0.01657166518271,-0.028142765164375,-0.0053645218722522,0.023842109367251,-0.0032055589836091,-0.023745650425553,-0.03496465831995,0.0018850624328479,-0.027820775285363,-0.0406364351511,0.044077351689339,0.016876511275768,0.045061018317938,0.030021954327822,-0.017660964280367,0.024636570364237,-0.02057352475822,-0.042911477386951,-0.016147626563907,-0.037856787443161,0.014267913997173,-0.012938706204295,0.041971229016781,-0.020574169233441,-0.0056637162342668,-0.0064428159967065,0.013180244714022,0.02902595885098,0.0089892102405429,0.010402096435428,-0.0017645929474384,0.012926435098052,-0.012298417277634,-0.00058702373644337,-0.010104603134096,0.037330761551857,0.010785055346787,-0.019744120538235,-0.012240771204233,-0.020560035482049,0.043051902204752,-0.019834475591779,0.022466277703643,0.019372779875994,-0.0010215397924185,-0.011573006398976,-0.0015406222082675,-0.020804841071367,0.016194701194763,-0.013374250382185,-0.025699872523546,-0.0092462431639433,-0.013367305509746,-0.0051435111090541,-0.011331576853991,-0.018816970288754,-0.01767879538238,0.0092640202492476,0.036150012165308,0.031099442392588,-0.0266108866781,0.025471722707152,-0.035231709480286,0.031000446528196,-0.011140299960971,-0.030596854165196,-0.0093414848670363,0.00018126815848518,-0.026160193607211,0.0077090924605727,-0.021934708580375,-0.01985714584589,0.0027851515915245,0.020550662651658,0.03439686819911,0.007912240922451,0.021429866552353,-0.018998935818672,0.023475639522076,0.0045268922112882,-0.0065511642023921,-0.003733470570296,0.025329584255815,-0.019598579034209,-0.040965005755424,-0.018486065790057,-0.029550321400166,-0.022563563659787,-0.0073418207466602,-0.010610322467983,0.018816346302629,0.015576099976897,0.033099018037319,-0.025060702115297,-0.032060734927654,-0.021262863650918,-0.012449962086976,-0.026955094188452,-0.043153539299965,-0.035592414438725,-0.013906877487898,0.050004072487354,-0.023079134523869,-0.0040563084185123,0.050009977072477,0.032064594328403,-0.012841778807342,0.044078234583139,0.010168336331844,0.015706695616245,-0.025851571932435,-0.034934531897306,-0.036997720599174,0.0016452230047435,0.022318888455629,0.030487608164549,0.018743956461549,0.035304591059685,-0.012098953127861,-0.0010498202173039,-0.0336705558002,0.060737177729607,0.03612595051527,-0.023106755688787,-0.05587824806571,0.0093594556674361,-0.031495753675699,-0.010423242114484,0.0078830737620592,0.00018930551595986,-0.00033920494024642,0.016643382608891,-0.023859279230237,-0.025526808574796,0.031119059771299,-0.014008797705173,0.011139389127493,-0.02769579552114,-0.013485187664628,-0.0030572281684726,0.029574349522591,0.019976861774921,0.01118028908968,0.019436325877905,0.02301056496799,0.011320398189127,0.018492557108402,0.048732936382294,0.029245480895042,-0.030676426365972,0.069831140339375,0.034642349928617,0.039942417293787,0.02193097025156,-0.014376185834408,0.047107882797718,-0.010204408317804,-0.032575640827417,-0.0058352784253657,0.051828660070896,-0.063665091991425,0.014665675349534,-0.01273793168366,-0.015290551818907,0.034540247172117,-0.012819834053516,-0.027266666293144,-0.011056404560804,0.013774096034467,0.015227505937219,0.0060761971399188,-0.053175400942564,0.0043610958382487,0.039090592414141,0.0065672206692398,0.049706283956766,-0.00034789531491697,-0.033285286277533,0.0052326689474285,-0.024166099727154,0.027959831058979,-0.028111133724451,-0.03510207682848,-0.024874987080693,-0.049463462084532,-0.015428974293172,0.015772921964526,0.032094210386276,0.010807390324771,-0.0058236494660378,0.031805850565434,0.017268240451813,-0.0010263253934681,-0.0097007127478719,-0.015348477289081,0.028995495289564,0.0042560403235257,0.0038855872116983,0.032779447734356,-0.030996071174741,0.048441413789988,-0.012627365998924,-0.029864067211747,0.018796296790242,-0.0066033555194736,0.032362051308155,0.011219758540392,-0.016563126817346,0.03676750138402,-0.023541547358036,-0.00093955866759643,0.014948521740735,0.028412250801921,0.0049551567062736,-0.021989768370986,-0.0019135245820507,-0.031698014587164,-0.016033936291933,0.023221829906106,-0.01972733065486,0.029435789212584,0.023605324327946,-0.018571089953184,0.060764372348785,-0.036795482039452,0.00039983005262911,0.032153885811567,0.024235669523478,0.019619174301624,-0.0084605645388365,0.038166586309671,-0.010519097559154,0.013848370872438,0.0026313099078834,-0.017956214025617,0.013209442608058,0.011124134063721,0.034605864435434,0.020998520776629,-0.0084014600142837,0.0057362988591194,-0.026519984006882,0.040148410946131,0.016426099464297,0.026151396334171,-0.006551006808877,-0.030726421624422,-0.017126299440861,0.023728376254439,0.030725246295333,-0.0014254336711019,0.016864325851202,0.017485853284597,0.023122629150748,-0.03171069175005,-0.022625293582678,0.0079830819740891,-0.025773594155908,0.028094822540879,0.0058909892104566,0.023128403350711,-0.0069028460420668,0.043046876788139,0.036861550062895,-0.023175502195954,0.0038145082071424,0.010399236343801,-0.037607699632645,0.028656795620918,-0.026267798617482,0.042545642703772,-0.028331335633993,-0.0022413558326662,-0.02780032902956,0.030323129147291,0.00088766071712598,-0.040811132639647,-0.023335807025433,-0.017677258700132,-0.023473009467125,-0.034455981105566,-0.0075870621949434,0.031509302556515,-0.0096917944028974,-0.046608362346888,0.00060857034986839,-0.045316655188799,0.029458057135344,0.028789091855288,-0.0051576406694949,-0.038512229919434,0.003568414831534,0.013972708955407,-0.035846695303917,0.019934687763453,-0.014322200790048,0.036881309002638,0.031598228961229,0.04040515050292,-0.030092997476459,0.02714073099196,0.014618791639805,0.025979170575738,0.034704279154539,0.022533338516951,0.076732188463211,0.029833391308784,0.019354844465852,-0.011291705071926,0.044548947364092,-0.026957469061017,-0.037258733063936,0.0017342092469335,0.028063461184502,0.038738239556551,0.00056633749045432,0.0039156274870038,-0.0025032528210431,-0.042358387261629,0.01495439838618,0.014324141666293,-0.038649015128613,-0.0086306352168322,-0.010152036324143,-0.03370264545083,0.011532429605722,-0.041600715368986,-0.030943071469665,0.043940737843513,0.0014493498019874,-0.026025576516986,-0.022593818604946,-0.015112668275833,0.047331038862467,-0.010552124120295,0.023937348276377,-0.015025021508336,-0.0046604014933109,-0.01001541595906,0.0050436006858945,-0.026929840445518,0.017016064375639,0.0066091120243073,-0.016334213316441,-0.033452533185482,-0.013077189214528,0.036859411746264,0.036081362515688,-0.013847438618541,-0.021437892690301,0.036226786673069,0.037909291684628,0.018076492473483,0.025384966284037,-0.0040194457396865,-0.0034259306266904,-0.0065574408508837,0.019193885847926,-0.0052526006475091,0.011574293486774,-0.038193918764591,0.024114195257425,-0.043052978813648,-0.030282678082585,0.0011232702527195,0.023989517241716,-0.014230916276574,0.0010385046480224,-0.055108800530434,-0.029943006113172,0.0082882577553391,0.019106728956103,-0.0016082983929664,0.042606856673956,0.025383533909917,-0.033524610102177,0.016132619231939,-0.020241660997272,-0.020813912153244,0.010698189027607,0.028574569150805,0.043606169521809,0.024286249652505,0.0044079460203648,0.033155452460051,-0.026095429435372,-0.0060665044002235,0.026850348338485,0.00089140876661986,-0.024967042729259,0.04684541374445,-0.037270039319992,-0.04749858751893,0.010866493918002,-0.0078680524602532,-0.023121561855078,-0.024054000154138,0.00081252487143502,0.033230863511562,-0.0030951730441302,-0.0074569447897375,-0.023175030946732,-0.015685621649027,0.023303622379899,0.014270816929638,0.023754810914397,0.0089499009773135,0.033979576081038,-0.040898121893406,-0.024262933060527,0.032175336033106,-0.027416922152042,-0.023018000647426,0.029263291507959,-0.027905814349651,0.04007475823164,-0.00067514862166718,-0.01070377510041,-0.010109056718647,0.0068755792453885,-0.01912884414196,-0.00017365114763379,-0.020547289401293,-0.022354228422046,-0.038863506168127,0.012616558000445,-0.022140815854073,0.037344586104155,0.010563377290964,0.038782689720392,-0.029080955311656,-0.0093066431581974,-0.0013809795491397,-0.011508157476783,-0.026072282344103,0.0077641452662647,0.0096635837107897,0.022039672359824,-0.010983552783728,0.002793907886371,0.0010873099090531,-0.03249728679657,-0.012730218470097,-0.039418209344149,-0.001475868630223,0.004372741561383,-0.010755696333945,0.016526373103261,0.034722350537777,-0.031282741576433,0.045473631471395,0.0052616954781115,-0.022606834769249,0.030317040160298,0.006875567138195,0.0053144018165767,-0.0094312829896808,0.003276645205915,0.026430813595653,-0.022752605378628,0.035660747438669,-0.032039511948824,-0.02578541263938,-0.003606635145843,-0.027001826092601,0.0012186836684123,0.020297292619944,-0.023728106170893,0.023746179416776,0.03022394515574,0.0077677355147898,-0.03430151194334,0.03951133787632,-0.0046113440766931,-0.032352473586798,0.012289750389755,0.042721100151539,-0.044939324259758,-0.0063073225319386,0.015739997848868,-0.031793735921383,0.020655643194914,-0.0281553696841,0.03491060808301,-0.031803026795387,-0.0068300301209092,-0.044236838817596,-0.010723993182182,0.035770736634731,0.0035690253134817,0.0020751000847667,0.0017513016937301,0.0013643825659528,-0.015824537724257,0.028835978358984,0.018359035253525,0.031585615128279,-0.0059389076195657,-0.018832271918654,-0.013078386895359,-0.039435915648937,0.012350590899587,0.012900189496577,-0.0076407170854509,0.0032407850958407,0.0061085680499673,0.019549682736397,-0.00049501366447657,0.0017079138197005,-0.029656048864126,-0.054172147065401,0.027693267911673,-0.010230556130409,-0.022312574088573,0.0045340145006776,0.0048498567193747,-0.0075706820935011,0.023617932572961,-0.024428140372038,0.0074514229781926,-0.0089971274137497,-0.02299278229475,0.0022576861083508,0.040087666362524,0.010250487364829,-0.025903569534421,-0.015468506142497,0.024491865187883,0.012331918813288,0.026342559605837,0.025048546493053,-0.018716301769018,0.0049572009593248,0.029608838260174,-0.0016884314827621,0.0075575988739729,0.0039967796765268,0.047967467457056,-0.018024802207947,-0.026513233780861,0.03434769064188,-0.019715843722224,-0.038155123591423,0.041444890201092,-0.027019169181585,0.017812147736549,0.0030700745992362,0.024036958813667,-0.025953920558095,-0.0062544387765229,-0.0065255337394774,0.0074040754698217,-0.014634483493865,0.0080426083877683,-0.018342424184084,0.015170434489846,0.051038339734077,-0.00087306217756122,-0.013550104573369,0.018714303150773,-0.033727880567312,-0.018339240923524,-0.031198989599943,0.0099629033356905,0.014791563153267,-0.019913781434298,0.021030062809587,0.036330416798592,-0.017456043511629,0.010563195683062,0.019360072910786,-0.010480741038918,0.020740684121847,-0.0059234378859401,0.011375256814063,0.021693026646972,-0.0038239639252424,0.013400224037468,-0.01503302436322,0.037064962089062,-0.010255025699735,-0.0091098817065358,-0.0045102937147021,0.037827722728252,-0.0044113439507782,-0.014772711321712,0.034571036696434,-0.0056054345332086,-0.031724322587252,-0.010534075088799,-0.0087400777265429,0.036658529192209,0.0292101893574,-0.022406119853258,-0.067752704024315,0.024703443050385,-0.0064807892777026,-0.0099771833047271,-0.046151224523783,0.053102061152458,-0.029217734932899,-0.017871739342809,-0.0023109989706427,0.027081254869699,0.030113993212581,-0.023252110928297,-0.04109163954854,0.016181314364076,-0.035429634153843,0.023289561271667,-0.025004949420691,0.035426411777735,-0.0062899081967771,-0.030541475862265,0.076063998043537,0.034122116863728,-0.016764499247074,-0.02014747262001,0.014440811239183,0.032255053520203,0.035971399396658,-0.010187390260398,0.024527048692107,0.033455088734627,0.011165617033839,-0.031777907162905,0.035387091338634,0.058028150349855,-0.0072041880339384,0.028483744710684,-0.027834402397275,0.034277558326721,0.014460551552474,0.031503204256296,0.037604190409184,-0.038714502006769,0.039879776537418,0.014580711722374,0.026453454047441,-0.0033664740622044,-0.012038039043546,0.04061634093523,-0.023980174213648,-0.036278381943703,-0.0017185067990795,0.013712134212255,-0.01820307597518,-0.00066845410037786,-0.0093734646216035,-0.016400648280978,0.029098603874445,-0.014186161570251,0.072252385318279,0.025464814156294,0.0056874877773225,-0.011815559118986,0.025517726317048,0.0027460402343422,0.04386069253087,0.033383261412382,-0.010390623472631,0.0035868920385838,0.0070888292975724,-0.03634238243103,-0.017471667379141,-0.0043029305525124,0.026057008653879,0.012256522662938,-0.057357415556908,0.034475695341825,0.066520035266876,0.058051407337189,-0.0085974344983697,-0.02537396363914,0.044608701020479,0.02056840620935,-0.022564440965652,0.038895323872566,0.021042039617896,0.00068915024166927,0.099058069288731,0.075008608400822,0.014104990288615,0.030139107257128,0.0068072830326855,0.022605491802096,-0.035887334495783,0.038382787257433,-0.040437281131744,-0.03239269554615,0.022245349362493,0.029017753899097,0.037963472306728,0.044954810291529,-0.017093602567911,-0.0088996253907681,0.038759585469961,-0.020553916692734,0.062250100076199,-0.032048773020506,0.033283177763224,0.0096093127503991,0.026724029332399,0.031468112021685,0.01934951543808,0.039744414389133,-0.0010960740037262,-0.00039857457159087,-0.045776568353176,-0.035954635590315,0.035746455192566,0.013525554910302,0.034190241247416,0.015093012712896,-0.0039083492010832,0.0184978954494,-0.029297038912773,-0.015596750192344,0.021515812724829,-0.034727279096842,-0.012866016477346,-0.0038838146720082,-0.024386437609792,-0.041138719767332,0.021125806495547,-0.0010441727936268,0.056850254535675,-0.025914788246155,-0.00108864356298,0.049938436597586,-0.018308110535145,-0.030543824657798,0.011709411628544,0.0028237153310329,-0.040169343352318,0.059562053531408,-0.0088615324348211,-0.036667205393314,-0.0067641395144165,-0.026526631787419,0.039381954818964,0.040035150945187,-0.015095614828169,-0.04019532725215,-0.0034391868393868,-0.0026401143986732,0.058256823569536,0.042191404849291,0.012465969659388,-0.064348980784416,-0.045918546617031,0.020922617986798,0.029184890910983,-0.031894572079182,-0.038230765610933,-0.031712979078293,0.0011563671287149,0.053284667432308,-0.014363528229296,0.046241216361523,-0.016200967133045,0.0054362928494811,0.0083616506308317,0.022454489022493,0.011662041768432,0.012090102769434,-0.023287108168006,-0.041789151728153,0.051311533898115,-0.029317772015929,-0.013648269698024,0.020439922809601,-0.023171994835138,0.027664361521602,-0.045475170016289,0.08334444463253,0.016390582546592,-0.018171358853579,-0.060001224279404,-0.021118052303791,0.0033979893196374,-0.016436021775007,0.051893197000027,0.011183256283402,0.078652322292328,-0.00042293759179302,0.0055310074239969,0.013503950089216,0.042434602975845,0.00069129391340539,0.019083600491285,0.0035222626756877,0.019357016310096,0.053352002054453,0.033572942018509,0.0082282032817602,0.0276730787009,0.055240366607904,-0.061505377292633,-0.01634150929749,-0.018155079334974,-0.03020410425961,0.02458237297833,0.038604885339737,-0.012876098975539,0.02823081612587,0.010054768063128,0.059652224183083,0.014811377972364,-0.022742174565792,-0.03163356333971,0.028020542114973,0.029081234708428,-0.0017044121632352,0.038697130978107,-0.016899723559618,-0.016925500705838,0.027420230209827,-0.02467100135982,0.044338017702103,-0.022231889888644,-0.034588355571032,0.035730078816414,0.014557283371687,0.0031072797719389,0.022165216505527,0.010779143311083,0.064112149178982,-0.018669825047255,-0.021354237571359,-0.018757088109851,-0.02115535363555,0.023378757759929,-0.011888205073774,-0.039439052343369,0.00118503626436,0.066261544823647,0.047844469547272,0.029006445780396,0.019739342853427,0.071636937558651,0.0081219607964158,-0.048483662307262,-0.029495419934392,0.078413255512714,0.018148733302951,-0.054583881050348,-0.018254635855556,0.0068841972388327,-0.020523153245449,0.033375319093466,0.0083352001383901,0.016172602772713,0.0088577214628458,-0.0049732723273337,0.024694075807929,-0.053928300738335,0.076017960906029,0.043950643390417,-0.02171610109508,-0.064975820481777,0.014986393973231,0.022905780002475,0.035394083708525,-0.032896030694246,-0.0094506554305553,-0.029370220378041,-0.037513211369514,-0.0065462184138596,0.015596900135279,0.00050889066187665,0.017900381237268,-0.035429503768682,0.034806188195944,0.0065547870472074,-0.0036987676285207,-0.019218940287828,-0.020524809136987,0.024286445230246,-0.0023428730200976,0.011668910272419,-0.041016940027475,0.0099916690960526,0.068078756332397,0.027805587276816,0.03568509221077,-0.013876548036933,-0.036643221974373,-0.0063007092103362,0.0015471557853743,-0.045615337789059,-0.043733391910791,0.0072344266809523,-0.0067278007045388,-0.041265543550253,0.015004986897111,0.0010094360914081,-0.0039029407780617,-0.0091822063550353,0.022415390238166,-0.012800472788513,-0.063900485634804,-0.036147255450487,0.028455773368478,-0.016470735892653,0.024944767355919,-0.034474980086088,0.033345755189657,0.055729322135448,0.0062929377891123,0.008031596429646,-0.016428681090474,0.048040203750134,-0.00061547866789624,-0.05955595523119,0.022934248670936,0.0083211306482553,-0.048737309873104,-0.0095987794920802,0.058123532682657,0.033384807407856,-0.0059154755435884,-0.026267314329743,0.021813673898578,0.03227636963129,0.0050063813105226,0.057983033359051,-0.045272912830114,0.035013448446989,-0.0007830397807993,-0.021158087998629,0.0048104617744684,0.040251202881336,-0.026220014318824,0.003850549692288,0.036978658288717,0.01157801784575,-0.033367373049259,0.060883600264788,-0.0042883711867034,0.020500805228949,0.077504999935627,-0.033680088818073,-0.009836595505476,0.027330487966537,0.035504784435034,0.030085816979408,0.024747129529715,-0.0033762615639716,-0.029035031795502,0.0046807699836791,-0.015914145857096,-0.016964936628938,0.032683774828911,-0.036812037229538,0.021503355354071,0.0086787035688758,-0.0035575998481363,0.04424849525094,0.042241152375937,0.044684574007988,-0.025135846808553,-0.015257027000189,-0.015658169984818,-0.034649211913347,0.027130283415318,0.007973431609571,0.0079909162595868,-0.014374000020325,-0.0054301829077303,-0.051372341811657,-0.035203188657761,0.012711998075247,0.0032324027270079,0.016704397276044,-0.0026594009250402,0.031411748379469,-0.014718449674547,0.031029872596264,-0.043770354241133,0.044619437307119,0.03684863448143,-0.040455188602209,-0.025609500706196,0.0026540618855506,-0.028025809675455,-0.013686262071133,-0.0046568061225116,0.00060239492449909,0.056226395070553,-0.037024822086096,0.013370867818594,0.025173867121339,0.026848144829273,0.012209417298436,-0.021932294592261,-0.012747416272759,-0.069801934063435,0.035169284790754,-0.026148295029998,0.017817497253418,-0.043851461261511,0.043475043028593,0.011975085362792,0.025714550167322,-0.03584285825491,0.048565894365311,-0.031489133834839,-0.019639007747173,0.01929622516036,-0.01488720998168,-0.021390590816736,0.023315284401178,0.0075599625706673,-0.027667373418808,-0.022564003244042,-0.0014608331257477,0.019912648946047,-0.0081665199249983,-0.0094813099130988,-0.046008974313736,-0.026400873437524,-0.054386746138334,-0.0029280567541718,-0.02541546523571,0.0087420325726271,-0.0012072307290509,0.02369879744947,0.031564351171255,-0.022007526829839,0.041785232722759,0.0074480497278273,0.03411428630352,-0.041819095611572,0.0056354752741754,0.034312304109335,-0.0068977074697614,0.013815334998071,0.0077159805223346,-0.0012167261447757,-0.014251061715186,0.058763701468706,0.030834062024951,0.029376829043031,-0.025493834167719,0.024025896564126,-0.040957380086184,-0.029419895261526,0.034569159150124,0.014699603430927,-0.0095859598368406,-0.013665985316038,0.029601344838738,0.02469632960856,-0.0024821883998811,-0.017345840111375,-0.021131137385964,-0.018683159723878,0.03823883458972,-0.023598248139024,0.0216133762151,0.020829901099205,0.00013461335038301,0.0092064812779427,0.039485607296228,0.019773226231337,-0.0081618372350931,0.00099869968835264,-3.4853233955801e-05,0.039399120956659,0.024294521659613,-0.016034748405218,0.0030524663161486,-0.0090266838669777,0.037251953035593,-0.024459395557642,0.0040652798488736,-0.0023027877323329,0.007725699339062,0.0045079924166203,0.029792305082083,-0.039631992578506,-0.0074770045466721,0.0047955177724361,0.0046706749126315,0.014166451990604,0.025525173172355,-0.0051393285393715,0.013197251595557,-0.028571108356118,0.0062474529258907,0.012865322642028,-0.059499859809875,0.0065318853594363,-0.016025999560952,0.030346119776368,-0.0045347264967859,-0.024998612701893,0.0055752429179847,-0.020351480692625,0.027869392186403,-0.020694682374597,-0.0195605866611,0.011050077155232,-0.039567209780216,-0.0081407092511654,0.047677095979452,-0.0065338429994881,0.054739709943533,0.025397751480341,-0.004333364777267,0.029711784794927,0.011975205503404,0.023624379187822,0.017130516469479,0.054777435958385,-0.034076575189829,-0.056866362690926,0.01639155484736,0.037677899003029,-0.026960462331772,0.0010926080867648,-0.001636752160266,-0.020367072895169,-0.030528735369444,-0.018352130427957,-0.016016440466046,0.0048496732488275,-0.053575500845909,-0.0063335234299302,-0.037691384553909,-0.01480546221137,-0.026680311188102,-0.016856817528605,-0.015269631519914,-0.0020442856475711,0.015767762437463,0.02831294387579,-0.0070520252920687,0.021893067285419,0.019829304888844,-0.0036165905185044,-0.031767971813679,0.017604798078537,-0.02074995264411,-0.016174072399735,-0.010225384496152,0.042571313679218,-0.022726126015186,-0.013849940150976,0.036268457770348,0.038512792438269,-0.012261618860066,0.0094151105731726,0.0035090919118375,-0.014239324256778,0.026861337944865,0.01910556666553,-0.0025347014889121,-0.012430967763066,-0.028423875570297,-0.0033019764814526,-0.032899796962738,0.021794077008963,0.01228981371969,-0.0027055111713707,0.036125838756561,0.019364075735211,0.0054700914770365,0.02015595883131,0.026641936972737,0.021564150229096,0.00091828015865758,0.024647690355778,0.016154456883669,-0.035587467253208,0.0052976780571043,0.015804564580321,-0.025910884141922,-0.0037525803782046,0.043992079794407,-0.029638480395079,-0.011876398697495,0.028653400018811,-0.023475596681237,0.018663350492716,0.02422364987433,0.026380816474557,0.0089656636118889,0.014594860374928,0.028316313400865,0.0098188323900104,0.0038553348276764,-0.0098940664902329,-0.032599225640297,0.0028277412056923,0.034932382404804,-0.020711114630103,-0.027853922918439,-0.00071170344017446,-0.015301211737096,-0.0035065282136202,0.037761181592941,-0.013085751794279,0.034580748528242,-0.013971542008221,0.010457809083164,-0.017284482717514,-0.028962569311261,-0.027144718915224,0.0085296798497438,0.011850483715534,-0.031606063246727,0.058518432080746,-0.047966748476028,-0.031338553875685,-0.01270239520818,-0.0071021332405508,0.026264064013958,0.010287915356457,-0.02944803237915,-0.036215998232365,-0.0023059614468366,0.011707856319845,0.025744011625648,-0.019952461123466,0.025856094434857,-0.049916543066502,0.02731717005372,0.024803349748254,0.047858227044344,-0.0056858328171074,0.0038242330774665,0.039473827928305,-0.00099959073122591,0.0015557014849037,-0.012485086917877,-0.013532777316868,0.023196989670396,-0.028251374140382,-0.0065335328690708,-0.0063298884779215,0.012657767161727,-0.039004854857922,-0.0028821974992752,0.0010681049898267,-0.0304318908602,-0.022505789995193,0.039797380566597,-0.021893126890063,0.0038839888293296,-0.059809383004904,0.0044024609960616,0.014408236369491,-0.022391486912966,0.0030476341489702,-0.011271644383669,-0.055072646588087,0.048834547400475,0.04069758951664,-0.048061858862638,0.0084121562540531,0.028309058398008,-0.00030793837504461,-0.0046048401854932,0.029756423085928,0.015019242651761,-0.013610646128654,-0.011521464213729,-0.020682254806161,-0.0007267490727827,-0.017591685056686,-0.02540416829288,0.014454590156674,-0.032881733030081,0.01581047102809,0.023320639505982,0.0019457867601886,0.00080665247514844,-6.9973917561583e-05,0.029655948281288,-0.049202796071768,0.0015245818067342,-0.0056071206927299,-0.0057857404462993,0.017921607941389,-0.0095472848042846,-0.028204202651978,-0.041127305477858,0.032504487782717,0.0088743101805449,-0.0046318843960762,-2.748529004748e-05,-0.0067591690458357,0.04068423807621,0.041339162737131,0.028404911980033,-0.017697306349874,-0.030527824535966,0.0068557569757104,-0.033648572862148,0.015372985973954,0.010152416303754,-0.030091963708401,0.02714185975492,-0.0046841241419315,0.00062314071692526,-0.029242651537061,0.0077733853831887,-0.011858957819641,-0.0074092112481594,0.015915555879474,-0.036038864403963,0.031441703438759,0.034864638000727,0.0040640654042363,-0.0012354822829366,-0.0010384088382125,0.021147005259991,0.0042153685353696,-0.0045828893780708,-0.023991482332349,0.012282587587833,-0.020686198025942,-0.028060682117939,-0.012380685657263,0.023673051968217,-0.017663866281509,-0.016981467604637,-0.0080346800386906,0.01412239857018,-0.0018939598230645,-0.037337731570005,-0.0037129621487111,0.02489472553134,0.051858615130186,0.01839672960341,0.031795967370272,0.0095029706135392,0.014603266492486,-0.05859911814332,-0.0098216440528631,0.0082782208919525,-0.010759641416371,-0.018493784591556,0.034529287368059,0.044763930141926,-0.02718467079103,0.042623803019524,-0.036889001727104,0.082156606018543,0.01162401586771,-0.044736910611391,-0.015461437404156,0.010853575542569,0.023278713226318,0.024002254009247,-0.0027029111515731,-0.034590657800436,-0.0034409714862704,0.034192137420177,0.033813111484051,0.060554016381502,0.035440914332867,0.043162100017071,0.049006644636393,0.02449045330286,-0.011975496076047,-0.019242223352194,0.032170061022043,0.037746895104647,-0.020585050806403,-0.020909812301397,-0.078666269779205,0.0012992285192013,-0.04812029749155,0.042226016521454,0.048682831227779,0.097514241933823,-0.0032981429249048,0.0078482143580914,-0.0075458558276296,0.03066479600966,-0.006967110093683,0.013778406195343,0.0074052745476365,0.040903963148594,0.011326218023896,0.041881747543812,0.027427412569523,-0.00051996984984726,0.052363317459822,-0.016311522573233,0.041645903140306,0.027161110192537,0.0074192942120135,-0.038423229008913,0.0031222144607455,0.011987992562354,0.056255325675011,-0.0026435118634254,0.03467633202672,-0.048306070268154,0.0038737868890166,-0.037860296666622,0.050781108438969,0.068407863378525,0.025694157928228,0.0023124914150685,-0.0090686017647386,0.033434174954891,-0.02840943261981,-0.00082063768059015,0.083109274506569,-0.015476168133318,0.026201253756881,0.068347498774529,0.0097194444388151,-0.06591559201479,0.014602711424232,0.024604860693216,0.039508942514658,-0.012953636236489,-0.00058715528575704,0.021911166608334,0.024727931246161,-0.031171597540379,-0.010065100155771,0.016824709251523,-0.0028230198659003,0.0068985223770142,0.015711909160018,0.045899242162704,-0.025848085060716,-0.014682375825942,0.015168894082308,-0.035504579544067,0.0073200888000429,0.044375408440828,0.015194837003946,0.044294085353613,0.031315483152866,0.044700376689434,-0.0094132237136364,-0.012724110856652,-0.0084355669096112,0.028212228789926,0.12690387666225,0.014289932325482,0.0087125450372696,-0.021914778277278,0.023028725758195,-0.033032778650522,-0.047872360795736,-0.020971676334739,0.012071206234396,-0.00031835190020502,0.015582419931889,0.019981030374765,-0.052604448050261,0.01238192524761,-0.036567598581314,0.035268254578114,-0.048195943236351,-0.03977382928133,0.035851441323757,0.0013442204799503,0.014981769025326,0.022445291280746,-0.034215919673443,-0.023195857182145,0.035972088575363,-0.0024690167047083,0.02591216750443,-0.029780531302094,-0.01801791228354,0.024079089984298,0.0097693903371692,-0.062118213623762,-0.0055057127028704,-0.0026647602207959,0.0087315011769533,-0.0017273260746151,0.078389123082161,-0.053813863545656,-0.019740276038647,0.022264437749982,4.5400120143313e-06,0.0024824063293636,0.035046543926001,0.029908778145909,0.015876293182373,-0.029316462576389,0.0053258268162608,0.030317978933454,0.013431373983622,0.014093766920269,-0.043120503425598,-0.0089628966525197,-0.0092413779348135,-0.014740527607501,-0.014537037350237,0.022944062948227,0.016478398814797,0.0550372377038,-0.010171667672694,0.017887314781547,-0.025785092264414,-0.02590243332088,-0.033736553043127,0.020328188315034,0.047385826706886,-0.036018174141645,-0.056074973195791,0.020162945613265,-0.0033795984927565,-0.016005581244826,-0.0014410120202228,0.025335988029838,0.020328938961029,-0.043978549540043,0.010128941386938,0.0061545437201858,-0.025078365579247,-0.012182313017547,0.010222451761365,0.041540499776602,-0.031878314912319,-0.0024357608053833,0.03749829903245,-0.012206639163196,-0.0019512248691171,0.011787752620876,0.043491568416357,-0.043875224888325,-0.022126935422421,0.053506638854742,-0.047070719301701,0.013284768909216,0.025106927379966,0.039735466241837,0.017218314111233,-0.030014488846064,0.019137572497129,0.045103821903467,0.012927058152854,0.038744851946831,0.038332115858793,0.064691230654716,0.003266773885116,0.006470977794379,0.007397725712508,0.025227040052414,-0.0086962077766657,0.0086258025839925,0.034983817487955,-0.039824470877647,-0.024746477603912,0.012620500288904,-0.015742996707559,0.063498482108116,0.04266469180584,0.02835207991302,0.012278624810278,-0.012834645807743,0.012422069907188,-0.038338270038366,0.024937942624092,-0.0055234148167074,0.01316390465945,-0.0047199954278767,0.042807776480913,-0.0070668128319085,0.022916501387954,0.012855858542025,0.0023486602585763,-0.0039229053072631,0.0078013581223786,-0.032053489238024,0.012069643475115,0.0039906953461468,0.035540457814932,0.035274419933558,-0.05473929271102,0.010014177300036,-0.011315727606416,-0.037963028997183,0.0034572237636894,0.0085938982665539,-0.046867273747921,-0.062838636338711,0.032835211604834,0.0015327441506088,-0.033222682774067,0.02921287342906,0.015837224200368,0.0010750340297818,0.035465352237225,0.039438661187887,0.037423979490995,-0.040128298103809,-0.015456390567124,-0.029141306877136,-0.013995053246617,-0.013535622507334,-0.030960822477937,-0.031725518405437,-0.01163163036108,-0.037974696606398,0.0037958265747875,0.0033157279249281,-0.02671585790813,-0.010433566756546,-0.017000364139676,0.03870440274477,0.037226673215628,-0.030807698145509,0.012830631807446,0.01310532912612,0.047359511256218,0.013606027700007,0.049405328929424,0.013004359789193,-0.060912247747183,0.03259377554059,0.0015768057201058,0.010249161161482,-0.017892710864544,0.0010734354145825,-0.0018314943881705,-0.078350409865379,-0.036431256681681,0.00020145205780864,-0.015923302620649,-0.010865728370845,0.036333233118057,-0.024707501754165,-0.01552321203053,0.0036376682110131,-0.044245917350054,-0.091383546590805,0.0096049634739757,0.024908594787121,0.044982980936766,0.059516008943319,0.0092669688165188,0.061290912330151,-0.020959919318557,0.023707130923867,-0.026229741051793,-0.078841090202332,0.0021899642888457,-0.0089796138927341,-0.034796983003616,0.024858444929123,-0.03046527504921,0.0171251706779,-0.014192690141499,0.018032850697637,-0.013343916274607,-0.011357368901372,-0.049343198537827,0.025472685694695,0.010689662769437,0.048101782798767,-0.028257044032216,0.024424456059933,0.015645178034902,-0.02403549477458,0.017005816102028,0.025559769943357,0.046687386929989,-0.018389496952295,0.0050667258910835,-0.0015127875376493,-0.039817303419113,0.012162769213319,-0.032666508108377,0.022684343159199,-0.05610254779458,0.050715055316687,0.044771052896976,0.0044556953944266,0.0196039583534,0.038034189492464,-0.044840656220913,-0.020559659227729,0.0051589282229543,0.044963110238314,0.013188206590712,0.020025523379445,-0.0063092703931034,0.049253486096859,0.044094000011683,0.0041160099208355,0.016813863068819,-0.01091620977968,0.0065326010808349,0.023660313338041,0.022461643442512,0.00033283932134509,-0.011731176637113,0.022228013724089,0.035593148320913,0.028885897248983,0.029327033087611,-0.03183364495635,-0.024519139900804,-0.013396973721683,-0.0038712476380169,0.03729334846139,0.021428043022752,0.031741812825203,-0.030997144058347,0.0021832815837115,-0.049264971166849,0.039316199719906,-0.01330903545022,-0.019234821200371,0.016890306025743,-0.02495102584362,-0.0069127348251641,-0.013967589475214,0.038216199725866,0.0015293809119612,-0.002672427566722,0.0047384412027895,0.027162229642272,0.0030333339236677,-0.019764937460423,0.026481512933969,0.026420695707202,-0.0066182520240545,0.012948547489941,-0.016530165448785,0.030336117371917,0.0047992486506701,-0.0035650890786201,-0.048589397221804,0.022263947874308,-0.013245886191726,-0.03343004360795,-0.0099946605041623,0.021707469597459,-0.0074274656362832,0.038484778255224,-0.030976573005319,-0.026420157402754,-0.0099685834720731,-0.0046831234358251,-0.0067464387975633,0.024765035137534,0.026650600135326,-0.013624202460051,-0.017420785501599,-0.019203221425414,0.0035457680933177,-0.0082805175334215,0.0073258755728602,-0.016471970826387,-0.030584553256631,0.031756471842527,-0.015984009951353,0.032039288431406,0.015738442540169,-0.015172232873738,-0.011187488213181,0.0029724806081504,-0.036114700138569,-0.02065446600318,0.029420321807265,-0.014840994030237,-0.012407168745995,0.00021304552501533,-0.03193973749876,0.0096001792699099,-0.0037091167178005,0.011243727058172,-0.023528622463346,0.027257859706879,-0.0036134722176939,0.01501939073205,-0.01000552624464,-0.030829330906272,-0.037270125001669,-0.016914607957006,-0.014960180036724,0.019550384953618,-0.014152249321342,-0.00037776023964398,-0.043389018625021,-0.010099745355546,0.026663083583117,-0.0014086719602346,0.010876731947064,0.018997551873326,0.03201237693429,-0.020137265324593,0.023656226694584,0.012869575992227,-0.016740206629038,-0.023079812526703,-0.036803275346756,-0.0046617984771729,0.0064394869841635,-0.021171377971768,-0.033154767006636,-0.035972405225039,-0.033587317913771,-0.0085628377273679,-0.0041155377402902,-0.032181926071644,0.012494472786784,-0.029375666752458,-6.7319575464353e-05,-0.033881172537804,0.020648857578635,0.00012748636072502,0.0075309295207262,-0.018606677651405,0.0069224457256496,0.034132029861212,0.0097618782892823,0.0055367685854435,0.01339653134346,-0.023636510595679,-0.017617670819163,0.0071138394996524,0.039827391505241,0.015007223002613,-0.01563523337245,-0.034134875983,0.0077416594140232,0.017104906961322,-0.018794087693095,0.022765032947063,0.038305412977934,0.034515894949436,7.9546596680302e-05,-0.015343450009823,0.044880531728268,0.030390702188015,-0.027817757800221,-0.032793574035168,-0.00887964759022,-0.015859777107835,0.029024409130216,0.0013427161611617,-0.0097447382286191,0.022727975621819,-0.0030290246941149,0.014280213043094,0.020098514854908,-0.040240958333015,-0.011400102637708,-0.042764384299517,-0.007430771831423,0.017425913363695,0.0071700480766594,-0.027696073055267,0.02724115177989,0.028601812198758,0.0038701284211129,0.02452477067709,-0.026764748618007,0.0056116399355233,0.010743625462055,0.0082305120304227,-0.01333015691489,-0.034966677427292,-0.025328647345304,0.01884900033474,-0.003599397605285,0.0096263401210308,0.01793877966702,0.026708865538239,0.011700125411153,-0.0031966352835298,0.026225928217173,0.010567338205874,0.018537580966949,-0.017559129744768,-0.0065676481463015,0.027552105486393,0.017417881637812,-0.0014613333623856,0.017205946147442,0.021553097292781,0.012277552857995,0.034484401345253,0.013529442250729,0.01842749863863,-0.018854400143027,0.010973928496242,-0.018900712952018,0.025760490447283,0.022891564294696,0.038113929331303,0.025196615606546,-0.0033603489864618,-0.0160769559443,0.0083845146000385,-0.0075168861076236,-0.021118100732565,0.003863355377689,0.018035084009171,-0.0023993710055947,-0.030442405492067,0.010142212733626,-0.0088247135281563,0.014026068150997,-0.039205331355333,-0.038493189960718,0.012044567614794,0.041048247367144,-0.019981561228633,-0.0099307894706726,-0.0041840164922178,-0.0064961416646838,-0.010054829530418,0.012377556413412,0.021717337891459,0.018315143883228,0.030313234776258,-0.022417165338993,0.018085837364197,-0.017645357176661,0.029239861294627,0.0060331090353429,0.0031647309660912,0.0066287079825997,-0.022555481642485,-0.026653174310923,0.0082819238305092,0.01035338640213,-0.029939748346806,-0.013294537551701,0.015112048014998,0.016555512323976,-0.027529686689377,-0.019743341952562,-0.023752296343446,0.047154851257801,0.003120934125036,-0.01325096655637,0.0016234331997111,0.010454203002155,0.030232481658459,-0.001937527093105,-0.011447740718722,0.0021151078399271,-0.019297292456031,0.030277021229267,-0.014420963823795,0.012107437476516,-0.033516053110361,-0.035615276545286,0.015700375661254,0.02408841252327,-0.0065822713077068,0.015695502981544,-0.0061039011925459,-0.0011713791172951,0.011029449291527,-0.012829913757741,-0.0086911469697952,0.0012447671033442,0.031794138252735,0.0092541193589568,-0.0054457015357912,-0.027964498847723,0.026259806007147,-0.011789735406637,-0.02385675534606,0.023882379755378,-0.025377733632922,0.0077966810204089,0.015664540231228,0.023385141044855,-0.0040349001064897,0.013882098719478,-0.014572788029909,-0.0040741884149611,-0.0017554578371346,-0.041812498122454,-0.029943889006972,0.017991637811065,0.019834443926811,0.023854162544012,-0.0034361782018095,0.028441432863474,0.015296724624932,0.017762357369065,-0.033148363232613,0.0027239285409451,0.021994028240442,0.039038807153702,0.030355986207724,0.055011704564095,-0.021705344319344,0.034355938434601,0.030515342950821,-0.025967080146074,0.02851109392941,0.036117739975452,0.0079346150159836,0.0022572421003133,0.00116148206871,-0.031855165958405,-0.016435394063592,-0.018991734832525,-0.0011824500979856,0.014792249538004,0.031955286860466,-0.031865935772657,0.043737441301346,0.011207000352442,-0.045062147080898,-0.030293377116323,-0.020329900085926,0.028454611077905,-0.013518235646188,-0.029676953330636,0.012684751302004,-0.027659432962537,-0.024215841665864,0.0034553064033389,-0.013828468509018,-0.02633430249989,-0.0091785471886396,0.028279451653361,-0.0069140465930104,-0.013615762814879,0.027679381892085,-0.021075494587421,-0.03080859221518,0.017888575792313,0.0060502444393933,0.0061327377334237,0.03095168992877,0.018760923296213,-0.00097815203480422,-0.012831497006118,0.012395258061588,0.0013602162944153,-0.038797661662102,-0.01030570268631,-0.017058989033103,0.023384224623442,-0.012001849710941,0.002541494788602,-0.028007514774799,-0.02232769690454,-0.015508927404881,-0.00079770165029913,-0.036355998367071,-0.028159245848656,0.026709370315075,-0.027622368186712,-0.038821041584015,0.017936140298843,0.030241541564465,0.00805654656142,-0.015199106186628,0.023118674755096,-0.039111271500587,0.016862107440829,-0.0087955202907324,-0.011447777040303,-0.0007340888842009,0.015817580744624,0.024172868579626,0.0096357362344861,0.020663645118475,0.027237318456173,0.036669448018074,0.020815841853619,-0.022026568651199,-0.019903127104044,-0.018416291102767,0.029316430911422,0.031641520559788,-0.027254320681095,-0.00011863694817293,0.0011754436418414,0.0019720869604498,0.010954611934721,0.025771791115403,-0.0091806491836905,-0.015099862590432,-0.012414771132171,-0.016766065731645,-0.030300300568342,0.027039218693972,-0.001735846279189,0.034125152975321,-0.0031156064942479,0.010651038959622,0.0035300066228956,0.00030159208108671,0.036606799811125,-0.015437621623278,-0.034997884184122,0.029729614034295,0.015171053819358,0.052430361509323,0.020361850038171,-0.028826598078012,0.0065071624703705,-0.025440895929933,-0.00060749048134312,-0.035348881036043,-0.026452906429768,-0.008143113926053,-0.019022610038519,0.0080689638853073,0.015930939465761,-0.002172704320401,-0.032725684344769,-0.0065955915488303,0.026003545150161,-0.015043997205794,0.025270581245422,0.018140869215131,-0.00095833628438413,0.020088983699679,-0.019189659506083,0.027472006157041,0.023251013830304,-0.034453973174095,-0.013004916720092,0.0088894562795758,-0.052881143987179,0.012401489540935,-0.017927655950189,-0.036931976675987,0.026393750682473,0.028212206438184,0.02937838062644,0.009212439879775,0.0077083255164325,-0.0010585417039692,-0.0013401925098151,0.0009805504232645,0.014395860023797,-0.016384216025472,-0.00011011355672963,-0.0071429987438023,0.037093658000231,-0.032087858766317,-0.045727130025625,-0.0094087729230523,0.001922482973896,-0.043131001293659,-0.0072837569750845,-0.0062631121836603,0.032303236424923,0.0082758935168386,-0.020155981183052,0.026301417499781,0.027117688208818,-0.026737371459603,0.035801000893116,0.011310822330415,0.038606006652117,0.029979756101966,-0.031348291784525,-0.0016922301147133,-0.024959480389953,0.013265219517052,0.038967944681644,-0.030909156426787,-0.034737091511488,0.0098004918545485,0.032453887164593,0.010151027701795,-0.0076765627600253,-0.0060668047517538,0.014309383928776,-0.025860048830509,0.0047324034385383,-0.010911311022937,0.012238688766956,0.0099067641422153,0.0039698709733784,-0.012886207550764,-0.026948839426041,0.038979094475508,-0.016805538907647,0.021809473633766,0.030878216028214,0.0065284296870232,0.00064485776238143,0.0040359748527408,-0.0091375652700663,0.026630893349648,0.0090470090508461,-0.020007962360978,0.01106367725879,0.034592866897583,-0.043275751173496,-0.043809577822685,0.02740260027349,-0.042122848331928,0.0016952069709077,-0.016334241256118,-0.016214355826378,-0.02178006619215,0.04255124554038,0.007315416354686,0.012751986272633,0.017619954422116,-0.02310081385076,0.0169548522681,0.0022036025766283,0.019532673060894,0.0030389619059861,0.034468818455935,0.016425833106041,0.0004802291514352,-0.01007678732276,0.033371366560459,-0.013410167768598,-0.015737609937787,-0.032481539994478,-0.00010804136400111,-0.038900159299374,0.0085266437381506,0.0035449990537018,-0.015370443463326,-0.00048695626901463,0.026923906058073,0.022820334881544,0.027658523991704,-0.013991798274219,-0.036950472742319,-0.02496544457972,0.023435363546014,0.03004770167172,0.042908772826195,0.036937020719051,0.030727500095963,-0.0083677498623729,0.031531058251858,-0.019545827060938,-0.017770677804947,0.048526968806982,-0.0084584122523665,-0.00072356284363195,-0.0032256173435599,0.040179271250963,-0.028849961236119,0.030824664980173,0.0041712080128491,0.035816434770823,-0.005018041934818,-0.05382164567709,-0.00040279404493049,-0.019089197739959,-0.022745074704289,-0.032967191189528,-0.060643877834082,0.015222808346152,0.0040358006954193,-0.00041626265738159,0.00630266033113,0.0069587547332048,0.013695088215172,0.047618988901377,-0.029920779168606,-0.027534954249859,-0.0054589123465121,0.0090645756572485,0.017628725618124,-0.004379871301353,-0.0099481055513024,-0.034228935837746,-0.021377513185143,0.014530372805893,0.019235603511333,0.0076545076444745,0.029814494773746,0.020737199112773,0.020913328975439,-0.025671126320958,0.0070765893906355,0.027825197204947,0.018094033002853,-0.02314679697156,-0.023642526939511,-0.031219735741615,-0.037200227379799,-0.0083700763061643,-0.011739931069314,0.040286671370268,0.016357209533453,-0.059653270989656,0.0030831061303616,0.052521076053381,-0.031527418643236,0.024902828037739,-0.028256695717573,0.0078255068510771,0.03167113289237,0.0059338943101466,0.011045892722905,-0.042465154081583,-0.048777587711811,0.013249082490802,-0.0039140530861914,-0.034843180328608,0.027648394927382,0.0077433614060283,-0.032334230840206,0.0036358924116939,-0.022233115509152,0.022232014685869,0.010044166818261,0.0024041822180152,0.03323295712471,0.0070502613671124,0.014164168387651,0.041153881698847,-0.032628677785397,0.013031935319304,0.042445641011,0.037240236997604,-0.022446257993579,-0.040337920188904,0.023971563205123,-0.0056411297991872,-0.0034527340903878,-0.011627237312496,0.016096377745271,-0.01978019438684,-0.032447844743729,0.028924029320478,0.00043913535773754,-0.0044745323248208,-0.026746669784188,-0.027649464085698,-0.010606050491333,0.0010125382104889,0.032499726861715,-0.015050793997943,0.018746243789792,0.028478872030973,0.0085873696953058,-0.031314164400101,-0.025220587849617,0.016829980537295,-0.028589515015483,0.038390506058931,-0.024457911029458,0.020857838913798,-0.031972743570805,0.040051113814116,0.048434481024742,0.032325450330973,-0.014557737857103,0.032181087881327,0.031509697437286,-0.015717808157206,-0.015143427997828,0.019217606633902,-0.012074093334377,0.012284187600017,0.040395464748144,-0.01208417583257,-0.0038817764725536,-0.028114737942815,-0.013099336065352,0.0093251671642065,-0.023894483223557,0.015467633493245,0.0099950404837728,0.007980396039784,0.0050692246295512,-0.02100613899529,-0.019115708768368,-0.026697373017669,0.025771969929338,-0.015743557363749,0.011085852980614,0.019648408517241,0.045774787664413,0.0081602437421679,-0.019613496959209,-0.02990092895925,-0.01473072450608,0.043622136116028,-0.020231124013662,-0.018412284553051,0.018166398629546,-0.083629734814167,-0.032436691224575,0.00025063214707188,-0.011481869034469,0.00023920528474264,0.036169335246086,0.0067936894483864,-0.0035685929469764,-0.033044494688511,0.002127913525328,0.030782833695412,-0.031292036175728,-0.0083206333220005,0.0020026797428727,0.025502756237984,0.018448393791914,0.032793588936329,-0.0062951971776783,0.017735624685884,0.019626231864095,-0.07194497436285,-0.0052219028584659,-0.024988055229187,0.0086550684645772,0.0098033184185624,0.026069100946188,-0.020354840904474,-0.00065272796200588,0.016858378425241,0.0030277946498245,-0.027157166972756,-0.016673635691404,0.012933786027133,-0.0014563730219379,0.023490825667977,-0.019282000139356,-0.011760581284761,0.036147899925709,-0.064764119684696,0.017108179628849,0.0029400486964732,0.055420964956284,-0.00084876676555723,-0.017260575667024,-0.010963719338179,-0.022308476269245,0.013396323658526,0.023164439946413,0.016673050820827,-0.027228092774749,-0.0091059999540448,0.0040426822379231,0.036056663841009,0.010273893363774,0.0057391081936657,0.020040325820446,0.022965863347054,0.036884430795908,-0.027236079797149,0.018357252702117,-0.019871335476637,-0.022828495129943,0.027826132252812,0.017916871234775,-0.0084493299946189,0.028142077848315,-0.024447489529848,0.0021709536667913,0.040893297642469,0.021872188895941,0.0095749646425247,0.0012265321565792,-0.020284065976739,-0.022594159469008,-0.0086670583114028,0.0070473179221153,-0.023679327219725,0.048135280609131,0.030536912381649,-0.025954138487577,-0.023748112842441,-0.035300046205521,0.014370856806636,-0.0069224652834237,0.018232813104987,-0.01242158934474,-0.014714081771672,0.024211587384343,0.026846772059798,-0.017663739621639,0.034532956779003,0.01657523214817,0.025428494438529,-0.025380464270711,-0.028545577079058,-0.017449723556638,0.025235280394554,0.039852108806372,-0.008665525354445,0.024218365550041,0.037439733743668,-0.029306868091226,0.0090310582891107,-0.02622689679265,-0.021808447316289,-0.029432095587254,0.024936139583588,0.0027513257227838,0.043062638491392,0.011764938011765,0.031841497868299,0.025330582633615,0.029843132942915,-0.022161979228258,0.0077382125891745,0.0079041933640838,0.015253086574376,0.014950351789594,-0.02638584934175,-0.021048488095403,0.010335315950215,0.012602702714503,-0.020016023889184,0.045262433588505,0.032633323222399,0.01642195507884,-0.0018993243575096,-0.033868674188852,-0.0064157154411077,0.029146434739232,0.033644076436758,-0.014174464158714,-0.025404796004295,-0.032135404646397,0.023981144651771,-0.014357773587108,-0.0023027395363897,0.013519307598472,-0.0050657782703638,-0.020114619284868,0.025960171595216,0.015573533251882,0.038153931498528,0.029721796512604,0.017560439184308,-0.0043556471355259,0.03397810459137,0.042491853237152,-0.01065378356725,0.012350358068943,-0.041464447975159,0.019393231719732,0.013249639421701,0.0449383482337,-0.019637774676085,0.025299398228526,0.027999728918076,-0.0067418399266899,0.051427226513624,-0.0020926191937178,0.046199817210436,0.0076730991713703,0.020830955356359,-0.033571314066648,-0.040013015270233,0.0071036028675735,0.030813628807664,0.033906158059835,-0.00087840796913952,0.044463682919741,0.014012944884598,0.039667792618275,0.004206748213619,0.033756103366613,0.009367298334837,-0.030136009678245,-0.02401389926672,-0.035043556243181,0.031753052026033,0.018585294485092,-0.0077361729927361,0.023910451680422,0.016830960288644,0.051555123180151,0.025172909721732,-0.0070886700414121,-0.041787266731262,0.023613840341568,-0.0064433785155416,0.00037285988219082,0.032739091664553,-0.022486878558993,0.031220870092511,0.019318394362926,-0.021508080884814,-0.020073005929589,-0.020692992955446,0.01854701153934,-0.021369583904743,0.033783186227083,0.027626199647784,0.058354668319225,0.02277397364378,-0.0097448546439409,0.022067768499255,0.028888687491417,0.027397058904171,-0.024828415364027,0.0057237618602812,-0.02129478380084,0.036045987159014,0.052637070417404,0.025530684739351,0.026118844747543,-0.0036683513317257,-0.010809454135597,-0.013136147521436,-0.018401615321636,-0.0098119080066681,-0.0051934351213276,-0.011659634299576,-0.0098142866045237,-0.045474000275135,0.0047231749631464,-0.01606316305697,0.02900118753314,-0.031434901058674,0.012580323033035,0.029399735853076,0.031893845647573,0.0067508909851313,-0.037890151143074,0.057734508067369,0.0012839689152315,0.0042385156266391,0.03320350125432,-0.001363952527754,-0.00022979282948654,-0.015225085429847,0.00014969659969211,-0.019452722743154,0.021441038697958,0.017355486750603,-0.015073814429343,0.029437078163028,0.021233562380075,-0.022436086088419,-0.01976115629077,-0.028036065399647,0.037278980016708,-0.030763382092118,0.027157362550497,-0.020830944180489,-0.0045002792030573,0.020189762115479,-0.013608465902507,0.03581839799881,0.016450457274914,-0.019868340343237,0.0079993112012744,0.026705926284194,-0.027705922722816,0.043758280575275,0.014250442385674,0.033555880188942,-0.016006536781788,0.00981371011585,-0.010279512964189,-0.010751918889582,0.0078468779101968,-0.026823403313756,0.013496226631105,0.027601016685367,0.017034063115716,0.0011289769317955,-0.0098061533644795,-0.0051790317520499,0.010220925323665,0.021222978830338,-0.0027416534721851,-0.038960408419371,0.014884956181049,0.021838918328285,-0.026721205562353,0.0070348451845348,-0.00054267764789984,0.024526556953788,0.026089088991284,-0.033932700753212,0.02307496778667,-0.026404930278659,-0.047233823686838,0.010409594513476,-0.022797893732786,0.0070745311677456,-0.0090311467647552,0.0085188299417496,-0.0079761631786823,0.050924442708492,0.063456989824772,0.01967710070312,-0.019461942836642,0.026191221550107,-0.019951023161411,0.045281745493412,-0.013164094649255,-0.0029623317532241,0.0092829093337059,0.013868043199182,0.00095699104713276,-0.0050580413080752,0.011271892115474,0.00083394499961287,0.0030117775313556,-0.029245300218463,-0.010219659656286,-0.010323853231966,0.0083774840459228,0.026004292070866,-0.0057195876725018,0.010564031079412,-0.014033528976142,0.019039975479245,0.0012043388560414,-0.0027285756077617,0.01702774874866,0.026567749679089,-0.0045033022761345,0.033077016472816,-0.036652658134699,-0.03214218094945,-0.0023914298508316,0.021696923300624,-0.010988062247634,0.022924786433578,0.0024535120464861,0.057331096380949,0.042310297489166,0.0015793127240613,0.0043943375349045,0.028080757707357,0.0014030128950253,0.010635733604431,-0.028135744854808,-0.005323956720531,-0.013176389969885,-0.002443061908707,0.026664786040783,0.016596579924226,-0.011564559303224,0.030636100098491,0.019158527255058,-0.028599224984646,-0.014108996838331,-0.019069939851761,0.023946506902575,0.014769745990634,0.00049418961862102,0.018359640613198,0.032839231193066,0.0048758024349809,0.015766890719533,-0.03541948273778,0.035718742758036,0.021376090124249,-0.0084459278732538,-0.013110637664795,0.035653714090586,0.037748504430056,0.014582108706236,0.046759158372879,-0.0064363046549261,0.011724479496479,0.008392215706408,-0.008607542142272,0.019259080290794,0.0035218039993197,0.0072558159008622,-0.012953508645296,-0.021175481379032,0.011533527635038,0.028534205630422,0.011548834852874,0.017351185902953,0.018170304596424,-0.017196083441377,-0.028856450691819,0.0017828241689131,-0.017017766833305,0.03499810397625,0.0064606978558004,0.0086445873603225,0.037880711257458,-0.0064820549450815,0.022893873974681,-0.0023608019109815,-0.019087076187134,0.035505592823029,0.016654092818499,-0.0034005895722657,0.016369448974729,-0.007957992143929,0.018951492384076,-0.030583161860704,0.018700337037444,-0.024960104376078,-0.012648969888687,-0.0018161924090236,0.00058831350179389,-0.017643561586738,-0.0025072039570659,0.0021250310819596,-0.0047609657049179,-0.0055466224439442,0.04346714168787,-0.027753043919802,0.00082035112427548,-0.034189440310001,-0.0050450037233531,-0.023994285613298,-0.010078290477395,-0.0014830833533779,0.029975820332766,-0.026410719379783,-0.014497722499073,-0.01303484942764,-0.00087072292808443,0.011985518969595,0.0067207333631814,0.047194603830576,0.0041155950166285,-0.015656752511859,0.040595412254333,-0.01395957171917,-0.014684713445604,0.023176329210401,-0.019365765154362,0.019302364438772,0.025879865512252,0.017052995041013,0.037078458815813,-0.041291791945696,0.010571412742138,0.023289151489735,-0.00066799111664295,0.047720953822136,-0.0097490213811398,0.0066742915660143,-0.018230305984616,0.014018582180142,-0.022444296628237,0.024967957288027,0.027175009250641,0.033155307173729,-0.039558030664921,-0.017129775136709,-0.034418720752001,-0.0035791420377791,-0.016441557556391,0.028942704200745,-0.015817919746041,0.019406966865063,0.024814873933792,0.0032325142528862,-0.043838527053595,0.030437588691711,-0.045268215239048,-0.007719914894551,-0.0063046454451978,-0.0097196297720075,0.017371721565723,0.025141026824713,0.033051230013371,0.032766848802567,0.013218875043094,-0.01231571752578,0.0050466903485358,-0.03955702111125,-0.0063159326091409,0.011189293116331,-0.034813888370991,0.066476993262768,0.029352536424994,0.017457058653235,-0.034654572606087,-0.024833532050252,0.049087453633547,-0.020087210461497,-0.029180224984884,0.011215389706194,0.020677845925093,-0.0028237402439117,-0.043379403650761,-0.0098545020446181,-0.047584399580956,-0.044853609055281,-0.0076209348626435,-0.00028063519857824,-0.021740261465311,0.019455516710877,0.028188960626721,-0.039322219789028,0.00238614436239,-0.00076296186307445,-0.0026736645959318,0.018514666706324,-0.024481004104018,-0.017143547534943,-0.036324888467789,-0.0048912991769612,-0.017465742304921,0.048180915415287,-0.066679291427135,0.024140624329448,-0.021424684673548,0.010205389000475,-0.017492780461907,-0.021551443263888,-0.0084782764315605,0.029258383437991,-0.039606552571058,0.00011154587264173,-0.042571093887091,0.021727431565523,-0.012710235081613,0.0038691535592079,-0.00053516501793638,0.010534509085119,0.035601101815701,-0.011738548055291,0.026423862203956,0.042727839201689,-0.026525251567364,0.013617277145386,0.042806550860405,0.016228144988418,-0.034456565976143,0.006321603897959,-0.020869521424174,-0.00053836416918784,-0.006271684076637,0.00028251096955501,-0.018504183739424,0.0018006089376286,-0.026035668328404,0.036379460245371,0.031723942607641,0.015763465315104,-0.017717270180583,-0.021811988204718,0.027289394289255,-0.02680210955441,0.064042121171951,-0.00034978182520717,-0.04487844184041,-0.014319499023259,0.022889643907547,-0.0059466995298862,0.045414287596941,0.02415962330997,0.026504142209888,0.035539854317904,-0.0020782856736332,0.052355051040649,0.028825247660279,0.035150293260813,-0.017915509641171,-0.023458622395992,-0.015236213803291,0.044677268713713,0.00071024626959115,0.027396775782108,0.049279998987913,-0.00020628138736356,-0.021330051124096,0.049977369606495,-0.014938903041184,0.047967188060284,-0.036468636244535,-0.00040423462633044,0.065214440226555,0.032296311110258,0.014670894481242,0.0018595425644889,-0.0082319555804133,-0.020082280039787,0.014890629798174,0.021944411098957,0.041611220687628,-0.03303150460124,-0.029589418321848,0.019916016608477,0.029240807518363,-0.032627873122692,-0.0044372044503689,0.0063052428886294,-0.016467235982418,-0.023083617910743,-0.01438754145056,0.013851946219802,-0.0019142454257235,-0.0062948861159384,-0.027105461806059,-0.070822685956955,0.015544588677585,0.0064469333738089,-0.029548596590757,-0.042099822312593,-0.023402258753777,-0.0011352603323758,0.012901020236313,0.046436998993158,0.014747260138392,0.017108039930463,0.011565834283829,0.020266322419047,0.038109831511974,0.0059846919029951,0.011192672885954,-0.0070301038213074,0.0040835877880454,0.031973142176867,-0.046951722353697,0.019602559506893,-0.029466772451997,0.0091168126091361,0.020475495606661,0.016486700624228,-0.0089795095846057,0.001957016531378,0.019588224589825,0.013557013124228,0.038197297602892,-0.041211105883121,0.035909123718739,-0.0047184056602418,-0.008383902721107,-0.038721721619368,0.004327513743192,-0.017308931797743,-0.020603677257895,0.031646925956011,0.030264070257545,0.0021476806141436,-0.0026012186426669,-0.040801670402288,0.014744543470442,-0.013515513390303,0.028869552537799,-0.00064994755666703,0.026106651872396,0.021457053720951,-0.0028413643594831,0.018507549539208,0.033480677753687,-0.0057011474855244,0.018704105168581,0.019562745466828,0.025279683992267,-0.0065554543398321,0.020752171054482,0.08305187523365,0.016191801056266,-0.02939410507679,0.010013829916716,-0.026564240455627,-0.084454171359539,0.028632180765271,0.079739764332771,-0.00099861365742981,0.021357795223594,-0.077407099306583,-0.0065652653574944,0.013440336100757,0.047310695052147,0.011180179193616,-0.033966518938541,-0.041955634951591,0.018039643764496,-0.0050947386771441,-0.073719091713428,0.013821109198034,0.018519917502999,0.02221923135221,0.03033640421927,-0.028776187449694,0.0083746295422316,-0.024069162085652,0.025898864492774,0.029556019231677,0.036362033337355,-0.0011305139632896,-0.024029172956944,-0.040472935885191,0.058851689100266,-0.026501309126616,0.019932145252824,0.0043054716661572,-0.024322018027306,0.020654672756791,0.023731227964163,-0.0052903536707163,0.014537177048624,0.0049241543747485,-0.027737058699131,0.014580197632313,0.040754690766335,-0.025977078825235,0.017677165567875,-0.0041327318176627,-0.070737145841122,-2.6692196115619e-05,0.014392929151654,0.0087122628465295,-0.025133654475212,-0.00021714803006034,0.0044431695714593,0.033274702727795,-0.021724781021476,-0.02797319740057,0.0036982425954193,-0.038972403854132,0.013644061051309,0.040279056876898,-0.011018767952919,0.0052188909612596,-0.044243454933167,0.029228048399091,-0.032885868102312,-0.02210083976388,-0.00097679439932108,0.039729084819555,-0.035287946462631,-0.025970308110118,0.024014780297875,-0.0019496721215546,0.052822139114141,-0.0099506909027696,-0.015203361399472,0.050608094781637,0.0017907966393977,-0.017559789121151,-0.039230417460203,0.055030733346939,-0.028093529865146,0.026660574600101,0.034482780843973,-0.039957873523235,0.0059001301415265,0.028885617852211,-0.026368960738182,-0.030945202335715,0.075938023626804,-0.011557188816369,0.049238298088312,-0.030931850895286,0.0037674971390516,0.00019133297610097,0.0025690733455122,-0.048556990921497,-0.034792393445969,-0.0074689853936434,0.0038328529335558,-0.0081336395815015,-0.016186993569136,0.046976651996374,-0.0054761692881584,-0.010818093083799,0.013253868557513,0.014034989289939,0.0011603534221649,0.06320895254612,-0.044765781611204,-0.016393447294831,-0.016998585313559,0.022784186527133,-0.021616904065013,0.02794330008328,-0.010049362666905,-0.018689190968871,-0.0096788862720132,-0.0092123430222273,-0.00093915482284501,0.031063821166754,-0.028829775750637,0.0090006561949849,0.010202720761299,-0.028287090361118,-0.0089336726814508,0.034241542220116,-5.7092420320259e-06,-0.023613709956408,-0.014477748423815,0.00025104609085247,0.0081425169482827,-0.0020109771285206,0.018106985837221,0.019513484090567,0.034224092960358,-0.029063731431961,-0.036310605704784,-0.036673493683338,0.031550899147987,0.017721360549331,-0.017245793715119,0.017193157225847,0.011576019227505,-0.018647849559784,-0.0042995135299861,-0.0041817831806839,0.030204905197024,-0.0243931543082,0.032240368425846,0.02817109040916,-0.0046933344565332,-0.016192652285099,0.034725990146399,0.021240355446935,0.030761791393161,0.00026240691659041,0.025027675554156,-0.034973960369825,-0.010670261457562,0.031984392553568,-0.013107364065945,-0.033066459000111,-0.02181145362556,0.034683175384998,-0.032017961144447,-0.013872140087187,-0.032806262373924,-0.032754976302385,-0.017928659915924,-0.027259530499578,-0.029204368591309,-0.0049994206055999,-0.0080897901207209,-0.023587636649609,0.017078962177038,0.017752593383193,-0.017628034576774,0.0079602431505919,0.0016673014033586,-0.005545137450099,-0.039804115891457,0.0031567011028528,0.0359274931252,0.019317390397191,-0.0029523882549256,0.016483331099153,0.0018727208953351,0.012498771771789,-0.0042878431268036,0.0025095252785832,-0.025078546255827,0.0095662390813231,-0.028970981016755,0.021460670977831,0.00096591073088348,-0.012336988933384,0.014178093522787,0.036828339099884,0.029955167323351,0.011405070312321,0.020293707028031,-0.0020865572150797,-0.0056352904066443,-0.021888798102736,-0.0084139779210091,-0.022653266787529,0.0011070077307522,0.022668797522783,0.009279397316277,-0.03418118134141,-0.02847196534276,-0.012656885199249,0.018638920038939,-0.013055998831987,0.021416112780571,-0.019420277327299,0.026184661313891,-0.036581180989742,-0.027557769790292,-0.025902366265655,-0.0090267695486546,-0.0070855007506907,0.0078984461724758,0.0098117552697659,0.022563230246305,0.012984025292099,0.00021141204342712,-0.026353813707829,0.003013351932168,0.015518844127655,0.0067076040431857,-0.0053882799111307,0.029668867588043,-0.037898723036051,-0.010751894675195,-0.0064036091789603,0.0050303949974477,-0.0090774977579713,-0.014908040873706,-0.032829064875841,0.033245727419853,0.024071522057056,0.031350206583738,-0.029285775497556,0.037386674433947,-0.027926733717322,0.016906686127186,-0.010932999663055,-0.0050314273685217,-0.0074439747259021,0.012954979203641,-0.0006293177139014,0.0053366827778518,-0.0051405765116215,-0.0078171417117119,0.015460988506675,0.012356973253191,-0.016857860609889,-0.035534325987101,0.033866297453642,0.0089458869770169,-0.02291302010417,-0.039786111563444,0.0085304398089647,-0.037231266498566,0.031424656510353,0.0019860626198351,-0.0030631786212325,-0.006899865809828,0.032156053930521,0.016447464004159,-0.030305376276374,0.0096135009080172,0.011165832169354,-0.0059434031136334,0.029919402673841,-0.018180241808295,0.0062860450707376,0.034917209297419,0.018296413123608,-0.018587319180369,-0.026491448283195,-0.034107320010662,0.0077307620085776,0.014392943121493,-0.03542048111558,0.022679645568132,-0.014852093532681,0.026735493913293,0.020875886082649,-0.036099500954151,0.036003816872835,-0.0040780021809042,0.015781296417117,-0.035192091017962,-0.036948930472136,0.027653578668833,0.024846591055393,-0.030279578641057,-0.0046911416575313,-0.017363764345646,-0.025117430835962,0.012599389068782,0.02717505954206,-0.016369732096791,0.0035941756796092,0.014078347012401,-0.029852733016014,-0.039973866194487,0.00072174682281911,-0.02881682664156,-0.0033159600570798,-0.012828972190619,-0.02941732108593,-0.021292204037309,0.021932383999228,-0.012131076306105,0.024627357721329,-0.031556565314531,0.0052142520435154,0.023357996717095,0.0090702157467604,-0.03304037079215,-0.031900580972433,0.028575537726283,-0.0042930054478347,0.021899916231632,0.024650011211634,0.027676684781909,0.017112607136369,0.019476117566228,0.0065707387402654,0.016783585771918,-0.015216329135001,0.032796699553728,0.011005681008101,0.013134338892996,-0.027698948979378,0.012438744306564,0.034697525203228,0.010857155546546,-0.0015049792127684,0.016275323927402,-0.013428858481348,0.0080929063260555,0.028897332027555,-0.017136599868536,0.013763870112598,0.00031439290614799,0.0068476190790534,-0.0063262651674449,0.022524727508426,0.034529741853476,0.033800702542067,-0.028864016756415,0.024214841425419,-0.022554932162166,0.017577759921551,0.01241940446198,-0.017402023077011,0.024427440017462,0.024802878499031,0.00072916364297271,0.016058476641774,0.0035785720683634,-0.0027670429553837,0.011340734548867,0.018173106014729,0.035135895013809,0.011012625880539,0.016829224303365,0.02019676938653,-0.019328124821186,-0.034530237317085,0.033808670938015,0.035465352237225,-0.017576543614268,-0.022962158545852,-0.022697120904922,0.0053898836486042,0.0021512743551284,0.016112379729748,-0.023929938673973,0.0038812176790088,-0.0065749483183026,-0.020146913826466,0.011923212558031,-0.026088621467352,-0.034553207457066,0.0055012083612382,0.02243347838521,-0.028403837233782,-0.019943019375205,0.0052918517030776,0.021725820377469,-0.025013025850058,0.018606433644891,-0.020825775340199,-0.0020669030491263,0.026892483234406,-0.0046566906385124,-0.034408930689096,-0.00033621126203798,-0.016145320609212,-0.021524734795094,0.010296890512109,-0.027920439839363,-0.020871702581644,-0.022726068273187,0.036739129573107,0.019915875047445,-0.031813245266676,0.022781258448958,-0.032618012279272,-0.0032564061693847,-0.0039831018075347,-0.02255330234766,0.010371956974268,0.015748059377074,-0.014860986731946,0.0079829981550574,-0.030176628381014,0.029747156426311,-0.0295250993222,0.024834293872118,-0.022825226187706,-0.023398106917739,0.011984110809863,-0.0073921419680119,-0.027192858979106,-0.033805135637522,-0.040824599564075,0.029421772807837,0.01145603787154,0.035112850368023,-0.019025394693017,0.022317081689835,0.020528698340058,0.032152660191059,0.031963117420673,-0.015320807695389,0.0072405762039125,-0.021909086033702,0.01121330447495,0.025087894871831,0.023191303014755,0.02310037240386,0.037943426519632,-0.017310013994575,-0.034348018467426,0.014044265262783,0.0046980576589704,0.029972869902849,0.011594717390835,-0.0022023869678378,0.018910992890596,-0.027295563369989,-0.026095252484083,-0.0022141688968986,-0.023125700652599,0.025900879874825,0.017548799514771,-0.032615773379803,-0.0089501840993762,0.031031634658575,-0.013992196880281,0.018378650769591,0.031356018036604,0.0037777060642838,-0.024745348840952,-0.026223365217447,-0.024038834497333,0.033808674663305,0.0071351090446115,0.035376999527216,0.011902671307325,0.03448024764657,-0.0064210104756057,-0.03027374483645,0.024951808154583,0.028212791308761,0.030380442738533,0.020271610468626,0.013077894225717,-0.010613686405122,-0.0080747548490763,-0.0094218710437417,-0.028971847146749,-0.0068281181156635,-0.011330991983414,-0.029082952067256,-0.012704323045909,0.034111354500055,0.02652251906693,0.023392682895064,0.026198532432318,0.037537526339293,-0.007246314547956,0.018559332937002,0.029453923925757,0.01421111356467,0.013141010887921,0.046449471265078,-0.018664963543415,-9.8896329291165e-05,-0.0109001705423,0.019692836329341,-0.018402818590403,0.015713578090072,0.01837963052094,0.023232353851199,0.039723847061396,0.014724004082382,-0.018636981025338,0.025562012568116,0.0042806705459952,-0.0055835377424955,0.0015421163989231,-0.03324269503355,0.0016639877576381,-0.0084076477214694,0.01323133893311,0.033233392983675,0.030537998303771,0.0027808353770524,0.015510524623096,0.013624122366309,-0.029195949435234,-0.0068538407795131,0.0034609981812537,-0.0023967411834747,0.030627133324742,0.029260277748108,-0.022686183452606,0.029037516564131,0.022139325737953,-0.022974194958806,0.019414328038692,0.016607396304607,-0.01332235801965,0.017024282366037,0.018174525350332,-0.032619301229715,0.019472239539027,-0.022897116839886,0.0099944630637765,-0.0075368331745267,0.022318664938211,0.024677993729711,0.028056005015969,-0.030339993536472,-0.013975409790874,-0.0013028657995164,0.030417380854487,0.00036935793468729,-0.031769830733538,0.028091710060835,-0.026759907603264,-0.012598595581949,0.034909129142761,-0.036738734692335,0.005974561907351,0.012315456755459,0.022016370669007,-0.033781144768,0.0094791641458869,-0.012920999899507,-0.018593398854136,0.031758654862642,0.026806244626641,0.028687067329884,-0.021791180595756,-0.018152305856347,-0.021233331412077,0.032815001904964,0.0042627928778529,0.0097445156425238,-0.035320874303579,-0.030447944998741,-0.04045944288373,-0.010920906439424,-0.011741516180336,0.0030120871961117,-0.035885464400053,-0.021246870979667,0.014378666877747,0.0096531230956316,0.0087895449250937,-0.015466265380383,-0.027636187151074,0.0019594228360802,-0.026485353708267,-0.0058459644205868,0.036229975521564,-0.0097209271043539,-0.023643301799893,0.022392379119992,-0.0026392876170576,-0.0092001305893064,-0.0019192703766748,0.0093610556796193,0.032523982226849,0.016938773915172,0.029991200193763,0.017187753692269,-0.01927013322711,0.024239961057901,-0.010356561280787,-0.0078947320580482,0.041187897324562,-0.032393015921116,-0.0001433604338672,0.00047459150664508,0.0052758906967938,-0.024051619693637,-0.0026855252217501,1.8842178178602e-05,-0.026104325428605,0.035510644316673,0.022348826751113,-0.019602060317993,0.0096187777817249,-0.031246533617377,-0.0099627142772079,0.02281216904521,-0.020902941003442,-0.0079050753265619,0.010249624960124,0.034512601792812,0.01610747538507,-0.0022420566529036,-0.011415999382734,0.0099936751648784,0.0068678944371641,-0.016965731978416,0.022660369053483,-0.030773563310504,0.019595796242356,0.0089293010532856,-0.029237622395158,0.007259848061949,0.033243212848902,-0.033408876508474,-0.024767201393843,-0.034089013934135,-0.0027794463094324,0.026825441047549,0.0050686900503933,0.016133164986968,0.0016417087754235,0.00041698987479322,-0.0011618257267401,0.041333612054586,0.013365210965276,-0.027299283072352,0.030764058232307,-0.033795930445194,-0.029477035626769,-0.033809915184975,0.0049899662844837,-0.024691458791494,-0.041480753570795,0.031591139733791,0.024279460310936,0.01778956502676,-0.025640413165092,0.013177682645619,0.031447682529688,-0.027479058131576,-0.015380209311843,0.031670290976763,-0.013627144508064,-0.010180494748056,0.027082126587629,-0.0088629797101021,0.011553584598005,0.036292340606451,-0.019893014803529,-0.0058001410216093,-0.010898764245212,0.017695024609566,0.023307092487812,-0.034952826797962,-0.039786487817764,0.010295970365405,0.033726427704096,0.0098480461165309,-0.039833147078753,0.02039510384202,-0.027802385389805,-0.020297951996326,-0.0011698422022164,-0.024275947362185,-0.030817296355963,-0.024429632350802,0.01040031760931,0.0044436189346015,0.0091939195990562,-0.010632590390742,-0.028358807787299,0.011166771873832,0.034826118499041,-0.030430033802986,-0.011463420465589,0.020949633792043,-0.011891347356141,-0.016574928537011,-0.020633345469832,-0.026675403118134,-0.029025973752141,-0.025080626830459,-0.020917024463415,0.023095186799765,-0.0029486515559256,-0.029097842052579,0.033518888056278,0.013959742151201,0.019943533465266,0.031827703118324,-0.0083933435380459,-0.033705245703459,0.027365531772375,0.01868249475956,-0.025997314602137,0.014998115599155,0.024310218170285,0.017803123220801,0.030298443511128,-0.031820468604565,-0.0080772144719958,0.019154662266374,-0.030459389090538,0.027364289388061,-0.022761002182961,0.024965306743979,0.045022424310446,-0.018613338470459,0.024134203791618,0.033367514610291,0.0064156912267208,-0.034020472317934,-0.034017771482468,0.017362300306559,0.014810014516115,-0.018262505531311,-0.014013457112014,-0.015946200117469,0.003657286753878,-0.032425079494715,-0.007428599987179,0.00026390113634989,-0.0036544082686305,-0.025381579995155,0.0096052978187799,0.014110836200416,-0.022983599454165,0.033194486051798,0.0052522486075759,-0.024065284058452,0.018511021509767,0.00058262306265533,-0.032854914665222,-0.0083464328199625,0.0031539164483547,0.025842573493719,-0.0065101752988994,0.025556383654475,-0.0036445723380893,-0.001373487059027,-0.028006389737129,0.025932569056749,-0.0083813453093171,-0.011976997368038,-0.031859777867794,-0.011229899711907,0.025816092267632,-0.0073210624977946,0.030917454510927,-0.00127289572265,0.019742257893085,0.032671526074409,0.028039371594787,0.0083921877667308,-0.0012119389139116,-0.017266556620598,-0.0012296355562285,0.02459747903049,0.022892668843269,0.010415217839181,0.026648120954633,0.024420704692602,0.014847722835839,0.0086410297080874,-0.0235037188977,-0.0049380846321583,-0.031958527863026,-0.016766214743257,-0.007949773222208,-0.018310185521841,0.020802607759833,0.028634550049901,0.035719357430935,0.026246912777424,-0.0058054863475263,0.017586985602975,0.015631141141057,-0.016441652551293,-0.017716011032462,-0.015241424553096,-0.02573517896235,-0.01147950347513,0.018260806798935,-0.020693529397249,0.017818743363023,-0.033176019787788,-0.018709149211645,0.026191350072622,-0.011206803843379,-0.03997128456831,0.0041902265511453,0.0093120317906141,-0.014453934505582,-0.036081425845623,-0.013385602273047,0.023012137040496,-0.0048041888512671,0.013842479325831,-0.018599903210998,-0.014838896691799,0.01537371147424,0.0074972384609282,-0.024974215775728,0.0085908295586705,-0.0066610076464713,0.028895895928144,0.024370258674026,-0.03244062140584,-0.038193073123693,-0.023080170154572,0.021275922656059,-0.016901986673474,0.019939655438066,-0.010090962983668,0.021029448136687,-0.0098571302369237,0.0061167841777205,0.036129709333181,-0.027590651065111,-0.014903899282217,-0.021503495052457,0.0048589315265417,-0.039034232497215,-0.0055227573029697,-0.032219126820564,-0.025129068642855,-0.00011243186600041,0.027462562546134,-0.0045062517747283,0.011610733345151,0.0036487493198365,0.0076302937231958,0.0045627653598785,0.0055115586146712,0.017243864014745,0.060032285749912,-0.019799567759037,0.007658158428967,0.026251008734107,-0.020072730258107,0.011947083286941,-0.026925491169095,-0.027101652696729,0.019927136600018,0.018021263182163,0.008182356134057,0.018663736060262,0.018834259361029,-0.030174255371094,0.015789972618222,-0.039988297969103,-0.031460221856833,-0.00809789262712,-0.036530010402203,-0.017770620062947,-0.01719593256712,-0.0064202756620944,-0.035355061292648,-0.016617141664028,0.0032586411107332,-0.0021176198497415,0.028051296249032,-0.027255455031991,-0.013159738853574,-0.025299882516265,-0.024257838726044,0.021603181958199,-0.032698035240173,0.028637869283557,-0.032480534166098,0.02784969843924,0.031513556838036,-0.011474709957838,0.034279208630323,0.013835017569363,0.026283301413059,0.033718544989824,0.00077438389416784,0.0019430125830695,-0.029624339193106,-0.035983994603157,0.031540755182505,-0.024669598788023,0.020296741276979,-0.031534399837255,-0.033059347420931,0.029035026207566,0.0090941768139601,-0.0051231300458312,-0.03228272497654,-0.030270718038082,0.0045839864760637,-0.022857494652271,-0.019150998443365,-0.027233086526394,0.017772978171706,0.014631317928433,0.035914693027735,0.038085266947746,0.0159075204283,-0.004927942994982,-0.034374076873064,0.0069965003058314,-0.018104117363691,-0.0084099378436804,-0.0016222489066422,-0.029528001323342,0.014241500757635,0.010572651401162,-0.016877450048923,-0.018903570249677,-0.0113605838269,0.062659502029419,-0.0078508974984288,0.014555038884282,0.030478006228805,-0.024237902835011,-0.016656748950481,0.030795060098171,-0.038887422531843,-0.028852870687842,-0.022478954866529,-0.0009481567540206,0.019431415945292,0.0029345890507102,0.023157494142652,-0.018109003081918,-0.03500984236598,0.0059633101336658,-0.039746776223183,-0.019607536494732,-0.029080219566822,0.024790026247501,-0.0066597289405763,-0.0051536853425205,0.012819239869714,-0.014447878114879,-0.015067873522639,-0.039807856082916,-0.032332926988602,-0.020721348002553,0.025114195421338,-0.026853859424591,0.019244687631726,0.02405765093863,-0.027756355702877,0.046658534556627,-0.040319446474314,0.030662620440125,-0.027835691347718,0.017945313826203,-0.050952523946762,-0.031588915735483,0.024924490600824,-0.022986494004726,-0.031322311609983,0.013176953420043,0.00057457166258246,-0.031230680644512,-0.020059673115611,0.020739888772368,-0.030901957303286,-0.032227657735348,0.0042442046105862,-0.02728796005249,0.019051818177104,-0.0096889147534966,0.04245575144887,-0.033356603235006,-0.034786567091942,-0.012550978921354,0.01194213796407,0.0065397284924984,0.02757428213954,-0.009168335236609,-0.021128823980689,-0.014907510951161,0.039796609431505,0.014744564890862,0.006934579461813,0.021710615605116,-0.048347100615501,-0.010019479319453,0.020198799669743,0.0096383597701788,0.00040888483636081,0.014578515663743,-0.015309520065784,-0.026806181296706,0.034403584897518,0.0010507428087294,0.039403881877661,0.032241262495518,-0.058224946260452,-0.017754187807441,-0.018338436260819,-0.019917173311114,0.033070735633373,0.013540653511882,0.0045774923637509,0.0237104780972,-0.0035865569952875,0.034726478159428,-0.027969257906079,-0.028623783960938,-0.0050760004669428,0.01792224869132,-0.034031078219414,0.0061744428239763,-0.013131951913238,0.022801969200373,0.012890452519059,-0.0036331892479211,0.013563500717282,-0.011885561980307,-0.00085947045590729,-0.031590510159731,-0.026745680719614,-0.042362220585346,0.0075022988021374,0.007555294316262,-0.0059050461277366,-0.021170478314161,-0.040425702929497,0.0090779364109039,-0.018737001344562,-0.018641464412212,-0.0031029817182571,-0.012016193009913,0.033966604620218,0.037296764552593,0.012856071814895,0.0090780816972256,0.016007855534554,0.038882605731487,0.034952986985445,0.0093653164803982,-0.024058856070042,-0.026182692497969,-0.017212547361851,0.021945111453533,0.0055813500657678,0.013613267801702,0.027178201824427,0.0055483067408204,-0.0087711606174707,0.02444601431489,-0.0047458941116929,0.027384335175157,0.029862308874726,-0.0040311207994819,0.0053119543008506,-0.0274145770818,-0.0073417238891125,0.035489957779646,0.00096257391851395,-0.019841441884637,0.0023894272744656,0.024551287293434,0.018374158069491,0.011684926226735,-0.0038294359110296,0.0052053714171052,-0.014624943956733,-0.013089065439999,0.018874697387218,-0.0080988463014364,0.022543203085661,0.020834213122725,-0.020778069272637,0.014813279733062,0.03929740563035,-0.011304672807455,-0.021941889077425,0.051513627171516,-0.028345201164484,0.039179760962725,-0.0011786874383688,0.0078548211604357,-0.018131600692868,-0.011852469295263,0.0014827753184363,0.0099555468186736,-0.032617352902889,0.011089591309428,-0.012940585613251,0.017569294199347,0.0093516670167446,-0.032575037330389,0.033653870224953,-0.0059211263433099,0.016701608896255,-0.0016934048617259,-0.012959076091647,0.026114091277122,0.020775754004717,-0.03854713961482,0.00039024607394822,-0.010789719410241,-0.014681588858366,-0.015835337340832,0.02471175044775,0.017963657155633,0.014626842923462,-0.0064026731997728,-0.031891860067844,-0.046893455088139,0.012480648234487,-0.020288469269872,-0.018921010196209,-0.012045211158693,0.01383406855166,-0.024755636230111,-0.011983319185674,-0.035278059542179,-0.061205167323351,-0.034174468368292,-0.022032491862774,-0.0096432697027922,-0.032107263803482,0.0097559010609984,0.030395803973079,0.014703563414514,0.040030404925346,-0.018312703818083,-0.037796944379807,-0.01918064430356,0.014373978599906,-0.019204370677471,0.012972936034203,-0.006321728695184,0.0084717990830541,-0.030703593045473,-0.004033338278532,-0.029792128130794,0.0036713581066579,0.052992653101683,-0.020977975800633,0.036134041845798,0.019128318876028,-0.007896201685071,0.036055073142052,0.015956962481141,-0.012231083586812,0.0023922082036734,0.017990158870816,-0.027883004397154,0.015351369045675,0.032748281955719,0.025584461167455,-0.01654900982976,0.029980959370732,0.0269630625844,0.026233987882733,5.283803329803e-05,-0.0011936192167923,0.0064667644910514,0.023876208811998,0.025509990751743,0.0069551547057927,-0.028751334175467,0.028370937332511,0.01692259311676,0.0069516436196864,-0.020101651549339,-0.035193335264921,0.015689246356487,-0.022615540772676,0.040119044482708,-0.01261521037668,0.037165127694607,0.025514505803585,0.039843015372753,0.015002542175353,0.024755228310823,-0.02381051890552,-0.0044469987042248,-0.012171316891909,0.0053549772128463,-0.020638309419155,0.012068697251379,-0.010575748980045,0.0015913419192657,0.024304267019033,0.0097953286021948,0.0010057082399726,-0.038307126611471,0.0082493778318167,0.008024200797081,-0.036590743809938,-0.017856104299426,-0.034077499061823,0.01951564475894,0.0087311863899231,-0.020014679059386,-0.017065290361643,-0.027837719768286,-0.0049384185113013,-0.029438367113471,0.015129738487303,0.006893664598465,0.012976356782019,-0.032912280410528,-0.00049557012971491,-0.030956258997321,0.0080149192363024,-0.06081834807992,-0.013126407749951,-0.005346096586436,-0.033694412559271,-0.022342162206769,0.024593720212579,0.0019712306093425,0.021654229611158,-0.021110622212291,-0.01602965593338,-0.024633247405291,0.001061127288267,-0.0057313512079418,-0.010922516696155,-0.012229749932885,0.059827100485563,-0.051817800849676,0.010315033607185,-0.025550963357091,-0.036313951015472,0.029643634334207,0.044838383793831,-0.0093205291777849,0.0070180180482566,-0.019769562408328,0.022800695151091,-0.045157834887505,-0.023251192644238,0.012742046266794,-0.080571308732033,0.040337417274714,-0.032579060643911,-0.0076188482344151,0.011247570626438,0.016656218096614,0.0043507441878319,-0.049947999417782,0.052699498832226,-0.030686967074871,0.041947413235903,-0.0091779381036758,0.015510364435613,-0.013922085054219,0.0034470220562071,-0.048614546656609,0.0071221380494535,-0.026101922616363,-0.07098912447691,-0.048748090863228,0.045674342662096,0.02680398710072,-0.013971421867609,-0.038106385618448,-0.04963019490242,-0.030427819117904,-0.041924487799406,-0.011736897751689,0.040042087435722,0.026469394564629,-0.034560825675726,-0.020066170021892,-0.062646560370922,-0.079397089779377,-0.041312828660011,0.046339694410563,-0.0054274396970868,0.032641638070345,0.028224039822817,0.016282491385937,-0.056651655584574,0.0068347509950399,0.013704926706851,-0.0341492369771,0.0098909456282854,0.020363248884678,-0.01695747114718,-0.034957725554705,-0.021538767963648,2.9126356821507e-05,-0.00034591375151649,-0.042918656021357,-0.017256122082472,0.024613615125418,0.0025067047681659,-0.001677091117017,-0.066252186894417,0.028763884678483,0.004576800391078,0.0034800490830094,-0.023329203948379,-0.018710874021053,-0.018635435029864,-0.0052485885098577,0.1111903861165,-0.035402692854404,0.0059766001068056,0.018369531258941,0.034673139452934,-0.00923284702003,0.023367995396256,-0.047567047178745,-0.028565675020218,0.017660146579146,0.0097131859511137,-0.031675428152084,0.026307808235288,-0.022027878090739,0.018084619194269,0.0081204883754253,0.0030216975137591,-0.015387121587992,0.015539735555649,0.052437052130699,-0.02622732706368,-0.0074672251939774,-0.022608717903495,-9.7568001365289e-05,-0.032028492540121,0.04222746565938,-0.027900658547878,-0.01527267228812,0.0344313159585,0.0093444809317589,0.046234115958214,0.022238286212087,0.034099761396646,-0.019283777102828,-0.046260885894299,0.026096366345882,-0.011201919056475,-0.0055857361294329,-0.010368035174906,-0.062530755996704,0.051544331014156,0.054674442857504,0.0038689489010721,0.011293752118945,0.0045561105944216,0.04736765474081,0.00093717058189213,-0.0029135041404516,0.022109473124146,0.004638587590307,0.0094134360551834,0.027270887047052,-0.032841641455889,-0.013127698563039,0.031012680381536,0.025432165712118,-0.029812466353178,0.027148133143783,0.029167585074902,0.03230332583189,0.066639192402363,-0.046776421368122,-0.0043721068650484,0.031455118209124,0.011742203496397,0.0058320248499513,0.015263505280018,0.010854573920369,-0.022843062877655,-0.035791084170341,-0.072371058166027,0.03456761687994,-0.039574701339006,-0.030943566933274,0.0069811106659472,0.0052163973450661,0.0082654329016805,0.056223392486572,0.014870541170239,0.005365845747292,0.015156840905547,-0.012123032473028,-0.037322741001844,-0.031568519771099,0.01523679215461,0.0082761198282242,0.031470395624638,0.033310424536467,0.019926104694605,0.018148938193917,-0.049975730478764,-0.039468850940466,-0.02056129835546,0.046134416013956,-0.047847259789705,-0.013160380534828,-0.00035182602005079,0.10505037009716,0.041647635400295,0.011562073603272,-0.00013567444693763,-0.0079651679843664,-0.059391725808382,0.01453029923141,0.0034512444399297,-0.027457138523459,0.032528638839722,-0.028617532923818,0.075469881296158,-0.020838506519794,-0.02674693800509,0.0191336479038,-0.02254219725728,-0.031691793352365,-0.042870137840509,-0.018532948568463,0.062574312090874,0.055635873228312,0.0182837061584,0.032824579626322,-0.011911691166461,-0.021970652043819,0.010323863476515,0.0009008958004415,0.002551217796281,0.0015108801890165,-0.040040045976639,0.026458969339728,0.0095170810818672,-0.075165472924709,-0.0015887006884441,-0.0024236030876637,-0.025414137169719,-0.022384000942111,0.075702704489231,0.016579693183303,0.041727386415005,0.020732719451189,0.040761526674032,0.051886767148972,0.014447576366365,0.0081022465601563,0.024909444153309,0.026360241696239,0.0024109724909067,-0.0035609654150903,-0.017341695725918,-0.026849899441004,-0.022512039169669,0.027268225327134,-0.010136066935956,-0.012894724495709,-0.020968921482563,-0.038306497037411,0.040021311491728,0.058266803622246,-0.046690426766872,0.0024617030285299,-0.012477308511734,0.014800413511693,-0.012096128426492,-0.021403970196843,0.017442815005779,-0.01814273186028,0.010147041641176,0.0017662647878751,0.019337024539709,0.0059778783470392,0.0016277206595987,0.023280035704374,0.027763718739152,0.025217313319445,-0.048908710479736,-0.044065788388252,0.012248759157956,0.019228141754866,-0.028238717466593,-0.0010028505930677,0.086290925741196,0.0085266577079892,0.034810457378626,-0.01304626185447,0.0012657563202083,0.031872574239969,0.0018977476283908,-0.0036167053040117,0.046440705657005,-0.0073694810271263,-0.010367999784648,-0.056801483035088,-0.0418984554708,0.020198879763484,0.014864034019411,-0.017300613224506,0.0069990674965084,5.4436677601188e-05,0.011403104290366,-0.017397094517946,0.0056182267144322,-0.030221983790398,0.012621846981347,-0.030815677717328,0.02345322817564,0.0037406620103866,0.019430082291365,0.046299874782562,0.036008555442095,-0.070703811943531,0.019607147201896,-0.0063272016122937,0.03821899741888,0.047618549317122,0.024941856041551,0.013378294184804,-0.052070770412683,0.016461487859488,0.021709213033319,0.031172093003988,-0.007885810919106,0.033670082688332,0.011242123320699,0.0018084474140778,0.050890132784843,0.00085998768918216,-0.0075760446488857,0.025788690894842,-0.0040732426568866,0.027192924171686,0.046687822788954,-0.017284791916609,0.0086735635995865,-0.00665242690593,-0.03308142721653,0.023748259991407,-0.031028365716338,-0.010661761276424,0.063244514167309,0.056136332452297,0.043056793510914,0.0078569129109383,-0.023100921884179,-0.021587444469333,-0.023046059533954,0.034724686294794,-0.026576055213809,-0.0097435470670462,-0.022016255185008,-0.00018228378030472,-0.011206393130124,0.017674310132861,0.0079621355980635,0.018846360966563,-0.001887519727461,0.032464306801558,-0.025078848004341,0.053512394428253,0.011975610628724,-0.021223913878202,-0.056854661554098,-0.00047729874495417,0.023628802970052,-0.02515578083694,-0.0099617699161172,-0.009447181597352,-0.0013122976524755,0.0076720579527318,-0.0011998456902802,-0.020959755405784,-0.0088955666869879,0.013419493101537,-0.032452948391438,0.021320199593902,-0.0043886490166187,-0.017239296808839,0.0085125947371125,0.036990005522966,0.031314555555582,0.016819609329104,-0.011839334852993,-0.018239844590425,0.001796261058189,-0.014547625556588,0.011784050613642,-0.016778917983174,0.013361852616072,-0.018791735172272,-0.030747504904866,-0.025348555296659,-0.033436939120293,0.0067705186083913,0.017929300665855,0.019420180469751,-0.0052114310674369,0.0088078370317817,-0.015620233491063,0.0071594472974539,-0.010662537068129,0.0068512824364007,-0.023496683686972,0.0047390968538821,-0.0083844717592001,0.0014718658057973,-0.044071260839701,-0.044796220958233,-0.016572639346123,-0.0068526132963598,0.0023620983120054,-0.025294980034232,-0.013026655651629,-0.035639222711325,0.044280629605055,-0.0057497378438711,-0.018140994012356,-0.0031969179399312,0.020983032882214,-0.033416770398617,-0.01106882840395,-0.024993440136313,-0.011939249932766,-0.02100058272481,0.030765265226364,0.011950238607824,0.0079736961051822,0.02041107416153,-0.030749620869756,-0.018342323601246,-0.013036701828241,-0.0094245932996273,0.0069859554059803,0.016991060227156,-0.0017246884526685,-0.028830949217081,-0.0021126419305801,0.018005903810263,0.0098833618685603,-0.007477278355509,-0.017043523490429,-0.021429704502225,-0.0094228442758322,-0.023134810850024,0.0027608254458755,-0.011502040550113,0.020630219951272,0.035883855074644,-0.049113154411316,0.015030592679977,0.032392762601376,0.026768865063787,0.010191629640758,-0.010999855585396,-0.028627378866076,-0.0020456786733121,0.019128693267703,-0.017949160188437,0.0052216742187738,0.025515573099256,0.031083434820175,0.03228048235178,0.03541524335742,0.023268405348063,0.0093379728496075,0.015017653815448,-0.030682718381286,0.029428511857986,0.0064159776084125,0.002568545518443,0.028846606612206,0.0010867132805288,-0.00061613746220246,-0.020845789462328,0.018618527799845,0.0050000562332571,0.020096555352211,-0.02302005328238,0.033378895372152,-0.033561214804649,0.027494322508574,-0.0046714753843844,-0.028791435062885,0.030446168035269,0.016849232837558,0.041857186704874,0.0098566357046366,-0.040284372866154,-0.0042727859690785,0.0047217216342688,0.013791323639452,0.038659147918224,0.02939978800714,-0.00933638215065,0.028537679463625,0.032656971365213,0.0097189657390118,-0.016643635928631,-0.016602411866188,0.01012281421572,0.014532965607941,-0.0070679527707398,-0.0045142997987568,-0.022081797942519,-0.0036153534892946,0.0056615639477968,-0.046806272119284,-0.00072070979513228,-0.031979694962502,-0.020559698343277,-0.0032588569447398,-0.015207794494927,0.015426912344992,0.0022355667315423,0.010154456831515,0.013145732693374,-0.037719815969467,-0.029660003259778,-0.0053737876005471,-0.034118697047234,-0.024202559143305,0.018453504890203,0.029667215421796,-0.025804184377193,-0.036671087145805,-0.0198765527457,-0.026848515495658,-0.0045913853682578,0.030577482655644,0.0046919579617679,-0.00018351830658503,-0.015572470612824,0.033267892897129,-0.013655188493431,-0.025002758949995,0.026654899120331,0.0099751856178045,-0.0088514108210802,-0.026858301833272,0.038842462003231,-0.025230906903744,-0.0025230790488422,0.0115881357342,0.01379185449332,-0.0048859971575439,0.01337662525475,0.015907445922494,0.029371792450547,0.012921765446663,-0.020901909098029,0.023445729166269,-0.007904039695859,-0.014223530888557,0.021814217790961,0.0095102647319436,0.030198205262423,-0.02690170891583,0.0099174045026302,-0.016359776258469,-0.012379684485495,0.02049682661891,-0.0010689544724301,-0.019052727147937,0.017502754926682,0.019346497952938,0.010268367826939,-0.023132096976042,-0.0090304287150502,0.029489597305655,-0.018692823126912,0.0089299222454429,-0.020531656220555,0.026549655944109,-0.038845706731081,-0.004030320327729,0.0023699610028416,-0.024359511211514,-0.010969890281558,-0.021859532222152,0.020159037783742,-0.032969754189253,0.0035756903234869,-0.037793710827827,-0.0029474378097802,0.0056676012463868,-0.031089531257749,0.033373985439539,0.035574119538069,-0.031264014542103,-0.013901957310736,0.020446553826332,0.0093791671097279,-0.004544239025563,0.0063954624347389,-0.0051545025780797,-0.035293865948915,0.018101485446095,-0.031435713171959,0.018990352749825,-0.010088835842907,-0.029851734638214,-0.027066869661212,-0.0017847254639491,0.0086901783943176,-0.00071964808739722,0.029333431273699,-0.0014429072616622,-0.013030055910349,-0.025311818346381,0.030140211805701,-0.0062106014229357,-0.021516174077988,0.001359598361887,0.0099083641543984,-0.0002598796854727,-0.0074606495909393,-0.030270511284471,-0.032230995595455,-0.0022091728169471,-0.016399722546339,0.0056639164686203,0.016077846288681,-0.0033567643258721,-0.032897770404816,-0.0005832074675709,0.024581659585238,0.034364216029644,0.022624656558037,-0.00056569499429315,0.039457492530346,0.026939703151584,-0.029033934697509,0.025271199643612,0.01972590200603,0.021256413310766,-0.019460365176201,-0.014366467483342,-0.01422309037298,0.020219203084707,0.038160637021065,0.034469209611416,0.016776179894805,0.029739942401648,-0.013677017763257,-0.007758273743093,-0.028781721368432,-0.036780171096325,0.00016447108646389,-0.034200478345156,-0.0052176918834448,0.0051189167425036,0.0091289561241865,-0.021949458867311,-0.0064563225023448,-0.018076865002513,-0.015687625855207,0.043298218399286,-0.018487509340048,0.022237172350287,0.032669469714165,0.029214510694146,0.028288910165429,0.019201258197427,0.002911476418376,-0.039444204419851,-0.0022073651198298,0.0077414023689926,-0.020560812205076,0.032779917120934,-0.018326789140701,0.028029456734657,0.039876092225313,-0.015007509849966,-0.0042497883550823,0.027138393372297,0.0094806700944901,0.0067954850383103,-0.024639323353767,0.0092653762549162,0.0045300759375095,-0.022029124200344,0.021936716511846,-0.022811241447926,-0.022999940440059,0.0072798100300133,-0.033598825335503,-0.0020472391042858,-0.017338905483484,0.0089637041091919,0.0073782368563116,0.0060923271812499,-0.0024582077749074,0.022687368094921,0.0066481782123446,0.0091807367280126,0.03443531692028,0.025048144161701,-0.013095713220537,0.018059650436044,-0.019072193652391,-0.03758255019784,0.03016285598278,0.035345945507288,-0.0068828044459224,-0.0094144223257899,-0.01174062024802,0.0064561879262328,-0.024473553523421,-0.024853734299541,0.011661730706692,0.02001541852951,-0.022361634299159,0.0083828866481781,-0.039817336946726,-0.014614878222346,-0.016350561752915,-0.0030502260196954,-0.017875881865621,0.020908689126372,-0.015173352323472,-0.013333804905415,-0.0014454914489761,-0.010293904691935,0.01360256690532,-0.0048838923685253,-0.029099283739924,-0.0093411738052964,0.0013572475872934,0.0083308080211282,-0.0016158904181793,-0.049024604260921,-0.01848747394979,-0.00019409421656746,0.0028572517912835,-0.0264822691679,0.008315647020936,-0.008920076303184,-0.016712123528123,-0.012469026260078,-0.010652843862772,0.016062589362264,-0.025846781209111,0.00040800496935844,0.026120774447918,0.011626495048404,-0.044793207198381,-0.0076692174188793,0.021498996764421,0.0039798999205232,0.010513721033931,0.026837518438697,0.024634907022119,0.00039938424015418,0.001038565300405,0.026894429698586,0.0098610557615757,-0.0100186932832,0.0019028248498216,-0.00087879953207448,0.016708828508854,0.010849324986339,-0.033032577484846,-0.013821449130774,-0.0063098375685513,0.0030830027535558,-0.02922254614532,-0.0051553156226873,-0.0038681719452143,0.033352613449097,0.016444822773337,0.030545074492693,0.021369740366936,-0.03545019030571,0.034109458327293,-0.0054278359748423,0.014286635443568,0.0067023662850261,-0.0080986320972443,0.015200737863779,-0.028113277629018,-0.026794634759426,0.015973730012774,-0.041578304022551,-0.028851203620434,0.045202728360891,0.02858323417604,-0.024202536791563,-0.032596707344055,-0.0092973951250315,0.023212740197778,-0.0024241381324828,-0.011653363704681,0.0029631522484124,0.0025782808661461,-0.030058899894357,0.036466863006353,-0.020526988431811,0.062832541763783,0.0084535144269466,0.022927459329367,0.0028840755112469,0.007882772013545,0.054276593029499,0.022216569632292,-0.00069958408130333,0.024939198046923,0.020724544301629,0.018881374970078,-0.0075587742030621,0.038424111902714,-0.0322509072721,0.024933381006122,0.0068854931741953,-0.044673431664705,-0.020931482315063,0.0021243700757623,-0.044716473668814,0.036150824278593,0.023781165480614,-0.010666815564036,-0.027006709948182,0.048120096325874,-0.023026920855045,0.011583029292524,-0.00033371883910149,-0.0035877614282072,0.011562150903046,-0.035249978303909,0.024986954405904,-0.01505368296057,-0.0075890799053013,0.010374984703958,0.028885276988149,0.026673227548599,0.027740595862269,-0.022555287927389,0.012971978634596,-0.019699098542333,-0.039121493697166,-0.046935852617025,0.030301412567496,0.018567806109786,0.019297802820802,-0.011723602190614,0.027489488944411,-0.034686211496592,-0.015711423009634,-0.034570455551147,0.026607969775796,0.039894063025713,0.052605416625738,0.0035328189842403,-0.0076476386748254,-0.018624100834131,0.013733087107539,0.002127054380253,-0.03343116864562,-0.041691318154335,-0.070586562156677,0.083261042833328,-0.005737402010709,0.061532866209745,-0.029474388808012,-0.015614585950971,0.022807473316789,0.0072267190553248,0.051726423203945,-0.0092945704236627,0.0023517245426774,0.0091223167255521,0.012973056174815,-0.018834676593542,0.038541041314602,-0.027936639264226,-0.006755662150681,-0.017737550660968,0.014369007200003,-0.0051219277083874,0.01902449503541,-0.021702159196138,-0.036886494606733,-0.028235821053386,-0.014354716986418,0.03741217404604,0.038704600185156,0.011912731453776,-0.012654318474233,0.02452671341598,-0.016829077154398,-0.011288489215076,-0.0047455416060984,-0.002425350015983,0.022750921547413,0.019949657842517,0.023925052955747,0.023260457441211,-0.024960000067949,-0.0041516008786857,-0.012564122676849,0.0068893125280738,0.020891349762678,-0.030936524271965,-0.019025528803468,0.0073764463886619,-0.029510654509068,0.023292502388358,-0.0068009193055332,0.01953481324017,0.0048057306557894,0.052312415093184,0.02866637147963,0.022703113034368,-0.0044183013960719,0.049822483211756,-0.024455688893795,0.020142966881394,0.024863922968507,-0.043599661439657,-0.078516021370888,-0.013571015559137,0.0046090646646917,0.011348527856171,0.043992966413498,0.022207383066416,0.033934388309717,-0.010219651274383,0.034624110907316,-0.017373556271195,0.024398285895586,0.040069434791803,-0.0093642827123404,-0.0069385282695293,-0.021514523774385,-0.035777226090431,0.04817008972168,0.017293808981776,-0.052226886153221,-0.03562718629837,-0.030654599890113,0.03180318698287,-0.0028243453707546,0.010884599760175,0.01094576716423,0.032412897795439,0.025266785174608,0.049158997833729,0.033151417970657,0.016923202201724,0.0023349937982857,-0.033851504325867,0.017915381118655,0.008564711548388,0.0017511371988803,0.025053231045604,-0.026136377826333,-0.00079876731615514,0.01715730689466,0.0023006198462099,0.020750315859914,0.035490851849318,0.0037090496625751,-0.040912721306086,-0.0057004019618034,0.028123779222369,0.0046455767005682,0.035616960376501,-0.029090097174048,-0.00070637970929965,0.016560630872846,-0.021085351705551,-0.057624246925116,-0.022430669516325,0.032576866447926,0.024870026856661,0.048184592276812,0.020872518420219,-0.0064723086543381,-0.028571579605341,-0.00071567104896531,-0.015645446255803,-0.0095430519431829,0.026167651638389,-0.025116417557001,-0.00014792926958762,0.026207156479359,0.0091516505926847,-0.036227881908417,0.028455313295126,0.057879231870174,-0.012206096202135,0.020938729867339,0.017653662711382,0.0075250086374581,0.013513774611056,0.045994430780411,0.021845290437341,0.037682246416807,0.030001673847437,0.012051662430167,0.027955885976553,0.013976659625769,-0.061807878315449,-0.0047465581446886,0.0037269473541528,-0.006604599300772,-0.0030296847689897,0.037022922188044,0.050170075148344,0.02296276576817,-0.0011151453945786,0.0020614282693714,0.02745221182704,0.00977947935462,-0.046578429639339,0.008465651422739,0.020085234194994,0.025210648775101,0.021183965727687,-0.004582635127008,0.010512443259358,0.014654561877251,0.063200540840626,0.03340532258153,0.018817441537976,0.038434688001871,-0.014068333432078,-0.014268049038947,0.023054206743836,0.0039017400704324,0.013245421461761,-0.001842167461291,-0.020731970667839,0.023764166980982,-0.030762543901801,0.01275323331356,-0.021063473075628,-0.0087115606293082,-0.00053300062427297,-0.018529450520873,0.0016970165306702,0.012327286414802,0.11484069377184,0.027273533865809,-0.042754046618938,-0.025300398468971,0.044556468725204,0.0013922248035669,0.036650687456131,-0.016132792457938,-0.04296063631773,-0.026602456346154,0.02279220148921,0.011255448684096,-0.0098106544464827,0.0021679122000933,-0.0043893386609852,0.039461530745029,-0.021336175501347,0.030009403824806,0.0091688567772508,-0.00046888098586351,-0.0075606722384691,0.04540054127574,0.038795419037342,-0.022138541564345,-0.0030080275610089,0.040400795638561,0.039800651371479,-0.010589713230729,0.014402134343982,-0.023322615772486,0.026442505419254,-0.01075395476073,-0.025178985670209,-0.026552462950349,-0.027737431228161,-0.017709909006953,0.018569437786937,0.043687671422958,-0.0029210795182735,0.0023990052286536,0.02185439504683,-0.0037875804118812,-0.018239051103592,0.028692077845335,-0.016461815685034,-0.011686731129885,-0.025858020409942,0.041932485997677,-0.041226454079151,0.018546957522631,0.0089344186708331,-0.014629621990025,0.017440931871533,0.019983656704426,0.028540147468448,0.018267875537276,-0.02147008292377,-0.022469121962786,0.035399235785007,-0.019525164738297,0.0061948420479894,0.020802315324545,-0.023493338376284,-0.014175754971802,0.0034464469645172,-0.01568479090929,-0.01126694958657,-0.0069222832098603,0.030704032629728,-0.029725387692451,0.00092920352471992,0.036848470568657,0.026276580989361,0.007770502474159,-0.0014085859293118,0.023053368553519,-0.022902883589268,0.0037404575850815,-0.031353488564491,-0.002156637609005,0.021269202232361,0.0064838561229408,-0.029913017526269,-0.018714645877481,0.013478732667863,-0.023298462852836,0.019893679767847,-0.020884348079562,0.021957583725452,-0.0012954173143953,0.034266505390406,0.0088255563750863,-0.025538679212332,-0.027576951310039,0.022788848727942,-0.014041848480701,0.011545963585377,0.020419832319021,-0.015809098258615,0.019987570121884,-0.011591016314924,-0.010161763988435,-0.023766100406647,0.0092397890985012,-0.0056710783392191,0.033778678625822,-0.013968866318464,0.011601880192757,-0.033025395125151,0.005577614530921,-0.0020448092836887,0.00454325042665,-0.014468877576292,0.023390531539917,-0.0033776347991079,-0.008053507655859,0.023715702816844,0.0074888034723699,-0.036362696439028,-0.030123380944133,0.016541171818972,0.011376947164536,0.016886243596673,0.013688484206796,0.03222044184804,-0.019067140296102,-0.0092483442276716,0.020683564245701,-0.0020082122646272,-0.010314038023353,0.0055150729604065,-0.028672588989139,0.032505139708519,0.016413997858763,-0.0059976875782013,-0.012245246209204,-0.029855066910386,-0.035557813942432,0.036213777959347,-0.020632971078157,0.019284272566438,-0.01954491250217,0.014697965234518,0.022484919056296,-0.03394166752696,-0.021689066663384,-0.036778099834919,0.019628871232271,0.015123661607504,0.0022753479424864,0.036447130143642,0.033544793725014,0.010564947500825,0.0035167359746993,-0.032893523573875,-0.017293507233262,-0.00022296112729236,0.020305067300797,-0.023807119578123,-0.020894231274724,-0.021892812103033,-0.02060266956687,0.015762500464916,0.022097215056419,-0.030792055651546,-0.020473845303059,0.0015544241759926,0.0053660799749196,0.029585652053356,-0.013809978961945,0.036782346665859,-0.036514438688755,0.0095731159672141,-0.0017829365096986,-0.016161730512977,-0.035846553742886,-0.033562570810318,0.030307430773973,-0.01917228102684,0.0087085673585534,-0.008934648707509,-0.0094967782497406,-0.034888975322247,-0.018203074112535,0.026338120922446,0.0023878728970885,-0.0057848701253533,0.003465298563242,0.013601841405034,-0.0192417409271,-0.019737036898732,0.0048062517307699,0.027627810835838,-0.036123499274254,-0.031268838793039,-0.01150687225163,-0.0054638725705445,0.017148526385427,0.018872851505876,0.028525931760669,0.0048973942175508,-0.0073763905093074,-0.013548410497606,0.020292242988944,-0.026009555906057,-0.0055704829283059,0.009209556505084,0.0021390987094492,-0.018185349181294,-0.036405917257071,-0.0065805297344923,-0.0046739312820137,-0.016460789367557,0.02085368335247,0.030178789049387,-0.032861597836018,0.032971456646919,0.027375798672438,-0.016345921903849,0.0038308938965201,0.015322603285313,-0.030522435903549,-0.00082168512744829,-0.010116657242179,-0.00018364541756455,-0.02509855479002,0.029611533507705,0.025610586628318,-0.019380193203688,0.036586180329323,-0.02146265655756,0.025400087237358,0.033560000360012,-0.004684004932642,-0.022552631795406,-0.032990038394928,0.00030116102425382,-0.003823306877166,-0.02409459836781,-0.022844813764095,-0.018049035221338,-0.0048894812352955,0.027324749156833,-0.026942104101181,-0.029996827244759,0.015020968392491,-0.026225993409753,0.020032670348883,-0.00082755176117644,-0.0020751929841936,-0.017594968900084,0.0071991360746324,-0.015846593305469,0.0084692891687155,0.0036128980573267,-0.022737653926015,0.0071811666712165,0.024068232625723,-0.0053699314594269,0.011063234880567,-0.023287117481232,-0.0033221791964024,0.013088543899357,-0.032727271318436,0.026604142040014,0.0030102767050266,0.0063521987758577,-0.0099704461172223,0.006912583950907,0.0071464828215539,-0.019087996333838,-0.013733011670411,-0.022548219189048,-0.031709298491478,0.03253998234868,0.032725501805544,-0.031010117381811,0.010344454087317,0.01895784959197,-0.029606914147735,-0.014355126768351,0.01612233184278,-0.018120128661394,-0.02676435187459,0.030868073925376,-0.0059116366319358,0.0010563950054348,-0.012671126052737,-0.015373262576759,0.030145846307278,0.0251444298774,-0.026013365015388,0.022942120209336,-0.026098966598511,0.010195192880929,0.0166269633919,0.0083881439641118,0.026270413771272,-0.0010113500757143,-0.009141736663878,-0.028047181665897,0.027127742767334,0.035683106631041,0.035211134701967,0.0060256063006818,-0.022920893505216,0.015365958213806,-0.0026590223424137,0.011516137979925,0.0023840707726777,0.035905692726374,-0.032393336296082,-0.010111616924405,0.0012769070453942,0.011460633017123,-0.0025955927558243,-0.014491573907435,0.0031621053349227,0.032775186002254,-0.00087082985555753,-0.03531052544713,-0.019117090851068,0.016972320154309,0.010700493119657,-0.023432170972228,0.022577449679375,0.0063382801599801,-0.035014387220144,-0.032431352883577,0.005281887948513,0.020824054256082,0.024008559063077,-0.00090462592197582,0.0032326637301594,-0.021778358146548,0.019327562302351,-0.027667719870806,0.012473108246922,0.034982267767191,-0.015936778858304,0.030053528025746,0.014238308183849,-0.015060368925333,-0.0078587234020233,0.015226322226226,-0.03132252395153,-0.014449781738222,-0.00038264965405688,-0.0090638510882854,-0.01962517015636,0.022426418960094,-0.02742032520473,0.031598262488842,0.011301730759442,0.012908976525068,0.015092222951353,0.027182664722204,0.0059352377429605,0.0083473771810532,0.018085595220327,-0.015755260363221,-0.022053744643927,0.017382439225912,-0.028035055845976,0.0018784960266203,-0.012572761625051,-0.019616251811385,0.0302290674299,-0.027368426322937,0.0097638815641403,-0.01239628251642,0.01207778416574,-0.0034016822464764,0.022488867864013,0.019092969596386,-0.011201611720026,-0.020154947414994,0.0082642249763012,0.01158672105521,-0.0029849091079086,-0.036098998039961,-0.025576265528798,0.0026309718377888,0.012180459685624,-0.0031331754289567,-0.0054696626029909,-0.002434405265376,0.0046990984119475,0.035413388162851,-0.012896068394184,0.022572597488761,-0.02144312672317,0.034226857125759,0.022462224587798,-0.00064289657166228,-0.0046261907555163,-0.026061601936817,0.014449437148869,-0.00051156070549041,-0.011681108735502,-0.027853330597281,0.0072238254360855,0.031658004969358,0.015659781172872,0.019442530348897,0.030512899160385,0.0033504888415337,0.013148816302419,-0.0003356946981512,-0.00099161011166871,-0.020230853930116,-0.0098235569894314,0.029464658349752,-0.017569031566381,0.019990643486381,0.036181215196848,0.034167811274529,0.034393351525068,0.015032560564578,0.029783071950078,0.034001477062702,0.020959928631783,0.035293139517307,0.032696325331926,-0.027432905510068,0.015314259566367,0.030411699786782,0.0060379751957953,-0.013451577164233,0.0040292828343809,-0.018656730651855,0.024338949471712,-0.020480511710048,0.026316566392779,-0.027918823063374,0.010225948877633,-0.00164376758039,-0.011176380328834,0.017178321257234,-0.0060479789972305,0.021089220419526,-0.024070497602224,0.025016473606229,0.027387019246817,-0.012227714061737,0.028446067124605,0.0080888448283076,0.019173996523023,0.020927265286446,0.034414254128933,0.028371332213283,-0.016635462641716,-0.0013009870890528,0.024051949381828,-0.018811451271176,0.004019083455205,-0.032298162579536,0.03141113370657,0.024939924478531,-0.017092503607273,0.0088685182854533,-0.026545280590653,0.0011708873789757,0.0060833306051791,0.020191863179207,-0.03509958833456,0.016495896503329,0.01132770627737,0.011194312013686,0.016335215419531,0.031080638989806,-0.027674313634634,-0.036723256111145,-0.015769923105836,0.0016831473913044,-0.0016755468677729,-0.030775830149651,-0.024738127365708,0.033332958817482,0.022027831524611,0.03137868270278,0.020094968378544,0.020895233377814,-0.0064653144218028,0.031964089721441,0.03253073617816,-0.034751433879137,0.031424257904291,0.0029139223042876,0.0047111036255956,-0.011681818403304,0.0034711053594947,0.025983160361648,0.026109667494893,0.0085837943479419,0.0086770551279187,0.020373702049255,-0.032501988112926,0.024489799514413,0.015000062994659,-0.00029110498144291,0.016746873036027,0.035543754696846,-0.010336820036173,-0.0084349643439054,-0.035509653389454,0.018577959388494,-0.01654152199626,-0.025148048996925,0.0067439777776599,0.0082196984440088,-0.0044946069829166,0.014007807709277,-0.012154959142208,-0.024296965450048,-0.034562472254038,0.0045754257589579,-0.0074084936641157,0.013750574551523,0.013095336966217,0.0045506721362472,0.022774567827582,0.020962519571185,-0.011441647075117,0.022398125380278,-0.023514134809375,0.020872309803963,-0.023859931156039,-0.033815491944551,0.012570081278682,0.030277237296104,0.023286066949368,0.031836625188589,0.027122039347887,0.0057732169516385,-0.025369929149747,0.031759612262249,-0.020399833098054,0.0043961573392153,-0.019506027922034,0.021018801257014,-0.027274135500193,0.023632630705833,0.012734060175717,-0.0022181684616953,0.021517047658563,0.027059577405453,0.033049158751965,-0.011981795541942,-0.030670380219817,0.016813902184367,0.011553354561329,0.023907151073217,0.021559309214354,-0.023330882191658,-0.011784735135734,-0.036056943237782,0.0059044505469501,0.014764457941055,-0.0094766682013869,0.032723747193813,0.0039123734459281,-0.030222449451685,-0.024933068081737,0.029791943728924,0.024316348135471,-0.020491003990173,0.027028167620301,0.0038306571077555,-0.0040170042775571,0.0106350351125,-0.022708013653755,-0.015356122516096,0.002311077201739,0.025366215035319,0.023575259372592,-0.0038681961596012,0.015573438256979,0.019276997074485,0.034718867391348,-0.033090803772211,-0.025051368400455,0.0023197825066745,0.014098299667239,-0.036557126790285,0.0061844852752984,-0.026501409709454,-0.035377558320761,-0.035844098776579,-0.034589484333992,-0.014015592634678,0.0036600509192795,0.0035647838376462,0.02477697096765,-0.0078144809231162,-0.023343721404672,0.0050633884966373,0.011151444166899,-0.012671679258347,-0.0078928330913186,-0.0076905568130314,0.0035327295772731,0.025001468136907,0.034277364611626,-0.0062006507068872,-0.015662208199501,-0.033053413033485,-0.0096207400783896,-0.018944418057799,0.019715119153261,-0.0052669625729322,0.021739898249507,-0.0086273672059178,0.0083316517993808,-0.035525519400835,0.02089317701757,-0.027974624186754,-0.0094056548550725,0.014116301201284,-0.00058133021229878,-0.021200314164162,-0.020625188946724,0.0021971024107188,-0.024277672171593,0.0023898808285594,0.0097777023911476,-0.0222850125283,-0.03629495203495,-0.011185892857611,0.029895383864641,-0.011773410253227,-0.019850661978126,-0.0022238926030695,-0.0091436551883817,-0.033459607511759,0.012845991179347,-0.013647264800966,-0.024194367229939,-0.00097887869924307,-0.019295955076814,0.018799044191837,0.013498193584383,0.001645420328714,0.02574117667973,0.034931238740683,-0.030355909839272,-0.027074215933681,0.0011410186998546,-0.023239666596055,-0.0086685782298446,-0.0092085832729936,-0.020922228693962,0.036816544830799,-0.015002488158643,0.00033571952371858,0.016386287286878,0.020480768755078,0.019402213394642,-0.0038977190852165,0.018168926239014,-0.024454304948449,-0.033362254500389,-0.0044922758825123,0.010326641611755,0.03193598613143,0.00052658951608464,0.0080040078610182,0.012997774407268,-0.027585169300437,0.012433853000402,0.013792334124446,0.012581875547767,-0.023093964904547,0.020786853507161,-0.020309576764703,0.025542473420501,0.029200887307525,0.036341063678265,-0.010946664959192,0.0047202636487782,0.018916890025139,0.015097289346159,0.018992165103555,0.021346233785152,0.023733392357826,-0.0044225021265447,0.024649014696479,-0.035075023770332,-0.028603687882423,0.020529687404633,-0.0030962836463004,-0.005719237960875,0.022904440760612,-0.029447326436639,-0.028196427971125,0.025627555325627,-0.0068341735750437,0.0031364331953228,-0.015012515708804,0.011400667019188,-0.0056228376924992,0.013273691758513,-0.011231555603445,0.0095902336761355,-0.017709869891405,0.0086515350267291,0.033288028091192,0.00046455117990263,-0.031357288360596,-0.027590172365308,0.013957761228085,0.013220433145761,0.030630534514785,-0.017714226618409,-0.019311830401421,0.016970410943031,-0.016477985307574,-0.027270652353764,-0.0001691674842732,-0.028026789426804,0.014922081492841,0.036471948027611,0.0092930868268013,-0.0066624456085265,-0.012495207600296,0.0073990626260638,-0.0087212268263102,-0.007656573317945,0.034551337361336,0.01631304807961,-0.00026813181466423,0.032704304903746,0.015196708962321,-0.012512954883277,0.0012198104523122,-0.0097629679366946,-0.0075940014794469,0.0010378170991316,0.024131832644343,-0.0029764731880277,0.0015948048094288,0.019308548420668,-0.023790067061782,0.022449063137174,0.017238913103938,0.014195186085999,-0.014862968586385,0.018340520560741,0.016348097473383,-0.012575071305037,0.021118558943272,-0.015746066346765,-0.017670389264822,-0.017136014997959,-0.0056607844308019,0.026843739673495,-0.034398630261421,0.022879369556904,-0.023327810689807,-0.026970900595188,-0.019431233406067,-0.01643068343401,0.034972969442606,-0.00014259610907175,-0.0093578733503819,0.0042101792059839,-0.018718665465713,0.015372967347503,-0.00074770062929019,-0.0019473070278764,0.0027446367312223,-0.0010876780143008,-0.0056845238432288,-0.0073624812066555,-0.023895729333162,-0.008792263455689,-0.0069543649442494,0.031962674111128,-0.015422306023538,-0.0077390312217176,-0.010875412262976,0.028460554778576,0.022503521293402,-0.00042128950008191,-0.0033692552242428,-0.014444471336901,-0.012743449769914,0.0096776289865375,0.015946011990309,0.0040597626939416,0.011018315330148,0.0014331520069391,-0.022034265100956,-0.045212991535664,0.0059035066515207,-0.028410853818059,0.0131890559569,-0.0043925549834967,-0.023568868637085,0.0012971045216545,0.015541760250926,-0.026808565482497,-0.010471756570041,0.0020133282523602,-0.022189557552338,0.0075035793706775,-0.043323095887899,-0.04188496991992,-0.0054980632849038,-0.03062591329217,5.80215928494e-05,-0.0089586060494184,-0.015771243721247,0.017403747886419,0.0066964155994356,-0.012268926948309,0.031111259013414,-0.012008283287287,0.008533869870007,0.033585861325264,-0.02392783947289,0.027261961251497,0.034762945026159,0.0091277677565813,-0.026153098791838,0.016182968392968,-0.023661622777581,0.02742550894618,0.050935104489326,0.03445827588439,0.024955611675978,-0.01464977581054,-0.035831578075886,0.020644204691052,-0.0037177067715675,0.034076280891895,0.030838636681437,-0.020589966326952,0.012990325689316,0.042529430240393,0.039546299725771,-0.018025146797299,-0.00858108792454,-0.020770555362105,0.035032086074352,0.024326670914888,-0.030492078512907,-0.015479494817555,-0.025071028620005,-0.00078603712609038,-0.018335551023483,0.014179257676005,0.018303217366338,-0.0095850042998791,0.02220937423408,-0.023535948246717,-0.010436073876917,-0.032738029956818,-0.0012706748675555,-0.026257066056132,0.015647277235985,0.0083308750763535,0.007335748989135,0.014045249670744,-0.010912794619799,-0.015188399702311,-0.023991068825126,0.00065607676515356,0.019528895616531,-0.015001374296844,0.0295814499259,-0.0013769685756415,0.020569499582052,-0.0046540056355298,0.0205566175282,0.012567253783345,0.0094567397609353,-0.022950027137995,-0.012585817836225,-0.0087806740775704,0.0072490070015192,0.019824881106615,-0.0087232412770391,-0.010026739910245,0.028872655704618,-0.019791649654508,-0.012806442566216,-0.0050695901736617,0.022897215560079,0.041289646178484,-0.03023356013,0.0025797965936363,0.0098741846159101,0.013809721916914,0.041639167815447,-0.014631650410593,-0.018100114539266,-0.03767891228199,0.0243786200881,0.0065532545559108,0.035520259290934,-0.0049633015878499,-0.019980875775218,-0.0058641307987273,-0.014813248068094,0.01733386516571,0.026192812249064,-0.019200716167688,-0.0082793924957514,-0.020923335105181,0.028220687061548,0.0067308261059225,-0.015649424865842,-0.0083792367950082,0.0019225405994803,0.030394814908504,0.023077042773366,0.047010567039251,-0.014193159528077,-0.0062820524908602,0.026884509250522,-0.001463872846216,0.0027719151694328,0.010316172614694,-0.019746953621507,7.3419978434686e-05,0.0025846080388874,0.005600337870419,-0.038600325584412,0.010081774555147,-0.0047725099138916,0.022441752254963,-0.0063482248224318,-0.030605288222432,0.046159755438566,-0.01140695437789,0.0047163064591587,0.017428737133741,0.0011174168903381,-0.0037994568701833,0.01136059127748,0.0052261203527451,0.019947594031692,0.014945893548429,-0.019832788035274,-0.0099979992955923,0.013352775014937,0.033347580581903,0.031551621854305,-0.0049725342541933,-0.0041478839702904,0.032516848295927,0.0036836855579168,0.0094321789219975,-0.021725755184889,-0.0062316684052348,-0.025036407634616,0.03201923891902,-0.010103914886713,0.024474078789353,0.015823209658265,-0.00159170338884,-0.013477149419487,0.0034612987656146,-0.02775645814836,-0.0062371762469411,-0.0079106176272035,0.020494315773249,0.028704049065709,0.023020369932055,-0.014431783929467,0.019810985773802,0.016323437914252,0.038165729492903,-0.017584707587957,0.033233128488064,0.020134491845965,-0.027576142922044,-0.0066238278523088,0.017131127417088,-0.033471040427685,-0.0031880226451904,0.010369999334216,0.01014659460634,0.014062659814954,-0.006214237306267,0.0037477486766875,-0.023526668548584,-0.035750012844801,0.012370164506137,0.027559913694859,0.00028595601907,0.021175371482968,0.017516016960144,-0.040630135685205,-0.01374015212059,0.017218459397554,-0.017238564789295,0.031033823266625,-0.016880733892322,-0.034792475402355,0.003202517516911,-0.027473121881485,-0.018233569338918,0.00066224217880517,-0.03697520121932,0.01184434723109,-0.031345557421446,0.028772423043847,0.012943293899298,0.031594574451447,-0.032922852784395,-0.0026052065659314,-0.033624339848757,-0.024471770972013,0.0052769416943192,0.032083168625832,0.00082700303755701,0.0018145251087844,0.010780913755298,-0.00848682038486,0.013505989685655,0.0025039438623935,0.0068359272554517,-0.0059543265961111,0.0046666343696415,0.021907951682806,-0.024690520018339,-0.015308176167309,-0.011474799364805,-0.010184820741415,0.019673386588693,-0.0048790383152664,0.0056026284582913,-0.020143171772361,0.023517925292253,0.029076566919684,-0.021865133196115,-0.018356731161475,-0.0068291435018182,0.027500066906214,0.014699476771057,-0.042434420436621,-0.021576350554824,-0.013346599414945,-0.003643432399258,0.024212254211307,-0.017423639073968,0.01354107260704,-0.038944598287344,0.012329056859016,0.043015714734793,0.029621841385961,0.016111183911562,0.017785115167499,0.032607242465019,-0.031948357820511,-0.026335539296269,0.011795667931437,-0.048760816454887,0.031844150274992,0.039953466504812,0.030490962788463,-0.027688689529896,-0.025809762999415,0.0073759201914072,-0.03702112659812,0.024113427847624,-0.041065454483032,-0.007027362473309,0.032806042581797,0.00036134495167062,-0.039591398090124,-0.0053590522147715,0.019969625398517,0.027922527864575,-0.0080959834158421,0.035921555012465,-0.035701956599951,0.0064129806123674,0.029336523264647,-0.024850785732269,0.035808946937323,-0.03646544739604,-0.030983336269855,-0.00070722092641518,-0.012182867154479,0.019938720390201,-0.0032950669992715,-0.0011504403082654,-0.020522456616163,-0.0055436925031245,0.0097717363387346,-0.0078170252963901,-0.017623646184802,0.040250483900309,0.012369000352919,-0.015771210193634,-0.040031097829342,-0.0027709300629795,0.023777881637216,0.019041135907173,-0.0097678424790502,-0.024224618449807,-0.0043567516840994,-0.0098002525046468,0.0042405570857227,0.0073336577042937,0.034295007586479,-0.029688829556108,-0.022775311022997,-0.036147762089968,0.0011267230147496,0.038933765143156,0.0059211794286966,-0.026285041123629,0.0089879753068089,-0.030550509691238,0.0025694083888084,-0.010602278634906,0.015994509682059,0.025881685316563,0.019777206704021,0.0082633281126618,-0.016093330457807,0.022994298487902,-0.036873161792755,0.027717672288418,0.0037313215434551,-0.021073574200273,-0.033468756824732,-0.0035583055578172,-0.0027963875327259,0.025224456563592,0.02392653003335,-0.034306637942791,0.013733846135437,0.0089539689943194,-0.00097899790853262,0.018630797043443,0.030071964487433,-0.03702786564827,0.035119775682688,-0.027727553620934,-0.01652335934341,-0.03222893923521,0.012642065994442,0.025211790576577,-0.0046372241340578,-0.015244017355144,-0.028720576316118,-0.0089177936315536,0.024506967514753,-0.028941661119461,0.018451860174537,0.0091954711824656,0.040629077702761,0.041424747556448,-0.030237693339586,-0.052106283605099,0.022002508863807,0.0011799704516307,0.012099013663828,-0.015988796949387,-0.019733348861337,0.043893460184336,0.013810653239489,0.016580030322075,-0.029608376324177,0.0090265609323978,-0.008808926679194,0.0016444803914055,0.035051770508289,-0.033911820501089,-0.017414031550288,-0.010613178834319,0.027470214292407,0.017531663179398,-0.018871422857046,-0.0031538603361696,0.020379409193993,0.039619192481041,-0.0091869989410043,0.020724583417177,0.0047717066481709,-0.015235444530845,-0.017029093578458,-0.022464990615845,0.0019162455573678,0.015793163329363,-0.018870145082474,-0.010741427540779,0.016155101358891,0.031842734664679,-0.022733349353075,0.013737113215029,0.022738855332136,0.0061563444323838,-0.0015440711285919,-0.009337916970253,0.041935473680496,0.027767196297646,0.010605094954371,-0.0095601975917816,0.02780869603157,-0.027295775711536,0.0033936174586415,0.015492490492761,0.0076978304423392,-0.0039619668386877,0.042044222354889,-0.019197767600417,0.040298484265804,-0.0076908892951906,-0.013683299534023,-0.013711680658162,-0.032074756920338,0.0023315178696066,0.020259166136384,-0.018268365412951,-0.0091546727344394,-0.031298693269491,-0.030680704861879,-0.0032644972670823,0.012146457098424,-0.017454277724028,0.01475406717509,-0.014998682774603,0.011091153137386,0.012035302817822,-0.026122065261006,0.0017455848865211,-0.011017429642379,-0.034020703285933,-0.043043687939644,0.0076180710457265,-0.024308014661074,-0.013520421460271,0.0030756031628698,-0.025759784504771,-0.015623816289008,0.032081928104162,-0.025426976382732,-0.00426303781569,-0.034532800316811,-0.012962199747562,-0.035136010497808,-0.0036136182025075,-0.02506542019546,-0.019603075459599,-0.0078738052397966,0.0027992350514978,0.028276070952415,-0.033714257180691,0.035476081073284,0.015245511196554,0.014903428964317,-0.018866665661335,-0.034903861582279,0.013644511811435,0.0043875914998353,-0.0084330327808857,0.017109621316195,-0.0051716938614845,-0.018375687301159,0.020537363365293,0.018499735742807,0.019181698560715,-0.027660135179758,0.01051973272115,0.035838421434164,-0.0042462130077183,0.0088201528415084,-0.0070073381066322,0.027215518057346,0.035560965538025,0.031421970576048,0.011029243469238,0.00036108266795054,0.016157383099198,0.044352758675814,0.0050378842279315,-0.0096845114603639,0.014645735733211,-0.025075467303395,-0.013829808682203,0.018524629995227,0.023203071206808,-0.010695948265493,0.062189731746912,0.011622112244368,-0.00038813261198811,0.006690249312669,-0.0066724820062518,-0.022229848429561,0.012288767844439,-0.013081767596304,0.037980370223522,0.018627393990755,0.060508549213409,-0.02103535272181,-0.036371883004904,0.025408867746592,0.040363874286413,-0.0033966524060816,-0.0035097228828818,-0.038548983633518,0.028787130489945,0.022245986387134,0.0200797598809,0.013468068093061,-0.0088111767545342,-0.013284433633089,-0.051150947809219,-0.027541214600205,0.01739170588553,0.010580561123788,0.020406424999237,-0.0086821038275957,-0.0044196653179824,-0.018117100000381,0.0017879834631458,-0.0077971555292606,0.0069239228032529,0.0032290951348841,0.014422890730202,-0.021329253911972,0.016290483996272,0.047831397503614,-0.031589515507221,0.0029091211035848,-0.033147886395454,-0.022079769521952,0.012597229331732,0.019232258200645,-0.0046921740286052,0.030663419514894,-0.019936189055443,0.036322377622128,-0.0068626506254077,0.015339324250817,0.046984620392323,0.021612411364913,0.0031817322596908,-0.015373232774436,0.020736202597618,0.019716033712029,0.024439238011837,-0.007270023226738,-0.0053084883838892,-0.021451761946082,-0.019192444160581,0.0037095786537975,-0.023662611842155,0.011246385984123,0.0006649112328887,-0.014662555418909,0.027302335947752,-0.005466319154948,-0.031814057379961,0.035005144774914,0.034641951322556,-0.023886196315289,-0.019175758585334,-0.011233012191951,0.042909651994705,-0.030662395060062,0.013351775705814,0.021969510242343,-0.042653530836105,-0.0027667752001435,-0.0094316070899367,-0.035463824868202,-0.0069048539735377,0.0065256482921541,0.0014426490524784,0.0088926078751683,-0.051782216876745,0.034276843070984,0.0050505171529949,0.022398756816983,-0.028399903327227,-0.017787043005228,0.019652171060443,0.011838757432997,0.01214219070971,0.016568306833506,0.0049125207588077,0.035896614193916,-0.03513965010643,-0.0077742799185216,0.011672232300043,0.035485178232193,-0.014805634506047,-0.015423751436174,0.053978636860847,0.011556598357856,-0.006041600368917,0.0099139222875237,0.014523084275424,-0.02632118947804,-0.024409897625446,-0.032151527702808,-0.0012697729980573,0.019101098179817,0.042555082589388,0.010848539881408,-0.025946531444788,0.0010946653783321,-0.019535090774298,-0.023339480161667,0.022238550707698,0.0034000088926405,0.011277680285275,0.013845893554389,0.025709418579936,0.010332925245166,-0.0090179657563567,-0.031007030978799,-0.014622396789491,0.014232208020985,0.025779085233808,-0.0077060777693987,0.00048893695930019,-0.012927410192788,0.039023831486702,0.027835931628942,0.033599700778723,0.036481373012066,-0.029748190194368,0.034861233085394,-0.0054233549162745,-0.019000461325049,-0.01116949506104,0.026497373357415,-0.0040563736110926,-0.023725707083941,0.028955142945051,-0.022021636366844,-0.0010261592688039,0.0045704338699579,-0.029247168451548,-0.019678376615047,0.0096186744049191,0.0022304435260594,0.021564573049545,-0.011593699455261,0.03086045384407,-0.03359654173255,0.0083848033100367,-0.0072225914336741,-0.035685997456312,-0.017492959275842,0.013246854767203,0.031509853899479,-0.0076255542226136,0.026668105274439,-0.007176277693361,-0.024211769923568,0.017440123483539,0.027594249695539,0.0068415990099311,-0.016290690749884,0.029663568362594,0.013189328834414,-0.043107077479362,0.038736928254366,-0.016992691904306,-0.0065777008421719,-0.016191121190786,-0.0096122547984123,0.026536379009485,0.0013142034877092,0.021180175244808,-0.030771074816585,-0.019912257790565,0.011820239014924,0.019486598670483,-0.003768430557102,-0.011868956498802,0.036413636058569,-0.010394662618637,-0.040335640311241,0.022432774305344,0.01138692162931,0.0030233461875468,0.030566185712814,-0.014781720936298,-0.040493596345186,0.0015878712292761,0.030669968575239,0.0010912147117779,-0.0020312871783972,-0.0033285776153207,-0.0056715682148933,-0.006628580391407,-0.016865350306034,0.012371174059808,0.010647067800164,0.019753193482757,0.00662228371948,0.047269575297832,0.020320989191532,0.01700902543962,-0.01970623806119,0.012255558744073,0.023084338754416,-0.00079047429608181,0.036981716752052,0.0036489719059318,-0.017522035166621,-0.032951179891825,-0.027140459045768,-0.035114720463753,0.033350951969624,0.011927638202906,-0.028289470821619,0.0069830827414989,0.026024043560028,-0.022241223603487,0.042434379458427,-0.036333259195089,-0.01823210157454,0.023143665865064,-0.024537708610296,-0.0060261436738074,0.02914334833622,-0.0030478546395898,-0.04715121909976,-0.044205542653799,0.014950713142753,-0.0036957156844437,0.024582967162132,-0.00171898084227,-0.018872762098908,-0.026569740846753,0.01471592951566,-0.011147166602314,0.037597239017487,0.042830541729927,-0.024225983768702,0.046531807631254,-0.035365674644709,0.0062702624127269,-0.020932044833899,0.011119405739009,-0.035396970808506,0.024456424638629,-0.028653550893068,0.041143134236336,-0.040537860244513,-0.0041318000294268,0.049477286636829,-0.027359591796994,0.020714703947306,0.0088749509304762,0.030747117474675,-0.027389664202929,0.015683332458138,0.015120753087103,0.010262778028846,0.013179779052734,0.030710885301232,0.0064570340327919,0.018199292942882,-0.017976379022002,0.029403455555439,0.017247060313821,-0.023699812591076,0.020882714539766,-0.030780714005232,0.035092685371637,0.048310160636902,0.012658162973821,-0.033085640519857,0.031119028106332,0.002992611611262,-0.016060309484601,-0.026134828105569,-0.053039103746414,-0.0067254966124892,0.018507545813918,-0.016424683853984,-0.036976989358664,-0.031983964145184,0.0013204622082412,-0.017732847481966,0.0045554996468127,0.030906040221453,-0.019088760018349,-0.0096211796626449,0.019359102472663,-0.0015288019785658,-0.0087088104337454,-0.0053918841294944,0.040179550647736,0.011004119180143,-0.020125707611442,0.00057655270211399,-0.00043549828114919,0.033098578453064,0.017514636740088,-0.017378630116582,-0.024998407810926,0.011778349988163,0.0158198364079,-0.035087712109089,-0.0041157631203532,0.017437411472201,-0.031268518418074,0.019569002091885,0.036841697990894,0.031051095575094,-0.032148741185665,-0.030042307451367,-0.011215315200388,0.024478401988745,-0.024627706035972,-0.023818910121918,0.022075725719333,-0.036588970571756,-0.0035770111717284,-0.010207461193204,-0.022249337285757,0.010772650130093,0.02433287538588,0.012056349776685,-0.010853012092412,-0.0020509934984148,-0.040437642484903,-0.038455832749605,-0.014446614310145,-0.0092816902324557,0.033698935061693,-0.018847594037652,-0.00023594580125064,-0.019653337076306,-0.029899425804615,0.018574450165033,0.013192719779909,-0.019740359857678,0.026264306157827,0.011033669114113,-0.0028869931120425,0.016946882009506,0.018877496942878,0.0026651115622371,-0.043251626193523,-0.0051965257152915,-0.0092569952830672,0.030584393069148,0.032681986689568,0.014839098788798,0.057641297578812,-0.031386356800795,-0.0056926938705146,-0.011108433827758,0.038170304149389,-0.027969432994723,0.024992775171995,-0.02479443885386,-0.020028529688716,-0.028071150183678,-0.047044467180967,-0.017842041328549,-0.019283197820187,-0.014989692717791,-0.0019711155910045,-0.0020823269151151,-0.0015686246333644,0.017353029921651,0.022460153326392,-0.027701783925295,-0.0095543479546905,0.019116817042232,0.040377084165812,0.019831901416183,0.01101104170084,0.018415946513414,0.0063586533069611,0.024024670943618,-0.018880615010858,-0.011747607029974,0.017020961269736,-0.012874483130872,0.029407776892185,-0.019176956266165,-0.03857696056366,-0.00091617042198777,0.041045699268579,-0.022626483812928,0.008966906927526,-0.0077970675192773,-0.010034061968327,0.023509589955211,0.029031177982688,0.019384639337659,-0.006729535292834,0.0097181722521782,-0.033298790454865,-0.013220453634858,0.028832159936428,-0.015780247747898,0.020756142213941,0.02246817946434,0.02989673987031,-0.0012078754371032,-0.062057547271252,-0.036919917911291,0.018552394583821,-0.0026570700574666,-0.025273416191339,-0.00090874108718708,0.02538232691586,-0.020602740347385,-0.019441183656454,0.002026756759733,-0.027595389634371,0.038593303412199,-0.002121654106304,0.020815022289753,-0.01420721784234,0.015202892012894,-0.021232785657048,-0.0261764023453,-0.022526992484927,0.041006311774254,0.032506741583347,-0.033851306885481,0.0046018925495446,0.02259423583746,0.023595474660397,-0.022846454754472,-0.0066859037615359,-0.014311676844954,-0.017879273742437,0.021170143038034,-0.013122891075909,-0.031447030603886,0.0065909903496504,-0.038027163594961,-0.038763638585806,-0.03781034424901,0.018511440604925,0.020005974918604,-0.030053876340389,-0.015887251123786,0.029868310317397,0.036556761711836,-0.017321705818176,0.009526377543807,-0.038732409477234,-0.0027398224920034,-0.023020215332508,0.027769176289439,0.011041264049709,-0.0095192305743694,0.017397612333298,0.021109579131007,-0.010799486190081,0.027451451867819,0.031085383147001,0.043475314974785,0.013751711696386,-0.022149490192533,0.03407384827733,-0.0006030272343196,0.018186135217547,0.036755222827196,-0.017964921891689,-0.029254116117954,0.008377424441278,-0.0074602956883609,0.018791200593114,-0.036878671497107,0.015412287786603,0.0029777942690998,0.026711674407125,0.023398907855153,-0.021718632429838,-0.009052244015038,0.017439084127545,-0.012544519267976,0.022427996620536,0.034038677811623,-0.022702561691403,0.025471866130829,0.019505105912685,0.037802889943123,-0.044614728540182,0.026614071801305,-0.02310555614531,-0.023076437413692,-0.033996555954218,-0.033597823232412,0.0060127046890557,0.027113988995552,-0.0073170973919332,0.0045500039122999,0.024620614945889,0.024721514433622,-0.00071856216527522,0.021463682875037,0.011374379508197,0.018091827630997,-0.013565153814852,-0.03417956829071,0.0017244730843231,0.015746546909213,0.042122207581997,0.01403125654906,-0.027364119887352,0.011645811609924,0.024593837559223,-0.021757129579782,0.033785667270422,-0.026805588975549,0.030684752389789,0.036813985556364,-0.016916563734412,0.024360492825508,0.027254557237029,0.0019030566327274,0.032855946570635,0.026155341416597,-0.034031048417091,-0.0015089521184564,0.030979495495558,0.032905254513025,-0.033203840255737,0.012383261695504,0.012706984765828,0.012412619777024,0.046629041433334,-0.0037076659500599,-0.010635026730597,0.013743860647082,-0.030652971938252,0.024190036579967,0.00022114368039183,0.039210006594658,0.018614819273353,-0.013098151423037,0.029091158881783,0.014928963035345,-0.010852090083063,0.048484336584806,-0.012273676693439,-0.00020747700182255,0.018585130572319,0.0021025561727583,0.00046912717516534,-0.010639528743923,-0.025221677497029,-0.028187647461891,-0.019905097782612,-0.0018633839208633,0.027316523715854,-0.0356983281672,0.024576466530561,-0.03488901630044,0.0021473979577422,-0.0259212218225,0.012916353531182,0.030797915533185,-0.031327452510595,-0.029975628480315,-0.045905508100986,-0.03462939709425,0.015667237341404,0.028919659554958,-0.028205920010805,0.015698790550232,0.0049856677651405,-0.0071547138504684,-0.0028328616172075,0.023393617942929,0.0088575547561049,0.013630737550557,0.017086625099182,-0.03019125200808,0.03471951559186,-0.013587362132967,-0.038938827812672,-0.029122842475772,0.011062842793763,-0.0229188837111,-0.0071135768666863,-0.011323590762913,-0.010721917264163,-0.036340072751045,0.027719767764211,0.032002571970224,0.016843082383275,-0.010293651372194,0.011651579290628,-0.032806668430567,3.3892174542416e-05,0.033390708267689,0.044792748987675,-0.0036158408038318,0.036817722022533,-0.0099815232679248,-0.032135006040335,0.021245241165161,0.00055272993631661,-0.011754618026316,-0.014527230523527,0.014903421513736,0.04693416506052,-0.011427360586822,0.033585425466299,0.0064372788183391,0.027808118611574,-0.046822227537632,0.022054061293602,-0.025911055505276,0.00856071151793,0.0041747963987291,-0.01987786963582,0.011778301559389,0.030760487541556,0.020219154655933,0.015852192416787,-0.015775088220835,0.030772184953094,0.015670705586672,-0.0083867097273469,0.0050771809183061,0.045028805732727,0.04094086587429,-0.026942223310471,0.021939888596535,0.00099605333525687,0.022431092336774,0.04594199359417,0.011550011113286,-0.013076015748084,-0.038711789995432,0.020485743880272,0.0073478780686855,-0.02242967300117,-0.0049936543218791,0.0080290250480175,0.034776955842972,0.010844557546079,0.026500657200813,0.0021593943238258,-0.002597777871415,-0.023603565990925,0.01187112275511,0.01670353859663,-0.0038754139095545,0.030869644135237,-0.00040077709127218,-0.011963854543865,-0.0062972474843264,0.019709028303623,-0.034488014876842,0.017866717651486,0.025578277185559,-0.033871486783028,-0.013545044697821,0.025906654074788,-0.039897609502077,0.0031656306236982,0.02140730433166,0.0093078827485442,-0.0119549036026,-0.0062562990933657,0.0002875235513784,0.012868595309556,-0.00062972615705803,0.027527676895261,-0.056897211819887,-0.0047048376873136,0.0051094796508551,-0.019593602046371,0.0061035603284836,-0.0078658070415258,-0.009193979203701,-0.024868972599506,0.00012772585614584,-0.0030580491293222,0.026194388046861,0.044099718332291,0.040741950273514,0.033225458115339,0.043332144618034,-0.011360469274223,0.014668334275484,-0.020262651145458,0.013291733339429,-0.020605793222785,-0.033449005335569,0.010291435755789,-0.023328930139542,-0.013067954219878,-0.013750968500972,-0.048981700092554,-0.035405788570642,0.023924017325044,-0.037966549396515,-0.047216795384884,0.016409831121564,0.020049853250384,-0.030085807666183,0.0069835325703025,0.0018265689723194,-0.013624780811369,-0.0004409494868014,-0.018058821558952,-0.013064083643258,0.014653914608061,0.013627302832901,-0.037827298045158,0.02009847946465,0.020985091105103,-0.039804793894291,0.0080140391364694,-0.029195351526141,-0.044691942632198,-0.0071669444441795,0.006288533564657,0.0055893803946674,0.020127022638917,0.023098770529032,0.046281840652227,0.020599177107215,-0.00042858259985223,-0.0016558942152187,-0.018085267394781,0.018238753080368,-0.022741764783859,-0.0089105265215039,0.035755787044764,-0.0065491423010826,0.037343107163906,-0.016411557793617,0.015382791869342,-0.031410858035088,0.027838140726089,-0.002123698592186,0.0030612321570516,0.0010958971688524,0.016222571954131,-0.02613084577024,-0.026233840733767,0.010630047880113,-0.025858830660582,0.026837727054954,0.031518056988716,-0.011444453150034,-0.011660382151604,-0.02730537392199,-0.0076564671471715,0.0042375805787742,0.0018658419139683,-0.016466492787004,-0.019905686378479,-0.021330224350095,0.014074713923037,0.029529072344303,0.019499219954014,0.036033716052771,-0.021058164536953,0.016397017985582,0.10529948771,-0.025207502767444,-0.038117881864309,0.0031219164375216,-0.0050471420399845,-0.015651032328606,-0.019452871754766,0.0039911014027894,-0.040032483637333,-0.030389122664928,-0.0173933301121,0.00062110868748277,0.036055658012629,-0.0024685729295015,0.015045682899654,0.0046223355457187,-0.021576011553407,-0.01676182821393,-0.030265113338828,-0.042391076683998,-0.0040901494212449,0.0020251851528883,0.0057415324263275,-0.0038063880056143,0.014558787457645,0.015415693633258,0.0091447364538908,-0.011829408816993,0.029262751340866,0.011722089722753,0.037586100399494,-0.032571572810411,-0.00012897365377285,-0.009180860593915,0.010605877265334,-0.02256103605032,-0.038780607283115,-0.0053473035804927,-0.024366905912757,-0.025142595171928,0.033575888723135,-0.0039692823775113,0.040537644177675,0.0051610106602311,-0.017639840021729,0.018595399335027,-0.030472001060843,-0.037838827818632,0.0041809245012701,-0.011744119226933,-0.016934115439653,-0.030775185674429,0.028837123885751,0.025337440893054,-0.0025521793868393,0.014312380924821,-0.019612060859799,0.0033187551889569,0.014815779402852,0.016908001154661,-0.026104805991054,-0.044988114386797,0.0032392302528024,-0.011476974003017,0.019595285877585,0.031823121011257,-0.013437611050904,0.033968806266785,-0.0046241735108197,-0.027249241247773,-0.028128458186984,-0.057303935289383,-0.03006412088871,-0.026439972221851,-0.010307121090591,-0.024797780439258,-0.021209821105003,-0.030165044590831,-0.012780008837581,-0.027972372248769,-0.024698127061129,0.058136709034443,0.0034897678997368,0.030304936692119,-0.022117394953966,0.037896737456322,0.012257765047252,-0.026761749759316,0.034509304910898,-0.01301079057157,0.014931171201169,-0.029981203377247,-0.010250777006149,0.017094856128097,0.0017525599105284,-0.026539186015725,-0.036608893424273,0.050412967801094,0.025075053796172,-0.046419888734818,0.050750721246004,-0.038663275539875,-0.019349843263626,0.028752764686942,-0.0088922111317515,0.02220849879086,-0.032716177403927,0.0076334155164659,0.020143821835518,0.034988641738892,0.014279207214713,0.026489906013012,-0.0067612896673381,-0.038522947579622,-0.024731682613492,-0.020570453256369,0.011311121284962,-0.013261786662042,-0.014727275818586,0.059599176049232,0.023200888186693,0.036184061318636,0.041848290711641,-0.018010631203651,0.030245462432504,0.023114174604416,0.00040712163900025,0.018100583925843,-0.0035397766623646,0.040695294737816,-0.054478712379932,0.0050063673406839,-0.034997798502445,0.006117451004684,0.0087803434580564,-0.039888877421618,-0.025300141423941,0.025798372924328,0.041294880211353,-0.027523808181286,0.011514774523675,-0.052198190242052,-0.036504548043013,-0.028610849753022,0.03182016685605,0.052440796047449,-0.0091127371415496,-0.014963218010962,0.021050043404102,0.027555638924241,-0.012405691668391,-0.023874081671238,-0.031033776700497,-0.012572000734508,-0.023255687206984,0.042776875197887,0.024311259388924,-0.023863343521953,-0.037364069372416,0.0092082526534796,-0.033494975417852,0.019271425902843,-0.0043531735427678,0.037115160375834,0.027601206675172,-0.02543274872005,0.019814914092422,0.022538466379046,-0.033969707787037,-0.028771791607141,0.0079174526035786,0.024545518681407,0.017080264165998,0.008468103595078,0.049494650214911,-0.0099259307608008,-0.023241514340043,-0.012077222578228,0.0046765366569161,-0.013449831865728,-0.024408031255007,-0.013410323299468,-0.020584678277373,-0.012816017493606,0.020869636908174,0.0048915399238467,0.020186882466078,0.024667793884873,-0.018293021246791,-0.019795598462224,0.002869724528864,-0.0086474027484655,-0.015886964276433,-0.044219296425581,0.010380459949374,0.0078684762120247,-0.026328315958381,-0.015092894434929,0.036306738853455,-0.028099158778787,-0.019244879484177,0.012257006019354,0.034042950719595,0.01095203962177,-0.033366456627846,-0.033969089388847,0.025413883849978,0.00072923488914967,-0.027940513566136,0.015511765144765,0.01739134080708,0.0089124599471688,0.027367876842618,0.022305874153972,-0.018861565738916,-0.034514348953962,0.018196327611804,0.021686386317015,-0.025132942944765,-0.015770921483636,-0.033000648021698,-0.00091216969303787,0.018678348511457,0.00012119003804401,0.017903978005052,-0.027622709050775,0.029940037056804,0.030191328376532,0.027021387591958,0.004123143851757,0.0002834236365743,-0.0058771949261427,-0.021866500377655,0.012672642245889,-0.033662751317024,-0.028873845934868,0.020923202857375,-0.018265500664711,0.0093052759766579,0.027417859062552,0.026644565165043,-0.011721581220627,-0.015147645026445,0.032318886369467,-0.027577094733715,-0.036409422755241,0.034140970557928,-0.025977056473494,-0.018447613343596,0.033159472048283,-0.0038303297478706,-0.014808512292802,0.012623235583305,0.011355746537447,0.006480650510639,-0.026345247402787,0.0085520837455988,0.022381506860256,-0.015862638130784,0.028262440115213,-0.0014288855018094,-0.025369629263878,0.025919722393155,0.034094851464033,-0.023944698274136,0.0057774339802563,0.0052600656636059,-0.024459319189191,0.0045355972833931,-0.011073837056756,-0.01271513197571,0.016453452408314,0.02565049380064,-0.014104217290878,0.013237401843071,0.0092278737574816,0.010663568042219,0.00011454532796051,0.022857861593366,0.024409282952547,-0.027793973684311,0.0063494956120849,-0.0047447453252971,0.026921728625894,0.022079536691308,0.025760913267732,-0.016327569261193,0.016811676323414,0.012194629758596,0.036757253110409,-0.031398389488459,0.018789758905768,0.0093712983652949,-0.032987795770168,0.035656902939081,0.0080793304368854,0.021024001762271,0.0021988314110786,-0.0064043472521007,-0.0017163028242067,-0.001999483210966,0.027703236788511,0.016807913780212,-0.0004700553836301,-0.0019565736874938,0.0087181944400072,-0.00043085977085866,0.016102194786072,0.013823263347149,0.006223470903933,-0.019368600100279,0.020735429599881,-0.027317225933075,0.034300491213799,-0.0010684350272641,-0.027941398322582,-0.0083444146439433,0.020918214693666,-0.012544010765851,-0.036672346293926,0.036362588405609,0.030206996947527,-0.016471209004521,-0.019293315708637,-0.012743105180562,0.021542355418205,-0.0094068581238389,-0.021523570641875,-0.0044270120561123,-0.0043554985895753,0.0095665082335472,0.028240574523807,0.033630453050137,0.032053083181381,0.026610596105456,0.0005718509783037,0.028701005503535,0.024689007550478,-0.0012078110594302,0.020389126613736,0.02903625741601,0.037512958049774,-0.035199131816626,0.013227057643235,-0.03383469209075,-0.029171422123909,0.0091712847352028,-0.025181233882904,0.015966253355145,0.01529257837683,-0.017688175663352,-0.02078197337687,-0.026359468698502,-0.0095294127240777,-0.0027296144980937,-0.0050010131672025,-0.016740215942264,0.022068167105317,-0.020075004547834,-0.013124691322446,-0.0030207235831767,0.026594998314977,-0.020428642630577,-0.011585738509893,0.01149975694716,-0.038306768983603,-0.02497343160212,-0.0082148378714919,0.030523557215929,-0.017977492883801,-0.033992648124695,-0.021399335935712,0.026340363547206,0.011663166806102,-0.023774895817041,0.013644639402628,0.012868872843683,0.035709802061319,0.0021878159604967,0.02430902980268,-0.00010588541772449,0.0039494377560914,0.032040402293205,-0.03446876257658,-0.028920233249664,0.011052483692765,0.028462363407016,0.0086241224780679,0.014655716717243,-0.026324665173888,-0.0092905657365918,-0.010699800215662,-0.0055139483883977,0.0071420157328248,0.00093801930779591,-0.028550634160638,0.020314073190093,-0.016612447798252,-0.002017610706389,0.01945872604847,0.035105038434267,-0.0092976624146104,-0.028160559013486,-0.027931714430451,-0.011796458624303,-0.030754111707211,-0.017749901860952,-0.0028299978002906,0.031912095844746,0.022179277613759,-0.028882309794426,0.0011086105369031,0.014478621073067,-0.035674888640642,-0.028902864083648,0.0015262238448486,-0.033189486712217,-0.0068473466672003,0.03218525275588,-0.02128529921174,-0.011123240925372,0.019624192267656,0.029899250715971,-0.036087241023779,-0.033320944756269,0.035229153931141,0.019876046106219,-0.014612182043493,-0.028875082731247,0.033415045589209,-0.030009573325515,-0.027810035273433,-4.4202806748217e-05,0.010796525515616,-0.021377144381404,0.023653360083699,-0.027123179286718,-0.022697653621435,0.013273851014674,-0.031928237527609,-0.021326154470444,0.013871400617063,-0.012161826714873,0.0062163886614144,-0.0035281383898109,-0.03417070582509,0.032728139311075,-0.0046547763049603,0.017779076471925,0.019549675285816,-0.0046940194442868,-0.029557814821601,-0.022088255733252,-0.015860749408603,0.027023926377296,0.02656077593565,-0.034900233149529,-0.012103355489671,-0.018665999174118,0.030731506645679,-0.029138317331672,-0.035360727459192,0.0078326528891921,0.035298626869917,0.0071466672234237,-0.019858006387949,0.034742020070553,-0.001980091445148,-0.013744654133916,-0.026119520887733,0.013120585121214,0.0021162750199437,4.6285902499221e-05,-0.0043016634881496,-0.025485770776868,0.01494828145951,-0.015104556456208,0.035447549074888,0.0038621018175036,0.012695943936706,-0.020726600661874,-0.035968031734228,-0.035020273178816,0.0039310627616942,-0.033911734819412,0.033578481525183,0.026985822245479,-0.033863723278046,0.016911679878831,-0.011474753729999,-0.016037920489907,-0.024395799264312,0.017810512334108,-0.029956163838506,-0.02247141674161,-0.0067583755590022,-0.020925806835294,0.012335651554167,-0.013779478147626,-0.015208865515888,-0.0079493504017591,-0.017639692872763,-0.013793454505503,0.00036906122113578,-0.034291703253984,0.035946503281593,0.031797394156456,0.033045917749405,0.0021099930163473,0.015831986442208,-0.029368408024311,-0.013770157471299,0.021234381943941,-0.020019914954901,0.032672997564077,-0.0017541170818731,0.017625164240599,-0.036410987377167,-0.012008054181933,0.030537961050868,-0.010931963101029,-0.031081622466445,-0.023618374019861,0.0042400537058711,-0.02219864167273,-0.0022366628982127,-0.0069027096033096,0.0054751904681325,0.028345039114356,0.033570241183043,-0.033355444669724,-0.0096320100128651,-0.012639912776649,-0.017843870446086,0.01777015440166,0.022940691560507,0.019105769693851,0.0038401382043958,-0.026825027540326,0.012795023620129,0.029809981584549,-0.031139442697167,-0.0028584606479853,0.032302286475897,0.0063962689600885,0.0023802875075489,-0.008335524238646,0.027821758762002,-0.013757575303316,0.020180867984891,0.027180153876543,0.012963502667844,-0.035222087055445,-0.017709461972117,0.0089803012087941,-0.027069386094809,-0.0095828026533127,-0.035648003220558,0.0064388518221676,-0.01747596077621,-0.022374499589205,0.037389606237411,0.012300326488912,-0.0046793324872851,0.02937806211412,0.0014933974016458,0.0018578058807179,-0.00046329584438354,0.0093176439404488,-0.0075641162693501,-0.018877942115068,-0.0094255078583956,0.016527328640223,0.0022602351382375,0.0088099772110581,0.021742755547166,0.0068211206234992,-0.0087620187550783,0.013374781236053,-0.017911925911903,-0.030785182490945,-0.014154717326164,-0.03110122308135,0.011244909837842,-0.020640155300498,-0.02029680646956,-0.034158423542976,0.035100076347589,0.015165715478361,0.019094314426184,-0.0080994572490454,-0.018787980079651,-0.021296622231603,-0.035761617124081,-0.024700799956918,0.020691113546491,0.031963475048542,0.0090929958969355,0.033627100288868,-0.0017073809867725,0.0077882865443826,0.0018253558082506,-0.007556090131402,0.019651528447866,-0.018453689292073,0.035269930958748,-0.016129102557898,0.01019062101841,0.018547680228949,0.0099758673459291,-0.035513408482075,0.0097660440951586,-0.028183575719595,-0.010537729598582,-0.016751876100898,0.021826654672623,-0.023641450330615,-0.017783727496862,0.022455086931586,-0.015789346769452,0.043702933937311,0.020882269367576,-0.038026992231607,-0.0055218916386366,0.032103829085827,-0.022877587005496,-0.017213381826878,0.02334089577198,0.013965300284326,-0.0067264400422573,0.0013887361856177,0.0098254419863224,0.026064474135637,-0.035579010844231,0.010709305293858,0.0019253046484664,0.030589517205954,-0.028840279206634,-0.015883466228843,-0.0062261642888188,-0.0072557125240564,-0.022771611809731,-0.03603208810091,0.030723575502634,-0.013269660063088,-0.017092056572437,-0.011085534468293,-0.016959378495812,-0.0122986510396,-0.014546387828887,-0.012955614365637,0.0025274709332734,0.01789828389883,0.018190348520875,0.026356674730778,-0.0067246067337692,-0.03090731613338,0.0062334882095456,0.027129501104355,-0.0013771973317489,0.019620040431619,0.019891925156116,-0.011255361139774,0.024200808256865,-0.013932119123638,-0.034052703529596,-0.013543114066124,-0.019255593419075,-0.00060608563944697,0.0051260739564896,0.028964508324862,-0.028528448194265,-0.030146699398756,-0.019533962011337,-0.0066313734278083,0.025438515469432,0.0034845354966819,0.019976940006018,0.012722669169307,-0.018567563965917,-0.035858288407326,0.025529565289617,0.030031282454729,0.0051409220322967,-0.0075165755115449,-0.0029291370883584,-0.030816711485386,0.026370499283075,0.034188836812973,-0.022142352536321,-0.026908671483397,-0.0073564322665334,0.027159657329321,0.011719479225576,-0.033271443098783,0.028668968006968,-0.01586133800447,-0.0095972139388323,-0.0027375360950828,0.02417105063796,-0.027708351612091,-0.010625201277435,0.020893668755889,0.026325220242143,-0.034157026559114,0.034967578947544,-0.013896681368351,-0.0078494204208255,-0.010464888997376,0.0039522722363472,0.012223204597831,0.00045713179861195,0.010400451719761,0.020538352429867,-0.01511668227613,-0.0038260046858341,-0.024876810610294,0.0080786263570189,-0.021917834877968,-0.033280275762081,0.020519655197859,0.027983859181404,-0.022518640384078,-0.023456012830138,-0.035547092556953,-0.0090721407905221,-0.026977226138115,0.0052014170214534,-0.0040304227732122,-0.0035999617539346,0.038329016417265,0.0025915969163179,-0.03485170006752,0.020239733159542,-0.014990451745689,0.023540845140815,-0.022365810349584,-0.026635691523552,-0.0052632493898273,-0.030015787109733,0.0036498156841844,-0.011987119913101,0.023920834064484,0.029155645519495,-0.033199425786734,-0.033020287752151,0.027488622814417,0.0057128579355776,-0.033343050628901,-0.030414434149861,-0.0035187909379601,0.029903901740909,-0.025756293907762,0.0051673920825124,-0.0022912814747542,-0.0041433619335294,0.0080611798912287,0.015025693923235,0.0035348399542272,0.0042499909177423,0.036952894181013,0.014492638409138,-0.032021328806877,0.01493770070374,0.022482190281153,0.014416399411857,-0.017838777974248,0.024438846856356,0.0074004754424095,-0.016225941479206,0.039864666759968,-0.013368055224419,0.0083375228568912,-0.017993507906795,-0.0046748924069107,0.0079487860202789,0.0064388387836516,-0.016397830098867,0.0017040793318301,0.025049954652786,0.022994820028543,0.020640090107918,0.011523360386491,0.020423425361514,0.030964279547334,-0.029271135106683,-0.016030440106988,0.016931237652898,-0.030230345204473,-0.020297495648265,0.00048728237743489,-0.0014658984728158,0.0068965959362686,0.023621456697583,-0.022933132946491,0.024333346635103,-0.025339456275105,-0.001712205237709,0.0074096298776567,0.0034221545793116,0.021683322265744,-0.0047587654553354,-0.0087470859289169,0.010703315027058,0.0067611606791615,-0.030180651694536,-0.027620581910014,-0.001569757820107,-0.0029481658712029,0.016807718202472,-0.036124374717474,0.032656401395798,-1.7686488718027e-05,-0.008897302672267,0.030846856534481,0.0092835482209921,0.016067128628492,0.025807121768594,0.018291421234608,-0.028527107089758,-0.019783403724432,0.0021450035274029,0.011032613925636,-0.009403582662344,-0.028449729084969,-0.0076446123421192,-0.029922727495432,0.00394402211532,0.010870146565139,0.02804071828723,-0.032530933618546,-0.032481972128153,0.013394779525697,0.024172173812985,0.0060562002472579,-0.023865474388003,0.0067034889943898,-0.015101066790521,0.03595394641161,0.036874052137136,-0.025725070387125,-0.0045408210717142,-0.030900873243809,-0.0040010488592088,0.028631953522563,0.00055971008259803,0.032622218132019,-0.007451010402292,0.02398482337594,-0.014764600433409,0.0087809804826975,-0.020020037889481,-0.0080892778933048,0.00078479922376573,0.015147923491895,0.020666236057878,0.033404994755983,-0.030582644045353,0.024430217221379,-0.016684332862496,-0.023087199777365,0.026998937129974,0.019305316731334,0.0087397797033191,-0.021356385201216,0.023363681510091,0.02732559107244,0.020399508997798,-0.023576449602842,0.0099895717576146,0.026494698598981,0.037484619766474,0.0084242392331362,0.016326433047652,0.024038268253207,0.029657449573278,0.036173850297928,-0.021658036857843,-0.023963082581758,-0.010750127024949,0.029444130137563,-0.037070386111736,0.015201074071229,-0.035699021071196,-0.0059329112991691,-0.024376595392823,0.0033193060662597,0.013881577178836,0.0033575932029635,-0.028039250522852,-0.030880652368069,-0.012953351251781,-0.017863044515252,0.0035777466837317,-0.0058431597426534,0.035775355994701,0.029455000534654,0.035338938236237,0.028078803792596,-0.012087274342775,0.032065290957689,-0.00014708959497511,-0.031735997647047,0.015980415046215,-0.03253211826086,-0.034975476562977,-0.01928598433733,0.01536569558084,0.017871119081974,-0.0056678322143853,-0.0048576700501144,-0.02058064378798,-0.0088987993076444,0.0050192424096167,0.015797950327396,-0.016931373625994,-0.0094317244365811,-0.029826529324055,-0.014690220355988,-0.020090131089091,0.034595768898726,0.012151088565588,0.016875574365258,0.0076179979369044,0.023891707882285,0.00464993622154,0.0039381026290357,-0.010756871663034,0.019801862537861,0.0026780797634274,0.031460881233215,0.016040086746216,0.062748350203037,0.038313861936331,0.00644696271047,0.014848039485514,-0.012417203746736,-0.019009189680219,0.016903599724174,-0.00047475448809564,5.5649667046964e-05,0.019509632140398,0.030867759138346,-0.0021886676549911,0.0097654080018401,-0.015922242775559,0.0025101192295551,-0.023816136643291,0.0034587162081152,0.0048873969353735,-0.03719487041235,0.038408808410168,-0.017811316996813,0.036620255559683,0.0025357347913086,0.011832507327199,0.0088283037766814,0.019320171326399,0.02185714431107,0.0013424536446109,-0.020463300868869,-0.013891976326704,-0.02823793888092,0.035557396709919,0.0028099985793233,0.0071756979450583,-0.014004097320139,-0.0054274019785225,-0.0051593072712421,0.037500873208046,0.041287213563919,0.030559070408344,-0.033596467226744,0.015971474349499,0.048940993845463,0.046068757772446,0.040019210427999,0.010400348342955,0.014170314185321,0.040303636342287,-0.0092264246195555,-0.0085677690804005,-0.011037140153348,0.039453115314245,0.017959613353014,-0.022377388551831,0.033142507076263,-0.014344597235322,0.0055802860297263,-0.0036617030855268,-0.020551471039653,-0.017455058172345,0.0079832272604108,-0.02341141179204,0.044146381318569,-0.0051970779895782,0.020881691947579,0.0069169672206044,-0.013182050548494,0.03532051295042,0.0044300090521574,0.034604113548994,-0.011210134252906,0.0079665826633573,0.046887412667274,-0.031558353453875,-0.010384923778474,-0.0017237620195374,0.014626076444983,-0.018883991986513,0.05529198423028,0.0056439666077495,-0.028206504881382,0.040564920753241,0.043943524360657,0.040875926613808,0.044882051646709,0.0097549613565207,0.012366862036288,0.026043375954032,0.01323558576405,0.039871145039797,-0.00065604830160737,-0.018991604447365,0.013182086870074,0.019311225041747,-0.0085208751261234,-0.0039257039315999,-0.0083014685660601,-0.04629810526967,0.041756961494684,0.01766948774457,0.00033925072057173,-0.017759256064892,0.045377913862467,-0.027319816872478,0.0045331246219575,-0.015322390012443,0.018245700746775,0.041079360991716,0.054266083985567,-0.036184184253216,0.0029961219988763,-0.019135804846883,-0.018866302445531,0.0074364030733705,-0.014564405195415,0.00061279913643375,-0.03189779073,0.013354242779315,-0.0029289908707142,0.040929637849331,-0.00073501217411831,-0.017977803945541,-0.030624410137534,-0.018552040681243,0.041434187442064,-0.0075113121420145,-0.0079148365184665,-0.024433372542262,0.016181634739041,0.0053560500964522,-0.0006734689231962,0.039770532399416,-0.011662434786558,0.024750830605626,0.0067624147050083,0.033749219030142,0.012643929570913,-0.016569510102272,-0.020394571125507,0.02188803255558,-0.034196637570858,0.012811024673283,-0.0091980006545782,-0.0027363973204046,0.0030925637111068,0.00021920226572547,-0.0314707942307,-0.0011599936988205,0.0056310575455427,-0.037490498274565,0.013057820498943,-0.026667440310121,-0.032093655318022,0.011079777032137,-0.012121584266424,0.005252686329186,-0.010964850895107,0.050691686570644,-0.01924972422421,0.041960317641497,0.011204993352294,0.051303181797266,0.083357185125351,-0.023515747860074,0.047420084476471,-0.031342230737209,0.05858152359724,-0.019227789714932,0.023768559098244,0.0090454174205661,-0.034626893699169,0.024453293532133,-0.029602766036987,0.031745348125696,0.0022377814166248,-0.024962116032839,-0.022621382027864,0.028681121766567,-0.031369011849165,0.0051851496100426,0.014590294100344,-0.00011136461398564,-0.017901357263327,-0.018251951783895,0.0051783858798444,-0.025596937164664,0.022581908851862,0.015218831598759,-0.0083057601004839,0.028708845376968,0.019883716478944,0.013712659478188,0.019661217927933,0.047021895647049,-0.032688282430172,-0.0055679618380964,-0.001997321844101,0.0094173597171903,0.016655629500747,0.015052978880703,-0.038919195532799,0.027550091966987,0.023446824401617,-0.0015728841535747,0.031767942011356,-0.022958299145103,-0.028851883485913,-0.012243727222085,0.0056684897281229,-0.0031866466160864,-0.016602275893092,0.020899860188365,-0.046873200684786,-0.02163665369153,0.044661432504654,-0.0036544594913721,-0.005192594602704,-0.02955473959446,-0.019450966268778,-0.014001562260091,0.018734894692898,0.0083550941199064,0.0021089967340231,0.048486027866602,-0.0074483891949058,-0.030954534187913,0.027077244594693,-0.024448323994875,-0.0079647032544017,0.040967971086502,0.016910742968321,-0.0043261926621199,0.018338641151786,0.019766461104155,0.015170746482909,0.025766724720597,-0.02608997002244,0.024425795301795,-0.013957101851702,0.039045829325914,0.015552684664726,-0.036180779337883,0.0012313644401729,-0.0015709165018052,0.040331818163395,0.011688770726323,-0.020824614912271,0.0066072097979486,-0.023790139704943,-0.013375618495047,0.0057037468068302,0.042785976082087,0.059238869696856,-0.0045049074105918,0.01135660149157,0.048832692205906,-0.032871417701244,-0.028551006689668,-0.011806581169367,0.052448060363531,0.044274143874645,-0.0026817659381777,-0.033994674682617,0.0016926601529121,0.012670774012804,-0.022486763074994,0.009512105025351,-0.010322298854589,0.0055092694237828,0.039973054081202,-0.0067938859574497,0.01320437155664,0.037604346871376,-0.022430496290326,0.026430796831846,-0.014496359042823,0.045078657567501,0.055729731917381,-0.017353506758809,-0.029102118685842,0.0071070548146963,0.016962336376309,-0.034752137959003,-0.016270620748401,-0.016541110351682,-0.026907553896308,-0.0050818189047277,-0.018660712987185,0.00088064390001819,-0.020394686609507,-0.00062396220164374,0.012068696320057,0.036503352224827,-0.050578888505697,0.01776877604425,0.030165323987603,-0.01905014924705,-0.0106828995049,0.0095534985885024,0.025024373084307,-0.0067053185775876,0.021038811653852,-0.025328829884529,0.015344883315265,-0.0073944055475295,-0.0030287506524473,0.0071572633460164,-0.0014585059834644,0.034969259053469,0.0078428145498037,0.010817493312061,0.045519478619099,0.016682215034962,-0.0023464499972761,-0.021436627954245,-0.012116546742618,0.045023452490568,-0.005227159243077,-0.013264156877995,0.035183992236853,-0.012595486827195,0.015981107950211,0.034082800149918,0.0082220230251551,0.0012260975781828,-0.011288232170045,0.041339591145515,0.032582435756922,0.027513509616256,0.0037602435331792,-0.0068963654339314,0.052280936390162,0.014523405581713,-0.0033842229750007,-0.062823176383972,0.00086212018504739,0.010665938258171,0.0066763199865818,-0.00031563284574077,0.0013603655388579,-0.020243559032679,0.0075559504330158,-0.01561720110476,0.018465606495738,-0.00073338177753612,0.011437949724495,-0.007128263823688,-0.010689743794501,-0.027185350656509,-0.00027540148585103,-0.045943539589643,-0.032078556716442,-0.020512994378805,0.035344462841749,0.0086959963664412,-0.017403559759259,-0.0048870774917305,0.018327053636312,0.021649228408933,0.010808157734573,-0.0071974759921432,-0.0051540024578571,0.012453543953598,0.0045456304214895,-0.044454395771027,-0.015689397230744,0.035796470940113,-0.013756670057774,-0.025266947224736,-0.01516105607152,0.038028299808502,0.016483318060637,-0.0088841551914811,-0.024966040626168,0.020539969205856,0.041324511170387,-0.0062716989777982,-0.01096239965409,0.0086199324578047,-0.0094694308936596,0.021750126034021,0.022523758932948,-0.028515610843897,-0.038172025233507,-0.013938946649432,-0.0097098834812641,-0.044651452451944,-0.072967685759068,-0.071825325489044,-0.036385722458363,-0.036361563950777,-0.0088600888848305,-0.037013258785009,-0.011352284811437,0.021059054881334,-0.036158211529255,0.016209505498409,-0.001509549212642,-0.0019211237085983,0.024025624617934,0.035213995724916,-0.035595238208771,-0.025656661018729,-0.015611995011568,0.024702113121748,0.01687653362751,-0.028967985883355,-0.027432298287749,-0.00081377185415477,0.012137679383159,0.019274508580565,-0.018707694485784,0.028541510924697,-0.0046467464417219,-0.018239317461848,-0.055072940886021,0.049505203962326,0.014477019198239,-0.017690083011985,-0.022973360493779,-0.048859812319279,-0.017937067896128,0.016697572544217,-0.025906890630722,-0.076731689274311,0.019436210393906,-0.057699184864759,0.0023052399046719,0.00051606527995318,-0.051883913576603,-0.015602890402079,-0.016928818076849,-0.0072494484484196,0.0186648350209,0.03237197175622,-0.022747067734599,0.015895236283541,-0.045670103281736,0.028405636548996,-0.036170601844788,0.024701926857233,-0.012377608567476,0.04310567304492,-0.0056924135424197,-0.0045980513095856,-0.019544798880816,-0.04221111908555,0.032444875687361,0.01253492385149,0.026599979028106,0.049031507223845,-0.043754305690527,-0.030221976339817,0.0085093611851335,-0.012122342363,0.033071402460337,-0.030745590105653,-0.030711609870195,0.010249463841319,0.01080222427845,-0.017794279381633,0.071904450654984,-0.018626859411597,0.020895509049296,-0.012720101512969,-0.046311620622873,-0.059950482100248,0.049161992967129,0.0100948959589,0.01290166284889,-0.045155502855778,0.0088407890871167,0.011160361580551,-0.0233691688627,0.033945214003325,0.020635580644011,-0.026539219543338,-0.054094359278679,-0.017978986725211,0.041079830378294,-0.03001394867897,-0.024309162050486,-0.019454075023532,0.075332999229431,-0.022661175578833,-0.056524280458689,0.028840286657214,0.03421226888895,0.03195009753108,-0.0017470521852374,0.038629356771708,0.038912333548069,-0.03494281321764,0.030965739861131,-0.00030786960269324,0.011171849444509,0.0060509326867759,0.0075767822563648,0.0038826793897897,0.031284276396036,-0.020179238170385,-0.0058679161593318,-0.018635144457221,0.028496868908405,0.023230450227857,-0.024554297327995,0.012235889211297,0.036822527647018,-0.036635875701904,0.0020591139327735,0.053193558007479,0.030108243227005,0.034251261502504,-0.0095692100003362,0.026747861877084,0.015017317607999,0.0061579598113894,0.0072380565106869,0.029296178370714,0.04138121008873,0.028163075447083,0.042233876883984,-0.008179091848433,0.019535778090358,-0.019191717728972,0.019818322733045,-0.011942719109356,-0.01994819380343,0.063691347837448,-0.0035846699029207,0.0072804284282029,-0.0017061205580831,-0.018709545955062,0.001355514745228,-0.037320028990507,0.026286728680134,-0.020290866494179,0.054130166769028,0.029613764956594,0.0060595194809139,-0.066099986433983,-0.0076168328523636,-0.014050930738449,0.016328891739249,-0.022332372143865,-0.013912712223828,0.035421174019575,-0.032899171113968,0.018809074535966,0.029380634427071,0.029973184689879,0.02680036239326,0.0025883964262903,-0.0099069578573108,0.035611383616924,-0.024687292054296,-0.030494557693601,0.012147312052548,-0.057316031306982,0.048164904117584,0.00075367011595517,-0.013634351082146,-0.01501178368926,0.0019673698116094,-0.023375114426017,0.021100975573063,0.0072896289639175,-0.010198730044067,-0.0078228488564491,-0.037597320973873,0.030651815235615,0.024712655693293,0.023481411859393,-0.0097914431244135,0.017071122303605,0.0099886478856206,-0.043482560664415,-0.040947627276182,-0.028860177844763,-0.0033920505084097,-0.037809621542692,0.025842018425465,0.058419931679964,-0.0006721768877469,-0.035804983228445,-0.0077169318683445,-0.0059516211040318,0.0048654382117093,0.030391380190849,-0.038958381861448,0.033091828227043,0.042579133063555,-0.042792823165655,-0.0090991575270891,0.002184915356338,-0.074042312800884,0.019500941038132,0.009684250690043,-0.014806929044425,-0.010833363048732,0.012891471385956,0.025359708815813,0.010005176998675,-0.035326365381479,-0.018151579424739,0.021556410938501,0.029087690636516,-0.0026129756588489,0.0060226074419916,0.0054090269841254,0.02072562277317,-0.028287837281823,0.0016437579179183,0.01544155459851,0.021584408357739,0.017785623669624,0.031899102032185,0.027019998058677,0.0035186852328479,0.01288491114974,0.040625210851431,-0.050189133733511,0.016864236444235,0.0001150312309619,0.0059525398537517,-0.024844558909535,0.051782164722681,-0.009750634431839,0.043558444827795,-0.022075893357396,0.056395001709461,0.0034145629033446,-0.02830908447504,-0.0206857342273,0.012249644845724,0.032995764166117,-0.014967732131481,-0.021905494853854,-0.050186421722174,0.012688815593719,0.088610634207726,0.0039936113171279,0.028184229508042,0.035238426178694,-0.03284103795886,-0.038051698356867,0.030902951955795,0.011792410165071,-0.032570518553257,-0.013104257173836,-0.018033135682344,0.038731276988983,-0.01860548183322,-0.028819862753153,0.051889300346375,0.025783034041524,-0.0028812007512897,-0.002805003663525,-0.016982205212116,-0.09460873156786,-0.10610888898373,-0.025871342048049,0.0037821203004569,0.003311158856377,0.029308222234249,-0.02736447378993,-0.042639527469873,0.048581063747406,0.013497031293809,0.030111964792013,-0.030481468886137,0.01284412201494,-0.017368612810969,0.018602654337883,0.034209650009871,0.058397315442562,0.015438109636307,-0.014059871435165,0.022756000980735,-0.0076099373400211,-0.011836062185466,0.0030092874076217,0.019877500832081,0.017594313248992,-0.013289251364768,0.0066724987700582,0.032460756599903,0.0096352072432637,0.0019392740214244,0.00065075233578682,-0.00029472759342752,-0.012316129170358,0.0082575585693121,0.0098078204318881,0.087151512503624,0.0048567038029432,0.044529631733894,-0.0094230948016047,-0.022485572844744,-0.025777269154787,0.020298417657614,-0.012598508037627,0.02601488865912,0.028178596869111,-0.033934868872166,0.018956504762173,-0.014183584600687,-0.0026694682892412,0.025825172662735,-0.013340055942535,0.0018383115530014,0.00041229071212001,0.022017821669579,0.032333336770535,-0.1069320589304,0.032510932534933,-0.0036018455866724,0.038541167974472,-0.020508056506515,0.031391754746437,0.055920846760273,-0.0062715345993638,0.0017483395058662,0.0098602073267102,0.023353675380349,-0.034788981080055,-0.022278564050794,0.023417068645358,-0.0025137858465314,0.024885017424822,0.014843319542706,-0.027532603591681,0.042496740818024,0.0030378988012671,-0.0059694061055779,-0.0060929460451007,0.020147204399109,0.016498737037182,-0.019465208053589,0.025721855461597,0.032844077795744,-0.023666577413678,0.017802834510803,-0.0039437697269022,0.021906968206167,0.021973250433803,0.032671716064215,-0.017307804897428,0.0095430305227637,0.02260241098702,-0.033103715628386,-0.03128270059824,0.017744146287441,-0.017712026834488,0.029221067205071,-0.035185571759939,0.020834593102336,0.034227006137371,-0.019345024600625,0.0040630046278238,-0.019583603367209,-0.020140202715993,0.020601727068424,0.018820758908987,-0.018319550901651,-0.027362465858459,-0.025863559916615,0.0019379055593163,0.01671733520925,-0.0044915215112269,-0.030849155038595,-0.017223374918103,0.0008913412457332,0.0078967241570354,-0.024634582921863,0.023653529584408,0.0083606168627739,-0.00049264612607658,-0.01846231892705,0.02345016784966,-0.028124179691076,0.0025901447515935,0.0326345898211,0.036791499704123,-0.029356945306063,-0.024086911231279,-0.0040402715094388,0.013700561597943,0.0093164127320051,0.011574520729482,0.0031252999324352,0.019852900877595,-0.015695720911026,0.016861183568835,0.011767672374845,0.025110198184848,-0.011674912646413,-0.028251120820642,-0.00095511670224369,-0.00078245723852888,0.021385198459029,-0.019692042842507,-0.026177341118455,-0.016979144886136,0.020918658003211,-0.024251382797956,-0.010393691249192,0.030081875622272,0.035490751266479,0.011917371302843,0.027270916849375,0.026530753821135,-0.0061549860984087,-0.017855070531368,-0.025322373956442,0.0093862684443593,0.031738702207804,-0.033551331609488,-0.031106565147638,0.031352028250694,0.00084303691983223,0.0044661383144557,-0.011797705665231,0.0063560279086232,-0.02013592235744,0.015374817885458,-0.029283249750733,0.035040352493525,0.0068433219566941,0.01267665065825,-0.025785766541958,-0.026135107502341,-0.035378281027079,0.036441095173359,-0.005825883243233,-0.029265101999044,-0.030736207962036,0.0076575954444706,-0.026675391942263,-0.018099376931787,-0.0018806308507919,0.0099942376837134,0.024406015872955,0.00077470391988754,0.0085561685264111,-0.017109453678131,-0.034485794603825,0.022687109187245,-0.014269889332354,-0.025221511721611,-0.028320519253612,-0.0006335127982311,0.035082925111055,0.023739898577332,-0.015169222839177,-0.027893969789147,-0.012567988596857,-0.018932215869427,0.025401413440704,0.030606983229518,-0.02537233568728,-0.0055494271218777,0.028419053182006,-0.010568052530289,0.0064588519744575,-0.025038223713636,0.0048771635629237,-0.0038334301207215,-0.012934809550643,0.01412704680115,0.014016877859831,0.017852727323771,0.016988592222333,0.014713913202286,0.00012759922537953,-0.012011545710266,0.025528211146593,-0.010356280021369,0.024902772158384,-0.017179509624839,0.010235875844955,-0.0093692103400826,-0.029781926423311,0.013015212491155,-0.020830359309912,-0.017345640808344,-0.0052986470982432,-0.02165119536221,-0.026482494547963,0.035338182002306,-0.0033865992445499,-0.027828903868794,0.0094279982149601,-0.011321623809636,-0.019923202693462,0.0076370257884264,0.026851145550609,0.029657671228051,-0.018354814499617,-0.015956073999405,-0.011876300908625,-0.021508511155844,-0.018789308145642,-0.018648657947779,0.015680814161897,-0.026233185082674,-0.024157844483852,0.019929183647037,-0.00026622324367054,0.033500988036394,-0.018275329843163,-0.017500264570117,-0.0030332799069583,0.017320714890957,-0.013896872289479,0.019047284498811,-0.0056989076547325,0.0010243298020214,-0.0066960393451154,0.031233299523592,-0.029476413503289,6.0512666095747e-05,-0.03298507258296,0.031295213848352,0.013030583038926,0.0069186273030937,-0.037358794361353,-0.028346659615636,0.026993460953236,0.00095720100216568,-0.010295306332409,-0.0044187405146658,0.018760910257697,-0.024185782298446,-0.012705129571259,-0.017773965373635,0.0046605113893747,0.030867401510477,-0.018418770283461,0.02182624489069,-0.030911087989807,0.0034495256841183,-0.006467021536082,0.015979330986738,-0.022794958204031,-0.028015898540616,0.020014772191644,-0.024967132136226,0.024143747985363,-0.011104227975011,-0.0086117330938578,0.0052794772200286,0.013109506107867,0.0038026724942029,-0.021442783996463,-0.026369981467724,-0.012377015314996,-0.0066420058719814,-0.029654717072845,0.029913382604718,0.013606439344585,0.029066892340779,-0.012223425321281,0.0045766201801598,-0.035090129822493,-0.0095625892281532,0.0026310512330383,-0.035732008516788,-0.010673805139959,0.0099159963428974,0.0323819629848,-0.0028977021574974,0.016397720202804,-0.02310574427247,0.023824293166399,0.003005652455613,-0.016693079844117,0.024181302636862,-0.0025662269908935,0.025931108742952,-0.015053974464536,-0.022377679124475,0.025823503732681,0.014002022333443,-0.0045047719031572,-0.016549821943045,-0.0039402134716511,0.017885779961944,0.023379376158118,-0.0045913932844996,-0.023760790005326,-0.016346173360944,0.028589719906449,0.020443469285965,0.021731529384851,-0.014751326292753,0.033060166984797,0.0081419451162219,-0.035227335989475,-0.016755225136876,0.011789449490607,0.024142077192664,-0.017928594723344,0.029462525621057,0.013250994496047,0.014330201782286,-0.025880539789796,0.025030137971044,-0.0024553732946515,0.021677993237972,0.033491738140583,-0.004641885869205,0.028657821938396,0.0018317720387131,0.024717891588807,0.021069036796689,0.011218346655369,0.030391171574593,0.0085273096337914,-0.019371129572392,-0.017815459519625,0.00096275797113776,0.0086230281740427,-0.034492313861847,0.0027443668805063,0.011030234396458,0.014761389233172,-0.011771620251238,0.012716410681605,-0.032037243247032,-0.015705849975348,-0.012562508694828,0.0021288970019668,-0.034162856638432,0.020798971876502,-0.033352889120579,-0.010279704816639,0.034654226154089,0.018641427159309,-0.035896092653275,0.0040807165205479,-0.011522428132594,0.0015970895765349,0.0011091333581135,0.024752229452133,-0.027471892535686,-0.0072867767885327,0.01614011451602,-0.033906176686287,-0.031709641218185,0.019589763134718,0.01525073684752,-0.019554473459721,0.030425729230046,-0.014880911447108,-0.011932823807001,0.0043233511969447,0.011775615625083,-0.02734624966979,0.0041330927051604,-0.005748990457505,0.029195284470916,0.031877942383289,-0.035911783576012,-0.008389669470489,-0.030428361147642,-0.0092827407643199,-0.0015379399992526,-0.018187688663602,-0.034083265811205,0.019262596964836,-0.028506876900792,0.032940179109573,0.016979014500976,0.0071977903135121,0.024892598390579,-0.02123904414475,0.019810298457742,0.0076345824636519,0.034548427909613,0.012614261358976,0.012075433507562,-0.019080342724919,0.012035168707371,0.032617457211018,-0.01335727982223,-0.014536996372044,-0.03051126934588,0.014533902518451,-0.027930798009038,-0.0060241282917559,-0.02954563498497,0.026152428239584,-0.017814723774791,0.007472338154912,-0.024514023214579,0.0036848208401352,0.016775470227003,-0.02754675783217,-0.030742567032576,-0.036294054239988,0.00075206608744338,-0.0075094420462847,-0.034969236701727,0.014039697125554,0.017083564773202,-0.019029544666409,-0.0010171455796808,-0.021416170522571,-0.013047130778432,-0.015705497935414,-0.035775568336248,-0.026944754645228,0.015393825247884,0.015885051339865,-0.012902677059174,0.028043776750565,0.023860711604357,-0.029786569997668,-0.017118887975812,-0.030934873968363,-0.0032924744300544,-0.0080704065039754,0.008127449080348,0.0090212672948837,0.03118852712214,0.0099253552034497,0.028738025575876,-0.022669330239296,-0.028544830158353,-0.03093440644443,0.014025825075805,-0.013472466729581,-0.007378795184195,-0.031878769397736,-0.034530315548182,-0.005731160286814,-0.01027431152761,-0.016031820327044,0.018197963014245,-0.034034017473459,0.021903002634645,0.012506933882833,-0.023781519383192,0.020119667053223,0.0069397394545376,0.0011964252917096,0.025244219228625,0.01105956826359,-0.019085137173533,0.02840075828135,-0.019805738702416,0.027797279879451,0.019069112837315,-0.025259416550398,0.0065229153260589,0.0049694050103426,-0.0072040962986648,-0.0052001848816872,-0.035664416849613,0.034307770431042,0.032692339271307,0.028333321213722,-0.032274130731821,0.03281132131815,0.023665135726333,0.0043913600966334,0.0028298504184932,-0.0075241220183671,0.029905710369349,-0.012283785268664,-0.0014755446463823,0.036534782499075,-0.010016788728535,0.023435262963176,0.0094769122079015,0.016615180298686,0.024651151150465,0.015177158638835,-0.0175611525774,-0.035882785916328,-0.0047982158139348,0.033338982611895,0.022852158173919,-0.010274739935994,0.010528377257288,0.023708920925856,0.0037996845785528,-0.014350873418152,0.02982972189784,0.014638808555901,-0.026497237384319,0.01352321729064,-0.027590975165367,-0.025425223633647,0.028618857264519,-0.0090197157114744,-0.018395379185677,-0.027110680937767,-0.015858128666878,0.0076058292761445,-0.01448458712548,-0.021202128380537,-0.018708588555455,0.0090795969590545,-0.01732125505805,-0.018610313534737,-0.02323903888464,-0.013474638573825,-0.014099203050137,-0.030426314100623,0.020954687148333,0.0092830313369632,0.011675243265927,0.019454624503851,0.011894825845957,0.033427037298679,-0.0084962407127023,-0.031717304140329,-0.030194837599993,0.022004196420312,-0.0016858527669683,-0.014204075559974,-0.020606145262718,0.03031874448061,-0.017087442800403,-0.0092295669019222,0.01804756373167,0.019370565190911,-0.01780354231596,-0.011503129266202,-0.018805366009474,0.024868259206414,-0.0034850225783885,-0.027044933289289,-0.0036531304940581,0.0020370411220938,-0.0010961421066895,0.034594245254993,-0.031187249347568,-0.011242408305407,-0.031701881438494,-0.017736881971359,-0.0036729497369379,0.014184573665261,-0.010984168387949,-0.0071139298379421,0.0015220583882183,0.037102550268173,0.020653855055571,-0.0095294881612062,0.020305613055825,0.013616069220006,-0.035697415471077,-0.0043179639615119,0.027733774855733,-0.015166133642197,-0.033438604325056,0.019507663324475,0.034482296556234,-0.033976528793573,0.0084804072976112,-0.01947651989758,-0.0054536713287234,-0.030822649598122,0.024834346026182,-0.026752730831504,0.0044314940460026,0.016702700406313,-0.021210798993707,-0.013200169429183,-0.025166729465127,0.032850380986929,0.0035250994842499,-0.019462831318378,-0.0040939715690911,0.02930798754096,0.028096202760935,0.037560246884823,-0.023773740977049,-0.011728456243873,0.0075691039673984,0.034126285463572,-0.026804087683558,-0.0046127825044096,0.031351674348116,-0.0055515579879284,-0.004773486405611,0.015358407050371,-0.007470628246665,-0.027933897450566,0.0030837343074381,0.025947384536266,0.0082661341875792,-0.023143095895648,-0.014984616078436,-0.033900368958712,0.006452742498368,-0.0052230837754905,0.0054079201072454,-0.010507901199162,0.0056334803812206,-0.027534803375602,0.010811409913003,-0.0038432900328189,-0.032365880906582,0.028440058231354,0.020343160256743,-0.033260088413954,-0.014735485427082,-0.028585933148861,-0.018339203670621,0.010151795111597,0.01993160136044,-0.021958403289318,0.014911011792719,0.035020831972361,0.0047247032634914,-0.024467758834362,-7.8497556387447e-05,-0.0078359674662352,0.0287976115942,-0.034934002906084,0.026917990297079,0.008525587618351,-0.018493378534913,0.002591057214886,0.0051584141328931,-0.027497982606292,0.004636085126549,0.014154251664877,0.00070804660208523,0.002553531434387,-0.0063285380601883,0.020356496796012,-0.012741129845381,-0.0055145276710391,-0.027240831404924,-0.012768735177815,0.024729153141379,0.0070386840961874,-0.021161170676351,0.034891396760941,0.013698944821954,0.015434969216585,0.025254026055336,0.014899477362633,-0.021482046693563,-0.029535945504904,-0.010844936594367,-0.01894411817193,0.0060563464649022,0.023370774462819,0.033602681010962,-0.037057965993881,-0.025008544325829,0.0083209108561277,0.033876806497574,-0.034931231290102,0.029525080695748,-0.016976809129119,0.0092499926686287,-0.0064190016128123,-0.003334695007652,0.020167557522655,0.0060342093929648,0.033672966063023,-0.010702994652092,0.035177521407604,0.028536006808281,0.027210427448153,0.0075495038181543,-0.014477578923106,-0.0013822561595589,-0.028271589428186,0.028416329994798,-0.024930339306593,-0.0015079724835232,-0.027120282873511,0.036766327917576,0.012869200669229,-0.032409626990557,0.021275268867612,0.030606783926487,-0.015013276599348,-0.023396024480462,-0.023023780435324,0.027116987854242,-0.028070364147425,-0.0030267133843154,-0.034030269831419,-0.037262547761202,-0.012464327737689,0.005372310988605,0.01199521496892,0.01423673518002,-0.0019975723698735,0.022593561559916,-0.02460871823132,0.035091757774353,-0.0017295109573752,-0.022221140563488,0.012454808689654,0.025105839595199,-0.0078433444723487,0.014103452675045,-0.032973054796457,-0.0059576355852187,-0.02067350782454,-0.036195609718561,-0.030974296852946,-0.014878469519317,0.015140974894166,-0.00029300330788828,-0.024915017187595,0.00065899931360036,0.0010786380153149,-0.00119770236779,0.022655921056867,-0.028312683105469,-0.029614659026265,-0.029756793752313,-0.028230424970388,-0.0059801219031215,-0.0022023224737495,0.014175566844642,0.022100225090981,0.035725168883801,-0.0064443023875356,0.029455631971359,-0.022229541093111,-0.0073241107165813,0.0017514933133498,0.0013645107392222,0.036156918853521,0.0063741249032319,-0.0004112760652788,-0.031671360135078,-0.013019668869674,0.033216170966625,0.0036571924574673,-0.028568431735039,0.010577595792711,-0.014352572150528,-0.013788531534374,-0.0013872326817364,0.01571031101048,-0.016121985390782,0.018320435658097,0.033761378377676,0.016499415040016,-0.010795954614878,0.0054855779744685,-0.025208907201886,0.035403847694397,-0.021880313754082,-0.024670233950019,-0.023588394746184,0.0035800763871521,0.015303016640246,-0.028573567047715,0.033882260322571,0.025565147399902,-0.0016247378662229,0.035035613924265,0.012825711630285,0.0017893571639434,0.0010612659389153,-0.036493930965662,-0.030014954507351,0.021280035376549,-0.034419041126966,-0.035089254379272,0.044235076755285,-0.011034766212106,0.0041120201349258,-0.019968789070845,-0.01438367459923,0.0015446273609996,0.044792879372835,-0.014177615754306,0.0061426414176822,0.038394100964069,0.0077265501022339,-0.0049898005090654,-0.021581668406725,-0.027591463178396,-0.0035525471903384,0.022734180092812,-0.0055465893819928,0.0021071906667203,0.025392225012183,-0.001645548036322,0.0053726015612483,0.013317802920938,0.023428574204445,-0.0060522160492837,0.04518785327673,0.0096469363197684,-0.0026540013495833,-0.03733117878437,0.056283034384251,0.021500209346414,0.031937517225742,0.019592016935349,-0.012292183935642,0.0028286876622587,0.0084185861051083,-0.0011051645269617,0.058844029903412,0.029783952981234,0.041563685983419,0.0043514836579561,-0.013081094250083,-0.010958861559629,0.0011957329697907,0.0032856350298971,0.0025704638101161,0.014509035274386,-0.038239739835262,-0.029594622552395,-0.041862685233355,-0.01379241514951,0.027211980894208,-0.029769415035844,-0.030607221648097,0.042993593961,-0.00048176624113694,0.00047284364700317,0.021955596283078,-0.029123140498996,0.019448900595307,0.017514709383249,-0.00090961705427617,0.0022005452774465,-0.0082370573654771,0.014439245685935,0.018253676593304,-0.02095178887248,-0.013872007839382,-0.032574634999037,0.037988528609276,-0.018625730648637,-0.0030809396412224,-0.036232862621546,-0.016048805788159,0.0039666341617703,0.034480005502701,-0.023940458893776,-0.035238035023212,0.015384609811008,-0.0093562416732311,-0.029009027406573,-0.031906634569168,-0.05231811478734,0.018255615606904,0.0087249176576734,0.012910583056509,-0.026798283681273,-0.012373148463666,0.02464229427278,0.010499340482056,0.018205119296908,-0.027613593265414,-0.035534784197807,0.016656327992678,0.0044408217072487,-0.031851842999458,-0.0028299945406616,-0.022005833685398,0.035249438136816,0.0081604458391666,-0.0014438290381804,-0.0087517220526934,-0.02738793566823,0.044483084231615,0.025482570752501,0.0043919216841459,0.032594550400972,-0.041736032813787,-0.031734731048346,-0.024737011641264,0.038079891353846,0.010927341878414,-0.021273128688335,-0.0064211604185402,-0.0192781817168,-0.038933094590902,-0.020993031561375,0.036055415868759,0.0044468846172094,0.0013533676974475,-0.0064183892682195,0.011350153945386,0.017564535140991,-0.010573216713965,0.02983726747334,0.018049497157335,0.0069070691242814,0.021616745740175,-0.01597049087286,0.01068546064198,-0.024474522098899,0.039409190416336,0.063400238752365,0.0049650385044515,0.0015381609555334,-0.040666669607162,0.006897839717567,-0.026111291721463,-0.040874525904655,0.00047304056352004,-0.0027229688130319,0.017917815595865,-0.02051299251616,0.0018107445212081,-0.015513748861849,0.044769987463951,-0.014862146228552,0.021092461422086,-0.0063394866883755,0.0017481554532424,0.0061892359517515,0.017081974074244,0.0027535450644791,0.016302835196257,-0.014379387721419,0.017022470012307,0.016285648569465,-0.041496515274048,-0.031365524977446,-0.029890093952417,0.020776925608516,-0.011255973950028,-0.0020634636748582,-0.041367992758751,0.010802243836224,-0.013841082341969,0.00083397491835058,0.024463666602969,0.011076056398451,0.024495754390955,-0.011323427781463,-0.023005161434412,0.016604449599981,0.031361602246761,-0.029974138364196,-0.027307726442814,-0.027535982429981,-0.030376944690943,0.0053786565549672,0.011343846097589,-0.041700959205627,-0.022174758836627,-0.026657527312636,0.0064186584204435,0.0012556969886646,0.0057861316017807,-0.0044029057025909,-0.031310688704252,0.018886568024755,0.03083299472928,0.009269118309021,-0.032115835696459,0.028014555573463,0.0032088055741042,-0.0032899731304497,-0.044038381427526,-0.011620768345892,-0.026216637343168,0.012068472802639,0.007070254534483,-0.02455267123878,0.0062101231887937,0.017020884901285,-0.0088352300226688,0.0068175280466676,-0.037193898111582,0.010715686716139,-0.029031818732619,-0.0063040284439921,-0.0061914622783661,-0.027372008189559,-0.0089407227933407,-0.0060717491433024,0.029742117971182,-0.025266667827964,0.010908843018115,0.0035169965121895,0.026146173477173,-0.023566214367747,-0.042023982852697,0.0068005630746484,0.01912690512836,-0.030941080302,-0.016051311045885,-0.014532431028783,0.01159278023988,-0.027344923466444,-0.038816407322884,0.013528454117477,-0.036051783710718,-0.0019726394675672,0.011504993773997,-0.039030730724335,0.034551203250885,0.0053336042910814,0.0021034891251475,-0.0011490441393107,-0.028495062142611,-0.018013441935182,0.0012690622825176,-0.00026745581999421,0.023868618533015,0.016670668497682,-0.0099699245765805,0.036776833236217,-0.014351482503116,-0.04168539494276,0.020785566419363,0.029863668605685,-0.022942768409848,0.023029331117868,-0.040826369076967,0.0071818083524704,0.0041922158561647,-0.014701940119267,0.0043054916895926,-0.029251912608743,0.00021341627871152,-0.020948672667146,0.041657030582428,-0.041139151901007,-0.028818050399423,-0.0078994277864695,0.0089478427544236,-0.019559282809496,-0.020711792632937,-0.030490897595882,0.022027961909771,-0.022648919373751,0.020518446341157,-0.023671716451645,0.034148782491684,0.00041775286081247,-0.0046692253090441,0.025182506069541,-0.048785082995892,0.039350010454655,0.0041796718724072,-0.0031429769005626,-0.034297998994589,0.010003903880715,0.022730132564902,-0.0078320018947124,0.032406818121672,-0.020165909081697,-0.0071320571005344,-0.059170950204134,0.040244989097118,-0.018871305510402,-0.018606398254633,0.016711173579097,0.0091365166008472,-0.007585879880935,-0.049222204834223,-0.02590293623507,-0.028828546404839,-0.020257325842977,0.00022442478802986,0.0088302306830883,-0.0015442566946149,0.027853546664119,0.044158585369587,0.031613066792488,-0.0056086843833327,-0.069973133504391,0.017818545922637,-0.02110300399363,-0.036292653530836,-0.026298679411411,0.0055116643197834,-0.006688651163131,-0.010024571791291,-0.028448510915041,-0.02176078595221,-0.0071662804111838,-0.029592083767056,-0.017028810456395,-0.015003868378699,-0.0040586870163679,0.056790370494127,-0.0040689986199141,0.01425770111382,-0.0017351488349959,-0.0021647699177265,-0.0093812262639403,0.03173104301095,-0.0063789617270231,0.041563294827938,-0.020261630415916,-0.015311977826059,-0.040773916989565,0.0064235851168633,0.019668634980917,0.02383810095489,0.026943974196911,-0.0072840764187276,0.033773485571146,-0.01933871768415,0.039285805076361,-0.032927684485912,-0.0057260729372501,0.027396239340305,0.014554679393768,-0.044110491871834,-0.035792142152786,-0.014722084626555,0.029255274683237,-0.025600647553802,-0.012751107104123,-0.018869467079639,0.003124563023448,-0.037147663533688,0.014985306188464,-0.026920005679131,0.011493830010295,-0.0038452420849353,-0.019340788945556,-0.0071517145261168,-0.027194498106837,0.02184240706265,-0.036667704582214,-0.023797323927283,-0.031313702464104,-0.0013100913492963,-0.0110450880602,0.018639402464032,-0.021257633343339,0.024482889100909,-0.015147159807384,0.022811662405729,-0.027262324467301,-0.01616851426661,-0.0035641232971102,-0.00068430684041232,-0.038166869431734,-0.0097786942496896,-0.0071429484523833,-0.0048975222744048,-0.029469177126884,-0.030516376718879,0.031919315457344,0.041081231087446,-0.0024863288272172,-0.050227589905262,-0.037426438182592,0.0038348806556314,-0.072580501437187,0.059438638389111,-0.012953730300069,-0.029036900028586,0.024760050699115,-0.00083421095041558,-0.024643752723932,-0.047357924282551,0.017364835366607,-0.015998376533389,0.042002107948065,-0.040966961532831,-0.0056334515102208,-0.023985274136066,0.037929829210043,-0.0066400151699781,-0.036772269755602,0.038954459130764,0.01489020884037,0.0051365741528571,0.036082167178392,0.0053666355088353,-0.0071924231015146,-0.035699281841516,0.01436557713896,-0.025292256847024,0.036648828536272,0.026792179793119,-0.053284537047148,0.024025205522776,-0.018062887713313,0.028212627395988,0.00205606687814,-0.032527916133404,0.038684077560902,-0.018245045095682,0.014558469876647,0.0093485033139586,0.068550251424313,0.029425855726004,-0.049719925969839,0.014426434412599,0.015633948147297,-0.03151736035943,0.011424450203776,0.02508245408535,-0.032399445772171,0.036957949399948,0.0075952028855681,0.025177685543895,0.032321456819773,0.04060884937644,0.015417031943798,0.012817420996726,-0.016339926049113,0.047786578536034,0.027931120246649,-0.031327072530985,-0.026738651096821,0.042026251554489,0.029735554009676,0.038449056446552,-0.034836422652006,-0.0068669598549604,-0.023574596270919,-0.014229958876967,-0.054343692958355,-0.028006125241518,-0.04431164264679,0.0094604259356856,0.020454879850149,-0.026923773810267,0.0063992175273597,-0.027753189206123,0.015417385846376,-0.012827177532017,0.026013931259513,0.0050124423578382,0.0042085773311555,-0.018497651442885,-0.016358280554414,0.042953487485647,-0.023280059918761,0.019750919193029,-0.019525388255715,0.009115275926888,-0.031323697417974,0.029366603121161,-0.020740011706948,-0.015157873742282,-0.030699050053954,0.046644486486912,0.0140221407637,-0.010329470038414,-0.052198618650436,-0.010885562747717,-0.0010952472221106,-0.016558500006795,0.049804341048002,-0.035116448998451,0.032367777079344,-0.0040014926344156,-0.016270933672786,-0.029887709766626,0.040007889270782,0.0034233240876347,0.0019603297114372,-0.0046380022540689,-0.019191049039364,-0.011606684885919,0.034667737782001,0.023306017741561,-0.022885896265507,0.027151675894856,-0.0001686353207333,0.025665104389191,-0.036290880292654,-0.028421608731151,0.0042707906104624,0.012910739518702,-0.007211871445179,-0.0093012256547809,0.020174676552415,-0.01480265147984,-0.024395188316703,0.0033108717761934,0.0065829395316541,-0.010188761167228,-0.0097299264743924,-0.0010996127966791,-0.013739469461143,-0.059102818369865,0.031209645792842,-0.018328621983528,-0.01807457767427,0.033470831811428,0.0053570410236716,0.018195208162069,-0.054793208837509,-0.022031642496586,-0.037599101662636,0.017205692827702,0.010833603329957,-0.013509912416339,-0.023584742099047,0.023892261087894,-0.011048025451601,0.0093910666182637,0.076306708157063,0.012508530169725,-0.01178340613842,0.029982335865498,0.024944232776761,-0.042223911732435,-0.044032867997885,-0.014896041713655,-0.012047315016389,0.012039180845022,0.011869601905346,0.029569040983915,-0.029436908662319,-0.021077580749989,-0.028470212593675,-0.026774456724524,0.032221812754869,0.048425458371639,0.051794175058603,0.047132071107626,-0.0081499870866537,-0.010468957945704,-0.026408080011606,0.045169293880463,-0.023581057786942,-0.02262969315052,0.00059843837516382,-0.013039170764387,0.038526520133018,0.017486836761236,0.03667601570487,-0.014714239165187,-0.030935617163777,-0.008863658644259,-0.016386512666941,-0.018619513139129,0.011051381938159,-0.010061044245958,-0.035913858562708,0.016693100333214,0.039232682436705,-0.0015536905266345,-0.019635563716292,-0.063394643366337,0.036882929503918,0.0052663101814687,0.03193673491478,0.062386568635702,0.024180773645639,0.018143901601434,-0.028526280075312,0.0045449226163328,0.022272372618318,0.0043980707414448,0.059987582266331,0.0053194724023342,-0.01862083747983,-0.008286977186799,0.0043590534478426,-0.0042351554147899,0.013194598257542,-0.0087469108402729,0.0036352439783514,-0.0076484875753522,0.016353722661734,-0.038229022175074,-0.023033438250422,-0.023406241089106,-0.0096049029380083,-0.017431361600757,-0.056038483977318,0.0085154706612229,0.018752107396722,0.021363513544202,0.018681405112147,-0.061985522508621,-0.017522472888231,-0.0092423502355814,0.019610583782196,0.0086451917886734,0.014743105508387,0.02061497233808,0.023806199431419,0.013459518551826,-0.020447392016649,-0.0076111764647067,-0.035994105041027,0.044915806502104,0.017662109807134,-0.019092433154583,0.049670796841383,0.090631879866123,0.041226964443922,0.00097545585595071,0.033414408564568,-0.008403642103076,-0.011218316853046,-0.024008085951209,-0.015783676877618,0.012747986242175,-0.033250190317631,0.0041553135961294,-0.014169474132359,-0.052599534392357,-0.0025960013736039,-0.014520748518407,0.070109508931637,-0.043509036302567,0.01266417093575,0.0012989165261388,0.033237278461456,-0.012510008178651,0.013400484807789,0.037177804857492,0.021801568567753,-0.027304962277412,-0.0041955905035138,-0.041071426123381,-0.048148110508919,-0.0023708615917712,-0.016106544062495,0.017743211239576,-0.024815116077662,0.0018232864094898,0.055196013301611,0.008597744628787,-0.042072270065546,0.019770368933678,0.049682386219501,0.043607898056507,0.027352614328265,-0.028051657602191,0.0028471071273088,-0.045210797339678,0.039898734539747,-0.016250753775239,-0.0078693926334381,0.021026408299804,-0.013113800436258,0.017148476094007,0.015087059698999,-0.0024113759864122,-0.016521187499166,-0.016028141602874,-0.069634109735489,0.020960405468941,0.018772223964334,0.037732735276222,0.030792277306318,-0.010372606106102,-0.026677791029215,0.0078321313485503,0.027059406042099,-0.023157741874456,0.0085519757121801,-0.041535820811987,-0.0086016235873103,-0.025616396218538,0.0062221130356193,0.020264340564609,0.013323478400707,-0.050525687634945,0.090167351067066,0.028139924630523,-0.0087659684941173,-0.0055072484537959,-0.010270620696247,-0.016347989439964,-0.020882368087769,0.0483623072505,0.017506903037429,0.015121852979064,0.036642953753471,-0.023341493681073,-0.0015742734540254,0.0069861281663179,-0.039920449256897,0.028703689575195,-0.0013860949547961,0.016357764601707,-0.0060535483062267,-0.04531804099679,-0.024428000673652,0.024083666503429,0.023255608975887,-0.019782928749919,0.0063251447863877,-0.00010643303539837,-0.016156900674105,-0.05208532884717,0.0024946329649538,0.014549056068063,-0.0043815029785037,-0.042889881879091,-0.020860210061073,-0.048791259527206,0.024413010105491,0.021665802225471,-0.030164826661348,-0.027929630130529,0.009653277695179,0.011930916458368,0.023872636258602,-0.013711069710553,-0.024078914895654,0.01155646238476,-0.020666103810072,0.020623313263059,-0.0068400972522795,0.031968157738447,0.035330705344677,0.035820174962282,0.024069432169199,0.017797503620386,-0.032672129571438,-0.031675592064857,0.023023990914226,-0.0026233294047415,0.01653884537518,-0.02246280387044,0.036366168409586,0.04321264475584,0.04092026129365,0.022059950977564,0.013583363033831,-0.031140320003033,-0.02101531997323,0.02074096724391,0.0062219747342169,-0.027298804372549,0.028761422261596,0.007258006837219,0.024377413094044,-0.0048679141327739,-0.011321951635182,-0.019270021468401,-0.027138253673911,0.0077255396172404,-0.0011837756028399,0.034356884658337,0.0089030750095844,0.022222507745028,0.021134814247489,-0.022153533995152,0.016412453725934,-0.031924478709698,-0.030506024137139,0.0052001695148647,-0.01380077470094,0.040991187095642,0.0095310090109706,0.0033445733133703,-0.01119458116591,-0.014183727093041,-0.017831787467003,0.0075153829529881,0.022785125300288,-0.020489096641541,-0.019023844972253,0.026280460879207,0.0056241522543132,0.013881429098547,0.034888926893473,-0.027182530611753,0.0089207645505667,-0.017131919041276,-0.023457668721676,-0.012226726859808,0.0011226296192035,-0.033844821155071,0.0064177825115621,0.038561120629311,0.026976251974702,0.016717318445444,-0.0018787818262354,0.0038314275443554,0.01808188855648,-0.026975220069289,-0.012888603843749,-0.013580990955234,-0.031454853713512,-0.018102217465639,-0.013058203272521,0.019314885139465,0.019064418971539,0.010921994224191,0.01474223844707,0.02353884652257,-0.030909009277821,0.011126052588224,0.011076726950705,-0.031589977443218,0.0060793794691563,-0.031964484602213,-0.041125982999802,0.0038920948281884,-0.035832546651363,-0.025962399318814,0.0005609457148239,-0.037106230854988,0.038368653506041,0.031557831913233,-0.01681512221694,0.030144928023219,0.03058890812099,-0.0013077012263238,-0.024485310539603,0.001480522332713,-0.0068768546916544,0.037177383899689,0.014051085337996,-0.019911218434572,-0.037367329001427,0.036722045391798,-0.010694465599954,-0.041332799941301,0.041147351264954,0.009121909737587,0.023088049143553,0.022002052515745,-0.013925949111581,0.013936292380095,-0.017891803756356,-0.02967263199389,-0.013898030854762,0.030895197764039,0.018612150102854,0.038271594792604,-0.016557950526476,0.00094875227659941,0.00047248968621716,-0.025260480120778,-0.036113053560257,0.025789137929678,-0.027508160099387,-0.041307277977467,-0.033079102635384,-0.032498728483915,0.011880143545568,0.03544057905674,0.0082722371444106,0.032262858003378,0.0098556810989976,0.019527925178409,-0.017620323225856,-0.033895418047905,-0.0090680103749037,0.035648204386234,-0.019439730793238,0.002142273588106,0.011527482420206,0.036280434578657,-0.031370166689157,-0.0089102797210217,-0.0012260397197679,0.012835651636124,0.0010717987315729,-0.029009606689215,-0.033276051282883,-0.0022863983176649,0.0093487361446023,-0.037593051791191,0.024330051615834,-0.0016663036076352,0.021525252610445,-0.035906333476305,0.004370313603431,-0.020408110693097,-0.03964639082551,-0.020163353532553,0.018517078831792,0.0078428285196424,-0.0030017220415175,-0.037366382777691,-0.022879544645548,-0.033839497715235,0.011696456931531,-0.011298757046461,0.0027768479194492,0.023534970358014,-0.012758634984493,0.023167859762907,0.045790456235409,-0.03493470698595,-0.003121301997453,0.0072863907553256,0.023077141493559,0.01789803057909,0.0040040262974799,-0.013150626793504,0.013909021392465,-0.020077576860785,-0.019983416423202,0.037001729011536,-0.0054232943803072,-0.0018973805708811,-0.020900260657072,0.012656179256737,-0.031189316883683,-0.0079908948391676,-0.028767397627234,-0.024759681895375,0.033659748733044,-0.0097679598256946,-0.0070351264439523,-0.01775486022234,-0.022162258625031,-0.025335816666484,0.016220333054662,-0.027930868789554,-0.024182898923755,-0.0012445827014744,0.032774172723293,0.038078226149082,-5.9579757362371e-05,0.02512090280652,-0.013736169785261,0.029743818566203,-0.029752114787698,0.018945012241602,-0.016728516668081,0.015647849068046,-0.0086777824908495,-0.0205686558038,0.031045764684677,0.015509787946939,0.0078560607507825,-0.017651872709394,-0.03411515802145,-0.024882551282644,0.028822669759393,-0.028484528884292,0.035535026341677,0.013010862283409,-0.010035172104836,-0.010458040982485,-0.0034951763227582,-0.027942126616836,-0.0084616336971521,-0.014340538531542,-0.02204111777246,0.035873018205166,-0.030945846810937,-0.022995572537184,0.00041733882972039,0.032892655581236,0.016457807272673,0.020427621901035,0.02993449755013,0.015483072027564,0.017569627612829,0.036049447953701,-0.030701734125614,-0.029678167775273,0.0074621578678489,-0.012917212210596,-0.015129929408431,-0.0054727965034544,-0.0079096471890807,-0.024069171398878,-0.025144880637527,-0.0020863490644842,-0.041946206241846,0.00010602321708575,-0.0040186722762883,0.022119445726275,0.023191813379526,-0.03069101460278,0.016143668442965,0.019343283027411,0.035477381199598,-0.010748248547316,0.021490527316928,0.025006135925651,0.023993112146854,0.0048625255003572,0.022376479580998,-0.0126500017941,0.0092561887577176,-0.015097104944289,0.031657040119171,0.0010240594856441,-0.0046071796678007,0.03653921931982,-0.013576110824943,-0.0016386243514717,0.023473963141441,0.028808265924454,-0.024020224809647,-0.0019096630858257,-0.0097060268744826,-0.01139107067138,0.022842230275273,0.003960351459682,-0.0096799088642001,0.02575752325356,0.02901703491807,0.011713639833033,0.0012505286140367,-0.021762071177363,0.039314594119787,0.0066358032636344,-0.019535770639777,-0.024660402908921,0.028252029791474,-0.010783592239022,-0.020472522825003,0.013860770501196,0.01627036742866,0.012873097322881,0.0058799693360925,-0.0053840014152229,-0.037756498903036,-0.031642951071262,0.013875261880457,0.0045750383287668,0.01845689304173,-0.022784477099776,0.022751845419407,0.018503630533814,0.001592060085386,-0.0046899067237973,-0.0067131095565856,-0.033707316964865,0.031926415860653,-0.0077203307300806,-0.0095597179606557,-0.018905531615019,-0.0047758873552084,-0.022402454167604,-0.011765060015023,0.0044344705529511,-0.038824863731861,-0.028291864320636,0.037557322531939,-0.0029966924339533,0.016537062823772,0.0095171369612217,0.025065084919333,0.023307139053941,0.029070768505335,0.0029903810936958,0.028871903195977,-0.001941729336977,-0.005867279600352,-0.016456913203001,0.019740184769034,-0.0052757668308914,0.026232805103064,-0.022418955340981,-0.031501490622759,0.020415831357241,0.038566928356886,-0.018879001960158,-0.020008727908134,0.026235843077302,0.01336588896811,-0.0059032957069576,0.021570350974798,-0.020732648670673,-0.023596994578838,0.0071836789138615,-0.022327264770865,0.027587847784162,-0.024333646520972,0.028044084087014,0.010064168833196,0.019111290574074,0.017362812533975,0.003243472892791,-0.0049548228271306,0.032205503433943,-0.025177774950862,-0.02862243540585,-0.011815411970019,-0.021595222875476,0.0015973553527147,0.0069342614151537,0.039169397205114,0.023051055148244,-0.018928412348032,-0.03541549667716,0.030551565811038,-0.033400174230337,0.034640729427338,0.022892497479916,0.01609767973423,0.0038018969353288,0.010949075222015,0.027133319526911,0.0036208159290254,-0.015687070786953,0.014741733670235,-0.023268928751349,-0.030090933665633,0.035046797245741,0.011098498478532,0.03475359454751,0.042434871196747,0.014148192480206,-0.0019057604949921,0.0065993051975965,-0.018393563106656,-0.015308019705117,0.031858127564192,0.044015154242516,-0.029828682541847,0.034736689180136,0.031604118645191,0.05515319108963,0.045449636876583,-0.034029420465231,-0.031988423317671,-0.02252365835011,0.032449059188366,-0.023940593004227,-0.0031659852247685,0.060645759105682,-0.03177622333169,0.030037917196751,-0.0060147731564939,0.022594274953008,0.015555226244032,-0.033257976174355,-0.0015114966081455,-0.044828101992607,0.061304818838835,-0.019372969865799,0.0070162201300263,0.030967686325312,0.011720286682248,-0.030981007963419,0.0062765004113317,-0.020986910909414,0.0058462736196816,0.023708550259471,0.0053918855264783,0.011728988029063,0.024842320010066,-0.033291764557362,0.020908074453473,0.019097227603197,0.019352618604898,0.040073104202747,0.00034293351927772,-0.014565015211701,0.031802177429199,0.05031294003129,0.039841748774052,0.0092510329559445,0.03058179654181,0.03516785800457,0.024539517238736,0.022055739536881,-0.026860535144806,-0.028033975511789,-0.0093595255166292,-0.0098296543583274,-0.0082463165745139,-0.0084184808656573,0.022344069555402,0.038485426455736,-0.0368134342134,0.012193953618407,0.0028507215902209,0.027262439951301,-0.024235557764769,-0.0048210895620286,-0.0080619351938367,0.025998845696449,0.011492231860757,-0.025469535961747,0.0096315080299973,-0.011997352354228,0.04254999384284,0.0052012377418578,-0.032842960208654,-0.034548405557871,-0.0060658040456474,-0.015012904070318,-0.0008568029734306,0.050981905311346,-0.034352887421846,-0.01723468862474,0.011862253770232,0.05324000120163,-0.03800555691123,0.010900941677392,0.032774914056063,0.012080792337656,-0.01475533656776,-0.034438148140907,0.029292277991772,-0.017585467547178,-0.029979836195707,-0.03168111294508,0.0018471636576578,-0.021640734747052,0.031232202425599,-0.01100892573595,-0.012064860202372,-0.035754468291998,-0.0014313276624307,0.018223665654659,-0.0018841510172933,0.016473822295666,-0.019109945744276,-0.013273985125124,-0.023586515337229,0.028657836839557,-0.046017982065678,0.0074779479764402,0.0014442472020164,-0.0046810414642096,0.027240611612797,0.039515096694231,-0.031483743339777,0.015409593470395,0.045158825814724,0.013853075914085,0.029899731278419,-0.0215032864362,0.02025300078094,0.0072742560878396,-0.020981010049582,-0.021732309833169,-0.035734567791224,-0.041109714657068,0.028805058449507,-0.0089186830446124,-0.022351361811161,0.023314960300922,0.0058676591143012,0.025943951681256,0.033727824687958,-0.01572079025209,0.0103818802163,0.023127457126975,0.031717523932457,-0.024622842669487,-0.016107944771647,0.021653015166521,-0.0070347650907934,-0.038274373859167,0.026533065363765,0.021271575242281,-0.0060759293846786,0.0155239244923,0.02134508267045,0.031406965106726,0.044975511729717,-0.020679343491793,0.022699082270265,-0.020416120067239,-0.0011425375705585,0.026297621428967,0.041477378457785,0.005657849367708,0.033110033720732,0.0055290265008807,-0.003575025126338,-0.034000631421804,-0.018102744594216,0.035053335130215,0.037835922092199,-0.031720921397209,-0.0078527890145779,0.025429259985685,0.030331859365106,-0.020724918693304,-0.013446778990328,-0.012027753517032,-0.034739509224892,0.011419365182519,0.0033152827527374,-0.0086067263036966,0.025291103869677,0.0047634216025472,0.040470000356436,0.019387999549508,-0.0066395211033523,-0.023282922804356,0.028011575341225,0.03595295548439,-0.042144525796175,-0.029883962124586,-0.0126146171242,0.021564288064837,0.0034029178787023,0.016664184629917,-0.0082741249352694,0.031587537378073,-0.022596199065447,-0.020779451355338,-0.01344183832407,-0.0011151594808325,0.0052735204808414,0.016460821032524,0.0021646809764206,0.017470881342888,-0.042341735213995,0.0027594864368439,0.023399945348501,-0.012225916609168,-0.0067110015079379,-0.017742987722158,0.025852596387267,-0.032264642417431,-0.0089360289275646,0.0030352596659213,-0.017530160024762,-0.01605612039566,0.021544754505157,0.031064759939909,-0.033056195825338,-0.027122324332595,-0.021699860692024,-0.0014979538973421,-0.0038678792770952,-0.011349481530488,-0.02923209965229,-0.017083019018173,-0.014478160068393,0.017429450526834,-0.011069050058722,-0.0059285135939717,0.033369291573763,-0.012248727492988,-0.010273471474648,-0.003512617200613,-0.032816488295794,0.0030114417895675,0.020163474604487,-0.014156121760607,0.025783931836486,0.0063096676021814,-0.0062978621572256,0.018848666921258,0.038429096341133,-0.042143650352955,0.044780757278204,-0.024128885939717,0.037224784493446,-0.030616318807006,0.034480251371861,-0.023806793615222,0.0249446593225,0.028723109513521,-0.032238118350506,0.038055818527937,0.03204134106636,-0.029156228527427,0.01017264649272,-0.011898973956704,0.028097994625568,-0.019163591787219,0.025820333510637,-0.037365570664406,0.012825150042772,-0.042518768459558,-0.028843646869063,0.014316312037408,0.01879065670073,-0.030566859990358,0.036019962280989,0.0063161756843328,0.0098266387358308,-0.012401191517711,0.026160998269916,-0.0043393769301474,-0.022251391783357,0.0059211542829871,0.029023909941316,0.0075526000000536,0.034315187484026,-0.0080658067017794,0.031405191868544,-0.029031522572041,0.011574474163353,-0.02478520013392,0.039419524371624,-0.031712312251329,0.026454262435436,-0.036531705409288,-0.042623400688171,-0.0076423767022789,-0.036011699587107,0.028988879173994,-0.0055062277242541,-0.0082636438310146,-0.026977755129337,0.0032851449213922,0.047930549830198,0.014202530495822,0.00452677346766,-0.00938456133008,-0.032450217753649,0.030931450426579,-0.0018614950822666,-0.023643450811505,0.01200704742223,0.0066823516972363,0.013099457137287,-0.020339285954833,-0.032757364213467,0.0084052905440331,-0.0067785228602588,-0.019527358934283,-0.043686993420124,-0.03532700240612,0.015283214859664,0.039808943867683,-0.010599862784147,0.032663721591234,0.0076599875465035,-0.00096650695195422,0.027435157448053,0.033863607794046,-0.048112668097019,0.043454669415951,-0.030616810545325,-0.0099818417802453,0.024160392582417,-0.028427496552467,0.0055021392181516,0.0082754772156477,0.030086420476437,0.017002232372761,-0.024638198316097,0.034088160842657,0.013688416220248,0.0042666145600379,-0.0048863789997995,0.016964396461844,-0.022055003792048,0.053568433970213,0.029769374057651,0.0013480501947924,-0.014244648627937,-0.027685044333339,-0.012771862559021,-0.024069849401712,0.013675942085683,0.011417958885431,0.021972635760903,-0.027649650350213,-0.022135635837913,-0.025038462132215,0.008082021959126,0.0027212605345994,0.032833877950907,-0.031683620065451,-0.021283607929945,-0.029270803555846,0.030962692573667,-0.01222216989845,-0.0038323551416397,0.011746970936656,0.022716233506799,0.0068441880866885,0.0015353942289948,0.0033479498233646,0.034773238003254,-0.01495230011642,-0.020165322348475,-0.0063186739571393,0.016940783709288,-0.034437820315361,0.036391951143742,0.024223610758781,0.018924135714769,0.010731041431427,-0.0089833149686456,-0.036774605512619,0.033675968647003,-0.021495774388313,-0.00082619889872149,-0.022204965353012,-0.025510447099805,0.029263764619827,0.028323322534561,0.022086186334491,-0.015404432080686,0.0069519644603133,-0.030016172677279,-0.02433655038476,-0.028875149786472,-0.025882003828883,-0.034554157406092,0.011663420125842,-0.029245726764202,-0.011316954158247,0.032973095774651,0.011632627807558,0.027963364496827,0.024408018216491,0.02650422975421,0.00019383105973247,0.011458475142717,0.001365959062241,-0.031944256275892,0.021406194195151,-0.023898676037788,0.028231104835868,-0.0035888622514904,-0.023809477686882,0.021625736728311,-0.014669431373477,0.036242499947548,-0.0028216345235705,-0.035355631262064,-0.0035855292808264,0.024376060813665,-0.014644014649093,-0.009730726480484,-0.006152915302664,0.027832044288516,0.021278465166688,0.010262558236718,-0.014191834256053,-0.025632398203015,-0.016089245676994,0.0041830716654658,0.022205177694559,-0.0038462239317596,0.018392676487565,-0.034785583615303,0.006600967142731,0.0094772893935442,-0.022996095940471,0.026215380057693,-0.0034227608703077,0.03369065374136,-0.010236036963761,0.025318549945951,-0.0079612387344241,-0.016467109322548,-0.00096711656078696,-0.008406694047153,0.014053642749786,0.021422205492854,0.013552649877965,0.017211956903338,0.0055056349374354,-0.0083256559446454,-0.003861719975248,0.015212208963931,0.01838699541986,-0.037391629070044,-0.035985287278891,0.01104405336082,0.022714555263519,-0.031272225081921,-0.0087414095178246,0.01072852499783,0.024635953828692,0.017531277611852,-0.012531716376543,-0.013584601692855,-0.022106483578682,0.022682666778564,0.023634180426598,-0.011803736910224,-0.027000686153769,0.0092370454221964,0.015064581297338,0.017094407230616,-0.025522731244564,0.0088584087789059,0.02392203360796,-0.010083209723234,0.028062479570508,-0.0063452320173383,0.01866271533072,-0.031935475766659,-0.03829312697053,0.011679008603096,-0.02331362105906,0.023903176188469,-0.017139637842774,-0.0053140050731599,0.03321947529912,0.019995167851448,-0.033020187169313,-0.0018847779138014,-0.031533256173134,0.036416728049517,-0.015335008502007,0.018604766577482,0.018041536211967,-0.04029718786478,-0.020835600793362,0.035156484693289,0.0029926316346973,-0.0044730645604432,0.0077973785810173,-0.007374856621027,-0.00601910892874,-0.029638567939401,-0.010162535123527,0.010616723448038,-0.023841151967645,0.032606154680252,0.0037679192610085,-0.02633111551404,-0.0081405425444245,-0.012232586741447,-0.012647593393922,0.0048676240257919,-0.032605085521936,-0.014147159643471,-0.023515578359365,-0.019559746608138,0.026662165299058,-0.026107002049685,0.023493427783251,0.0063998242840171,0.0070992400869727,-0.027984222397208,0.037455786019564,-0.025408141314983,-0.016301803290844,-0.0076423566788435,0.020975824445486,0.00056074082385749,-0.032923936843872,0.009212308563292,-0.0088133560493588,0.0023196211550385,0.034197900444269,0.013363369740546,-0.038896389305592,0.0067560905590653,-0.011719762347639,-0.028230806812644,-0.0015988643281162,-0.013862152583897,0.032184652984142,-0.018322803080082,0.017363913357258,-0.020355010405183,0.024753581732512,0.0066944421269,-0.025672934949398,0.0034090937115252,0.012922582216561,-0.0053027551621199,-0.018798045814037,-0.028685672208667,-0.013441594317555,-0.0048871729522943,-0.034283798187971,0.001782197621651,0.019991096109152,0.034374739974737,0.01555756945163,0.007356571033597,0.012685989961028,-0.009156153537333,-0.013726406730711,-0.02928002551198,-0.030584570020437,-0.032625902444124,0.020024528726935,0.025961723178625,-0.022150453180075,-0.033786911517382,-0.03250777721405,-0.02364119514823,0.02247304469347,-0.026204071938992,-0.018539739772677,-0.028057524934411,-0.027897411957383,0.037403546273708,0.0066850553266704,0.0048791845329106,-0.038259815424681,0.021066268905997,-0.029184017330408,-0.0027099538128823,-0.02691606245935,0.036903418600559,0.00019184115808457,-0.012453576549888,0.012509883381426,0.025188967585564,-0.0084238694980741,-0.029709547758102,0.028906604275107,0.01635485701263,-0.025525614619255,-0.026076357811689,0.031898461282253,0.017337366938591,-0.0088648283854127,0.014838811010122,-0.0016320741269737,0.013212937861681,0.035824134945869,-0.02941931411624,0.028582045808434,0.014335731044412,-0.0092454608529806,-0.0053953872993588,0.02005141787231,0.028009470552206,0.013667973689735,0.0019922950305045,0.030457524582744,-0.011606386862695,-0.011884968727827,-0.022970521822572,0.019386919215322,-0.020779296755791,0.00072316714795306,0.036052156239748,-0.028296364471316,-0.015766324475408,0.02577737160027,-0.014483881182969,0.027290208265185,0.024181826040149,-0.023827312514186,0.0077015282586217,0.031660374253988,0.014466478489339,0.0068290745839477,-1.6017611415009e-05,-0.017591822892427,0.033218570053577,0.027583448216319,0.013269607909024,0.011477551423013,0.031579446047544,-0.0062778340652585,0.0037405323237181,-0.017488207668066,0.013431292027235,0.013716165907681,0.035868044942617,0.02943243086338,0.029589951038361,-0.024367297068238,-0.01394899468869,-0.019897332414985,-0.032502200454473,-0.027074625715613,-0.033363483846188,-0.028012905269861,-0.0056762988679111,-0.03640966117382,0.01606217212975,0.014962555840611,0.02593463473022,0.02807617560029,0.011280142702162,-0.0041317041032016,-0.018499670550227,0.0047072740271688,0.009580266661942,-0.0037570274434984,-0.029894936829805,-0.027799906209111,-0.0085696112364531,-0.019262721762061,0.025550626218319,0.028422018513083,-0.00091516540851444,-0.029263392090797,-0.0083850836381316,0.014084599912167,0.030003655701876,0.0029982677660882,0.0088291019201279,0.022705527022481,-0.022486925125122,-0.0015388387255371,-0.016727551817894,-0.0070025594905019,0.025549383834004,0.03276152163744,0.012456500902772,-0.013278059661388,-0.0031948895193636,-0.030117858201265,0.00035118398955092,0.00027285178657621,0.022069994360209,-0.018506089225411,0.012445257976651,-0.013059234246612,0.037179905921221,-0.029525250196457,-0.028351884335279,0.025589358061552,-0.033825546503067,-0.016619393602014,-0.013938480056822,-0.026215173304081,-0.030538281425834,0.032355628907681,-0.029783550649881,-0.024732191115618,-0.011586657725275,-0.026787409558892,-0.0015827030874789,0.0032815304584801,0.017378069460392,0.024523321539164,0.0025488722603768,-0.024366633966565,-0.021142184734344,-0.0091101424768567,0.014257972128689,0.018165998160839,0.025952979922295,-0.0062764505855739,-0.023259649053216,0.015870690345764,0.014022651128471,0.0036279663909227,0.024858487769961,-0.0403783172369,-0.016216287389398,0.013769241049886,-0.022644905373454,0.018794359639287,0.021187974140048,0.028020393103361,0.029115166515112,0.016479402780533,-0.0019753454253078,0.031809251755476,0.038575563579798,0.0085643585771322,-0.0067873625084758,-0.022994119673967,0.041107960045338,0.020437536761165,-0.026762304827571,0.015970220789313,0.025883965194225,0.0027103039901704,-0.009446713142097,0.025967165827751,-0.017603909596801,-0.0059766480699182,-0.012599684298038,0.027588738128543,-0.016651246696711,0.021686881780624,-0.016743786633015,-0.012317189015448,0.039105616509914,-0.0044628335162997,-0.0057888207957149,-0.011824269779027,-0.034186381846666,-0.029927527531981,0.0027828242164105,-0.023832192644477,-0.015538998879492,0.0036605093628168,-0.032373245805502,-0.034743927419186,-0.034630794078112,-0.031599059700966,-0.021238224580884,-0.026166876778007,0.0024044585879892,0.033269461244345,0.012505888938904,0.028772480785847,0.0041710883378983,0.030078280717134,0.010005928575993,0.032269638031721,-0.0057156798429787,0.010429500602186,0.034155160188675,0.010119210928679,-0.024066712707281,-0.028523538261652,0.0091394241899252,-0.0030327092390507,-0.0058527644723654,0.029215767979622,-0.027275433763862,-0.019817655906081,0.0021346374414861,0.0089275967329741,0.018783943727612,-0.024729227647185,-0.0050258506089449,-0.034616481512785,0.0016387786017731,0.038542713969946,0.031055562198162,0.016659455373883,0.015503115020692,0.01902149990201,-0.019538797438145,0.023119758814573,-0.012100322172046,0.0086118178442121,0.021495113149285,-0.035284273326397,0.020064475014806,0.044545754790306,-0.0080692945048213,-0.0024979640729725,0.027829671278596,-0.014664871618152,0.011773745529354,0.0092337876558304,0.020785998553038,-0.024730378761888,-0.019131449982524,-0.018572537228465,-0.014954567886889,0.039495620876551,-0.027570249512792,-0.02090154774487,0.029888587072492,0.026467300951481,-0.014510641805828,-0.029619367793202,-0.032845221459866,-0.0062237619422376,0.036855217069387,-0.014330007135868,-0.0034125393722206,-0.016115881502628,0.012331490404904,-0.0066039776429534,-0.023859292268753,-0.039314638823271,0.013410047627985,-0.04116303101182,-0.010219056159258,0.026986960321665,0.015412093140185,0.014199231751263,0.014512499794364,0.015722604468465,0.026336066424847,-0.02272485755384,-0.018990267068148,-0.018314788118005,0.00068033277057111,-0.021819787099957,0.040414579212666,0.0043457141146064,-0.0060108485631645,0.0074694170616567,-0.012827738188207,-0.0026211198419333,-0.01350521761924,-0.012933284044266,-3.2423005905002e-05,0.011843401007354,0.023109978064895,-0.018348533660173,-0.0023931276518852,0.03793391212821,-0.02491638250649,0.016265898942947,0.038039367645979,-0.0047497036866844,-0.0097924629226327,-0.027044991031289,0.0036320823710412,-0.020683471113443,-0.011037472635508,-0.031736761331558,-0.035561315715313,-0.0085200406610966,0.051998384296894,-0.017822749912739,0.003686829470098,-0.013867533765733,0.0062334360554814,0.017782691866159,0.014604220166802,0.02423257753253,0.029963376000524,-0.032564494758844,0.028696609660983,-0.023407077416778,0.037708438932896,-0.00049800903070718,-0.0038800754118711,0.030999822542071,-0.030241433531046,0.020204829052091,0.013256930746138,0.027306290343404,-0.03399059176445,-0.030465699732304,-0.013734818436205,-0.0009135216823779,-0.028069851920009,0.028431482613087,0.043123435229063,-0.024464437738061,0.00050176586955786,-0.019016239792109,-0.013664904981852,-0.027375850826502,0.018888844177127,-0.025332478806376,0.00010751578520285,0.019120562821627,-0.02279744669795,-0.022715747356415,-0.032716907560825,-0.016023710370064,-0.038056746125221,0.01821163482964,0.017019759863615,0.0074334302917123,-0.020273353904486,-0.01921671256423,0.0057061784900725,-0.0036594832781702,-0.014357903972268,-0.032781060785055,0.023875309154391,-0.023969449102879,-0.020288914442062,-0.020506855100393,-0.00018163450295106,0.0061601949855685,-0.0087265847250819,0.020509852096438,0.0036068244371563,-0.032590866088867,0.026915028691292,-0.011953865177929,-0.030775904655457,-0.038437809795141,-0.018924614414573,-0.024766748771071,0.011987685225904,-0.03115689009428,-0.00075301300967112,0.035826627165079,-0.020176583901048,0.030941430479288,0.010422882623971,0.0027585555799305,-0.028050201013684,-0.03514277562499,0.016564859077334,0.011780466884375,-0.014720438048244,0.034322384744883,-0.0036650483962148,0.03253772482276,0.010180249810219,0.0060339351184666,0.0012060448061675,0.030244207009673,-0.0062007242813706,0.018754253163934,0.018822049722075,0.036980722099543,0.0021165078505874,-0.03970255330205,0.0062510990537703,-0.033096328377724,-0.030440105125308,0.033752739429474,-0.036686971783638,0.021702939644456,0.024421211332083,0.0069734193384647,0.0066227191127837,0.021952698007226,0.01007276866585,-0.012092160061002,0.0017475170316175,0.018312787637115,-0.030351674184203,-0.044871728867292,-0.00035360126639716,0.024754483252764,-0.020699908956885,-0.030809972435236,-0.031788446009159,-0.036525890231133,0.0087338024750352,0.0016735165845603,-0.0021569295786321,0.026435296982527,-0.0080713545903563,0.0013623309787363,0.013614783063531,-0.032660204917192,0.013629201799631,-0.0032987117301673,0.0061159250326455,0.028657764196396,0.025561582297087,0.025423046201468,0.0096465460956097,-0.031030058860779,0.019630450755358,0.018659364432096,0.0002669568057172,0.021244464442134,-0.021152729168534,-0.019846122711897,-0.00025135226314887,-0.0040368591435254,0.024709038436413,-0.0064903842285275,-0.022959565743804,0.0087994923815131,0.038149069994688,0.021175306290388,-0.020014274865389,0.019266847521067,-0.0019770818762481,-0.015838833525777,-0.037500042468309,0.028992876410484,-0.015567081980407,-0.02484736777842,0.01080437283963,0.009712134487927,-0.0011891870526597,0.004456898663193,-0.030538640916348,0.0042569902725518,0.001209391397424,-0.035760819911957,0.020373554900289,0.02067443728447,0.0029569941107184,-0.011401267722249,0.0061195194721222,-0.022951694205403,0.017237432301044,-0.003849103813991,-0.0057724500074983,-0.027304328978062,-0.038118924945593,0.017632972449064,0.035954050719738,0.0041317050345242,0.0070929410867393,0.036540441215038,0.011763053946197,-0.027490898966789,0.0065559609793127,0.0013734904350713,0.0056784548796713,-0.0019020233303308,0.028222404420376,-0.015001618303359,0.012039297260344,0.021203886717558,-0.035090826451778,-0.008608253672719,-0.026040829718113,-0.030035082250834,-0.0058385315351188,0.016743281856179,0.014619000256062,-0.035148851573467,-0.011415018700063,-0.012214539572597,0.013197669759393,0.0010549363214523,0.032424099743366,0.0096650049090385,-0.011160311289132,0.018863739445806,0.018468830734491,-0.021003678441048,-0.024695543572307,0.0010694927768782,0.0049836533144116,-0.02045651897788,0.037269469350576,-0.021291751414537,0.017272677272558,-0.00024443212896585,-0.0017812114674598,0.0082912659272552,0.0027121424209327,-0.031574279069901,0.0089834751561284,-0.0094217099249363,0.022895520552993,0.0021373562049121,-0.0035132318735123,0.015629895031452,-0.017816005274653,0.01045168377459,-9.3006026872899e-05,-0.028076963499188,0.010890098288655,-0.028295518830419,0.01353785675019,0.0099575575441122,0.0032767078373581,0.021795371547341,-0.018462408334017,0.033589951694012,0.024336749687791,-0.0035825485829264,0.0064290934242308,0.0043606208637357,0.026613445952535,0.01353198941797,-0.027497699484229,0.0045566628687084,0.025607008486986,0.01342533621937,0.013329696841538,0.022050950676203,0.0059981821104884,-0.03102595359087,-0.019806968048215,-0.0017536110244691,-0.0094348937273026,-0.014218880794942,0.016192153096199,0.029153343290091,0.033267896622419,0.0071484548971057,0.008004984818399,-0.016659574583173,0.004993858281523,0.02178549580276,-0.00052691251039505,0.029549999162555,0.015182824805379,-0.021470826119184,0.03241853415966,-0.033274453133345,-0.031880468130112,-0.033556159585714,-0.022545909509063,0.031063985079527,-0.033734608441591,0.030057962983847,-0.028990836814046,0.0080934455618262,0.018884390592575,0.011682607233524,-0.0060712895356119,-0.0026944365818053,0.0034481575712562,0.035273961722851,0.024026867002249,0.0065117590129375,-0.0064528221264482,-0.010793535970151,0.0073962756432593,-0.017350127920508,0.025304958224297,-0.015548681840301,0.0084995049983263,0.018618855625391,-0.0063087125308812,-0.004519400652498,0.00075106584699824,-0.035136215388775,0.00044528261059895,-0.020937906578183,-0.00102429674007,-0.0015925772022456,-0.0028265505097806,-0.030318269506097,0.013079489581287,-0.031286388635635,-0.02934493497014,0.014382096007466,0.0033498159609735,-0.0066837887279689,0.0053154062479734,0.021040193736553,-0.023674508556724,0.0083038443699479,-0.00011084600555478,0.011937184259295,0.02884859777987,-0.013103022240102,-0.0077018174342811,0.035856246948242,0.0053727319464087,-0.008533101528883,-0.022115247324109,-0.032401416450739,0.018971346318722,0.028674591332674,-0.013753328472376,-0.012108607217669,-0.0022872774861753,0.034596525132656,0.0055350894108415,-0.014945767819881,0.023672914132476,-0.018608309328556,0.035629566758871,0.022607190534472,0.016201535239816,-0.0054863318800926,0.008973341435194,-0.021923704072833,-0.017947133630514,0.019557608291507,0.030089108273387,-0.0092206764966249,0.01462867949158,-0.026201050728559,-0.028671402484179,0.034629609435797,0.011421318165958,0.012817911803722,-0.014621989801526,-0.018898522481322,0.026449978351593,0.02097855322063,-0.036051660776138,0.026926381513476,0.036429814994335,-0.012647540308535,0.0037762981373817,0.01857840269804,-0.029788076877594,-0.0046900450251997,-0.028426263481379,0.031676430255175,-0.021903619170189,0.0029757358133793,-0.010769413784146,-0.033134650439024,0.016943842172623,-0.033395402133465,0.0078137563541532,-0.027635306119919,-0.033205859363079,0.0043014548718929,0.0042236438021064,0.029783839359879,0.0097298696637154,0.033274453133345,0.022417986765504,0.033161450177431,-0.019202353432775,-0.016814570873976,-0.00597681151703,0.012334914878011,-0.00091407634317875,-0.03128556907177,-0.0091749327257276,0.035828348249197,0.032986283302307,-0.0087142437696457,-0.027800247073174,0.031063854694366,-0.017019020393491,0.016427343711257,0.036043372005224,0.023865271359682,-0.030337415635586,-0.021662231534719,0.00080622493987903,0.036796290427446,0.034461207687855,0.017023446038365,-0.021498387679458,0.032367520034313,-0.014789191074669,0.020021516829729,0.018222328275442,0.013876713812351,0.020943881943822,-0.023254625499249,0.034946355968714,-0.032553095370531,-0.0075255343690515,0.023420758545399,0.01670971699059,0.01707942597568,0.0088731488212943,0.029924489557743,-0.0067243496887386,-0.029285179451108,0.020835196599364,-0.03114153444767,-0.036591269075871,-0.0090441517531872,-0.014492528513074,-0.0021345159038901,-0.010246945545077,0.0026520134415478,0.010209693573415,-0.0062360670417547,0.029938457533717,0.032623369246721,-0.013510844670236,-0.0098756430670619,0.00393982604146,0.0049474220722914,-0.011404135264456,0.019708281382918,-0.023776553571224,-0.023671681061387,-0.0078194122761488,-0.023322965949774,-0.036187268793583,0.0070719700306654,0.029400674626231,-0.024472882971168,-0.029898826032877,-0.015937803313136,-0.034975498914719,0.017096387222409,-0.0027292112354189,0.020483314990997,0.028632810339332,-0.0040377345867455,0.025929924100637,-0.025400593876839,0.024538723751903,0.018898129463196,-0.0085953436791897,0.023675644770265,0.0037926852237433,-0.030617613345385,0.015533459372818,0.027645500376821,-0.017346493899822,0.0069408104754984,0.030296536162496,0.0296620875597,0.015080392360687,-0.02191355638206,-0.025670506060123,0.0042126369662583,0.019987368956208,-0.03647068887949,-0.0060221641324461,0.017645301297307,-0.011634384281933,0.007599557749927,0.011582900770009,0.023483749479055,0.036336459219456,0.0068378886207938,-0.021118843927979,0.033353213220835,-0.025772230699658,0.017603121697903,-0.024760255590081,-0.0094020189717412,-0.029609562829137,0.0057120732963085,0.018565647304058,-0.0022762911394238,0.0034806490875781,-0.020508829504251,0.031889747828245,0.0076281479559839,-0.020334612578154,0.031235801056027,-0.030535273253918,-0.012705096043646,0.0066147069446743,0.031124135479331,-0.031006032600999,-0.0081262998282909,0.0089057255536318,0.034454181790352,0.033588845282793,0.013429846614599,-0.03730296716094,0.017644796520472,0.012427655979991,0.027284255251288,0.0094917500391603,0.012621305882931,0.036678105592728,0.0042599188163877,-0.035119347274303,-0.024072149768472,-0.00781867839396,-0.021402658894658,-0.0047800475731492,0.017343301326036,-0.028710898011923,0.027188140898943,0.028957612812519,0.012063022702932,-0.0050056572072208,0.015650017186999,-0.02010353654623,0.010941779240966,-0.023622244596481,0.0035905125550926,0.0088946484029293,-0.015702331438661,-0.0031807837076485,0.02013947814703,0.00410748552531,-0.0098810540512204,0.0039465948939323,0.025257362052798,0.036157861351967,-0.030902756378055,0.010646339505911,-0.0027681980282068,0.018291162326932,-0.026826525107026,-0.024177704006433,-0.00063307012896985,-0.030641529709101,0.029542608186603,-0.019077436998487,-0.015683282166719,-0.027105648070574,0.022719224914908,0.0020709591917694,-0.025510678067803,-0.018037337809801,-0.02523710206151,0.001050507184118,-0.022603178396821,0.022092282772064,0.0185607355088,0.02081511169672,0.011109076440334,0.016172824427485,-0.020314129069448,-0.03747047111392,-0.025330908596516,0.034031048417091,-0.025835307314992,0.020928464829922,0.00010255123925162,0.0023678313009441,0.0063953981734812,-0.0052605248056352,-0.015383300371468,-0.036823686212301,0.024148341268301,-0.010375027544796,-0.015250746160746,0.030285792425275,0.031778063625097,0.012166298925877,-0.020276917144656,0.011923889629543,0.034322485327721,-0.034534756094217,-0.0345758497715,0.016739547252655,0.023071756586432,0.020179038867354,0.0097305476665497,-0.018150974065065,-0.018752954900265,-0.0084885330870748,0.0018855662783608,0.0043444605544209,-0.033763337880373,-0.009515818208456,0.025136031210423,-0.019119633361697,-0.0065182014368474,-0.0035403447691351,0.036104407161474,-0.013487222604454,-0.030155738815665,0.0046878312714398,0.026999032124877,0.0079354522749782,0.009806152433157,2.7360918466002e-05,-0.03096199221909,0.0032343368511647,-0.00077330169733614,0.033590078353882,0.027332535013556,0.0051314607262611,0.013591336086392,0.00088415603386238,0.032035578042269,0.030172245576978,0.016467347741127,-0.0035230675712228,-0.0019043515203521,0.0279062949121,-0.022149538621306,0.013319010846317,-0.0051393588073552,0.035934817045927,0.0098815634846687,0.036335740238428,0.00080053578130901,-0.0089534400030971,0.0078068436123431,-0.01057889405638,-0.03358993306756,0.014740851707757,-0.011524661444128,-0.0072243181057274,0.032710243016481,-0.0028602317906916,-0.022764865309,-0.024682443588972,-0.023915452882648,-0.013387135230005,-0.029674170538783,-0.00086924800416455,-0.029558081179857,0.027796614915133,0.0016467982204631,-0.02008767798543,-0.014215206727386,-0.013517474755645,-0.0071167275309563,-0.0052832379005849,0.012609743513167,0.011518604122102,0.020794285461307,0.034966360777617,0.00067505548940971,0.027293775230646,0.031697269529104,-0.017970558255911,0.020632809028029,0.027480136603117,-0.0039588599465787,0.019162543118,0.035064999014139,0.028930915519595,-0.0045258882455528,-0.030745862051845,-0.00054169486975297,-0.0019134221365675,0.02380751259625,0.033706251531839,-0.013171740807593,-0.0025675736833364,-0.028314067050815,-0.012308350764215,0.038133103400469,0.018237825483084,-0.020651010796428,0.035652238875628,-0.031391717493534,-0.011052516289055,0.027044948190451,-0.0026841405779123,-0.016602924093604,0.015635166317225,0.0063946368172765,-0.015175963751972,0.025158671662211,-0.0056494572199881,-0.017432099208236,-0.025652976706624,0.03395364806056,0.020673548802733,-0.002362884581089,-0.02549097314477,0.00017869465227704,-0.01682398468256,-0.0064484742470086,0.018374105915427,-0.0073838434182107,-0.023173872381449,-0.02260354347527,0.03031312301755,-0.031859565526247,0.011997358873487,0.013230443932116,0.016103127971292,-0.0006468846113421,-0.028146823868155,-0.025610901415348,-0.0091932853683829,0.011714643798769,0.027108276262879,0.0085839675739408,-0.037426069378853,0.013565231114626,0.028176417574286,0.014099701307714,-0.023695953190327,-0.012165888212621,0.023011418059468,-0.031407319009304,-0.015302955172956,-0.024409431964159,0.0078895911574364,-0.011442982591689,0.017646469175816,0.026361325755715,-0.018951674923301,0.015374685637653,-0.030322978273034,0.033256273716688,-0.020403347909451,0.023165320977569,0.025174545124173,-0.026984060183167,-0.025565503165126,-0.019247584044933,0.010330554097891,0.020108159631491,0.029006727039814,0.019952272996306,0.02424256503582,0.029930828139186,-0.036012936383486,-0.026773370802402,0.0075184353627264,0.010873862542212,-0.021087512373924,-0.023061005398631,-0.0049355863593519,-0.013957731425762,0.025195255875587,-0.015980001538992,0.024038145318627,-0.021409468725324,0.015894636511803,-0.035552494227886,0.013343618251383,-0.030921531841159,0.032334133982658,-0.025655470788479,0.040490880608559,0.029348012059927,0.01757070235908,0.024211835116148,-0.032118897885084,-0.023681962862611,0.030575850978494,-0.023052098229527,0.016169143840671,0.029650961980224,-0.0068927728570998,0.0033638700842857,-0.0075694769620895,0.0080889984965324,0.001978024141863,-0.031702283769846,0.03136120736599,0.031501308083534,0.0049044876359403,-0.0038558170199394,0.0051598609425128,-0.034988023340702,-0.0035380544140935,0.014231475070119,0.012269770726562,-0.0053183943964541,-0.021119423210621,0.0032624800223857,-0.027772843837738,0.02475356683135,0.018008790910244,-0.032806951552629,-0.0078632682561874,0.016929401084781,0.018677553161979,-0.029450237751007,-0.019901966676116,0.004492022562772,-0.038603533059359,-0.033466931432486,-0.014326653443277,-0.0033498802222311,0.025519851595163,-0.022562503814697,0.028697900474072,0.0060058040544391,-0.021807154640555,0.03369177877903,0.0068043181672692,0.024289812892675,-0.020282573997974,-0.035347379744053,0.0073680034838617,0.017491238191724,-0.0011977977119386,-0.013023662380874,-0.030686441808939,-0.030847610905766,-0.01846375875175,-0.0079905968159437,0.02345098555088,-0.00020579206466209,0.025264361873269,0.00038388685788959,0.028761960566044,0.0098524251952767,-0.0085252225399017,0.026595966890454,0.0032305661588907,-0.021197877824306,-0.002896626945585,0.0077361902222037,0.028663825243711,0.0038593073841184,-0.0093030948191881,0.0059961443766952,-0.02390718087554,0.0036772761959583,-0.035077940672636,0.0019420355092734,-0.028043543919921,0.015551205724478,-0.0076484428718686,-0.026743501424789,-0.025213666260242,0.010956233367324,0.035523649305105,0.035857114940882,-0.016514552757144,0.0089483959600329,-0.034849211573601,-0.0087330052629113,-0.02234173566103,-0.015128671191633,-0.0095450896769762,0.011492335237563,-0.030429601669312,-0.03393329679966,-0.017184808850288,0.032886236906052,0.0045860675163567,0.020839583128691,-0.026735570281744,0.01354740280658,0.024531586095691,0.0150978686288,-0.035623956471682,-0.032744683325291,-0.026631237939,0.019555270671844,0.036189965903759,0.0012622706126422,0.024919247254729,0.0080837868154049,-0.0077823456376791,-0.037226762622595,0.019490167498589,-0.029731227084994,0.017789419740438,-0.035502277314663,0.0318698361516,0.0073999641463161,0.037686727941036,-0.023740405216813,-0.00087323226034641,-0.011466378346086,0.017919125035405,-0.032776229083538,-0.00035669509088621,-0.012128235772252,0.024563314393163,0.016976241022348,0.0037499496247619,-0.024444408714771,0.009751895442605,0.025519970804453,0.0087258368730545,-0.010440588928759,-0.0068909162655473,-0.023936921730638,0.01836452446878,0.0017351398710161,-0.00051881559193134,-0.010448172688484,-0.024592861533165,0.029615018516779,0.0071704471483827,-0.0003055130073335,0.014984304085374,0.0086936671286821,-0.016217747703195,-0.0029121504630893,0.0028784205205739,0.003584009129554,-0.023878443986177,0.00036350841401145,0.0098426258191466,-0.022095067426562,-0.0020903691183776,-0.027504164725542,0.00056365545606241,0.0040166173130274,-0.014696379192173,0.0059460117481649,-0.033748794347048,0.010536819696426,-0.028589230030775,-0.0067017166875303,-0.013401606120169,-0.029417106881738,-0.033659845590591,0.010101658292115,-0.0058206547982991,0.0052097500301898,-0.010105603374541,-0.0236528031528,-0.02998810634017,-0.010138790123165,-0.01483494322747,-0.011643061414361,0.0010639254469424,-0.035379890352488,0.02776481769979,-0.010779470205307,0.032337013632059,-0.00083164736861363,-0.026233617216349,-0.031111281365156,-0.013295834884048,-0.0073073534294963,-0.031340263783932,-0.023670956492424,-0.010616105981171,-0.0071904347278178,0.030578633770347,0.029605578631163,-0.0043230294249952,0.024898638948798,-0.035017371177673,-0.031036766245961,0.014840833842754,-0.032199669629335,-0.00136715604458,-0.016622690483928,-0.035902377218008,0.01859549805522,0.029726983979344,-0.025117952376604,-0.0017890234012157,-0.021221183240414,-0.015014270320535,0.027969965711236,0.008060697466135,-0.030822703614831,0.034143391996622,-0.02045994438231,-0.013190280646086,0.034978624433279,0.018193241208792,-0.030662816017866,-0.027030112221837,0.0093190772458911,0.029505647718906,0.01468453463167,0.034743089228868,-0.034641485661268,-0.023839982226491,-0.021291647106409,-0.028410105034709,0.0032154954969883,-0.0039386209100485,-0.03418605402112,0.0053161280229688,0.027829293161631,0.022788543254137,0.025637092068791,-0.0011186653282493,0.0031595178879797,-0.032120939344168,0.031408902257681,0.0071368478238583,0.0088850148022175,-0.02846241183579,-0.023555461317301,-0.021930338814855,0.015066188760102,0.027891969308257,-0.028281942009926,0.029054805636406,-0.0033289340790361,-0.029491672292352,0.018358936533332,0.021380726248026,0.037369359284639,-0.00010989414295182,0.028674947097898,0.007392798550427,0.025066724047065,-0.032993592321873,0.036850418895483,-0.035640764981508,-0.0075010787695646,-0.035102047026157,-0.020575309172273,-0.00053130934247747,-0.0080467779189348,0.014641870744526,-0.020540775731206,-0.013141727074981,-0.025342546403408,-0.026233525946736,0.0065727801993489,0.0087816976010799,-0.015028260648251,-0.0040211635641754,-0.0097963102161884,0.021694839000702,0.0069849300198257,0.030163060873747,0.028305226936936,0.022776847705245,-0.033050730824471,-0.00035322745679878,-0.030184676870704,0.020866518840194,0.031790386885405,-0.0014087351737544,1.7665421410129e-06,0.035062171518803,-0.0257897246629,0.029813749715686,-0.0196065120399,0.037209935486317,-0.021896839141846,0.027663454413414,-0.0023932121694088,-0.0076477602124214,-0.035629518330097,0.032865535467863,-0.0080314576625824,-0.029198493808508,-0.021772289648652,-0.030428344383836,0.026160832494497,-0.019520288333297,-0.0016886669909582,0.0078990533947945,-0.015145547688007,-0.015878099948168,0.022200396284461,-0.016336835920811,-0.03242327272892,0.013246931135654,-0.013210702687502,0.0089540062472224,0.036259274929762,-0.01291426550597,-0.01438111346215,0.028700130060315,-0.020572433248162,0.0015738243237138,0.022836519405246,-0.024438906461,-0.012603865005076,-0.0027327660936862,-0.022506300359964,-0.0028400265146047,0.024769714102149,-0.0055485083721578,-0.038356803357601,-0.010192798450589,-0.028837248682976,-0.01260203961283,-0.013552172109485,0.003320440184325,0.011210457421839,-0.001507431617938,0.03365421667695,0.0085619632154703,0.017370415851474,-0.035742677748203,0.032639946788549,0.023175759240985,-0.025205822661519,-0.0052381022833288,-0.0088139129802585,0.033390045166016,0.030899746343493,-0.016674190759659,0.013842693530023,-0.022741442546248,-0.0085407234728336,0.026536680757999,0.025864824652672,0.0039898296818137,0.016371749341488,-0.01723968051374,0.011549356393516,-0.008646166883409,-0.01941367611289,-0.012113930657506,-0.0086725587025285,-0.023853724822402,-0.0080395890399814,0.024149416014552,-0.016873311251402,-0.032999087125063,0.011803294532001,0.0026832243893296,-0.037310674786568,-0.0033461777493358,0.030057774856687,-0.032835111021996,0.019981745630503,0.02796870470047,0.0070614810101688,0.0017073500202969,-0.0047065559774637,0.021476931869984,-0.02256515622139,0.020687080919743,-0.017438797280192,-0.021966006606817,-0.019706266000867,0.026362489908934,-0.014030867256224,0.033305384218693,-0.019718810915947,-0.029709883034229,0.03450857847929,0.00044696030090563,0.036086689680815,0.030438823625445,0.024718176573515,-0.023097295314074,-0.023110125213861,-0.018866704776883,0.011006607674062,-0.0057579297572374,-0.011405878700316,-0.03576997667551,-0.021561531350017,-0.0014212446985766,-0.03186609596014,-0.016335725784302,-0.0090164635330439,0.03128720074892,-0.004644026979804,0.019661109894514,0.0046623945236206,-0.0013675731606781,0.030452519655228,-0.005530932918191,-0.036198697984219,0.029492365196347,0.033677604049444,0.024621648713946,-0.025804435834289,-0.030333349481225,0.010403988882899,0.022829556837678,0.034598436206579,0.032422211021185,0.021857982501388,-0.037030182778835,0.015062338672578,0.018589716404676,-3.2608262699796e-05,-0.0095383077859879,-0.017501527443528,-0.02293592877686,0.021921191364527,-0.022290125489235,-0.027297992259264,0.021585028618574,-0.019736735150218,0.0039018474053591,0.02419308014214,-0.029047882184386,-0.00079825648572296,0.0040687690488994,-0.036122649908066,0.036318086087704,0.033931810408831,0.011849958449602,0.022370595484972,-0.029928009957075,-0.0052582677453756,-0.032357551157475,0.0045638424344361,0.020864205434918,-0.026711136102676,-0.031833384186029,0.024198016151786,-0.0078476406633854,-0.0096030570566654,0.02827549725771,-0.01198223978281,0.033605828881264,-0.0096014803275466,-0.030080562457442,0.014231845736504,0.033905662596226,0.0084761083126068,0.028077775612473,0.0329923145473,-0.021339047700167,0.036288026720285,0.027553575113416,0.033509518951178,0.022088967263699,0.020125769078732,0.030195293948054,0.024738749489188,0.013961495831609,-0.035313803702593,-0.024260709062219,0.032520312815905,-0.0010083229281008,0.032783571630716,0.029778817668557,0.034129612147808,0.024091290310025,0.01187117677182,0.0042557087726891,0.005318783223629,-0.030850168317556,0.0036902646534145,-0.027388477697968,-0.0055389017798007,0.025466535240412,-0.020459650084376,0.0080703785642982,0.035309247672558,-0.0035865621175617,0.02820797264576,0.025155827403069,0.017180232331157,-0.035280801355839,-0.032125201076269,0.0024905258323997,-0.0039415690116584,-0.025653313845396,-0.011769099161029,0.03645833581686,0.008705367334187,0.023333100602031,0.004861659836024,-0.0095971878618002,-0.012482641264796,-0.0077735772356391,0.02677258476615,0.005426156334579,0.034901760518551,0.010949375107884,-0.013950676657259,-0.031269811093807,-0.008521469309926,-0.0068471571430564,0.0067144744098186,0.0082981968298554,0.025790221989155,-0.021271374076605,0.029084391891956,-0.0053170872852206,-0.022889263927937,0.011336084455252,0.006144461221993,0.019459551200271,0.029967479407787,-0.019378995522857,0.014130317606032,0.033347226679325,0.036764889955521,0.037364695221186,0.016938928514719,-0.033813882619143,0.031787648797035,0.0016715417150408,0.011996099725366,-0.027254112064838,-0.0056501049548388,-0.034202821552753,-0.024434313178062,-0.011297036893666,0.011601815931499,0.0072007174603641,0.0040739648975432,-0.010997075587511,0.0012938737636432,0.021847421303391,0.018556764349341,0.016597729176283,-0.013830913230777,-0.0018485030159354,0.017722027376294,-0.013573645614088,-0.026957212015986,-0.027847435325384,0.028790125623345,0.011024092324078,-0.015106521546841,0.024350898340344,0.033076379448175,0.024517636746168,0.01817642711103,0.0063165747560561,-0.0084863007068634,-0.020931342616677,0.029105938971043,-0.011968382634223,-0.0019289022311568,-0.032474994659424,-0.015211041085422,-0.027252336964011,-0.016139449551702,-0.034622292965651,-0.026130916550756,0.016099857166409,-0.023904426023364,-0.020934797823429,-0.030912121757865,0.008020855486393,-0.023974606767297,-0.037504732608795,-0.023368820548058,-0.031412795186043,0.035934425890446,0.0069248103536665,0.0064000329002738,-0.017811244353652,-0.011973924934864,0.018071942031384,0.0069961212575436,-0.024175060912967,0.034199841320515,0.019156580790877,-0.014939620159566,0.016527274623513,0.026563085615635,0.0077897743321955,-0.031196966767311,-0.0053747659549117,-0.0046706297434866,-0.012395489960909,0.017227778211236,-0.022473927587271,0.034464359283447,-0.0039086756296456,0.034567814320326,-0.02019258774817,0.023079164326191,-0.0046087615191936,-0.023690115660429,0.035085320472717,0.03242826461792,-0.0072339936159551,0.035133298486471,-0.0045390883460641,-0.035990282893181,0.00061802507843822,0.0080688400194049,-0.025686481967568,0.023113450035453,-0.026858681812882,-0.015457471832633,0.031726740300655,0.020628802478313,0.029118718579412,0.023206247016788,0.0023603632580489,0.031022638082504,0.027868591248989,-0.005421414040029,0.012636810541153,-0.020752109587193,0.012057208456099,-0.0030478911940008,-0.011616094969213,0.030162556096911,0.0063304756768048,0.0072023393586278,0.031791068613529,-0.021249355748296,0.023406818509102,0.030240943655372,0.016819810494781,-0.023052614182234,0.035103783011436,0.026599129661918,0.038129068911076,0.01788654178381,-0.013472683727741,-0.03296585008502,0.0050252131186426,0.0081709614023566,-0.017861247062683,0.0085722450166941,6.6987893660553e-05,0.031396392732859,-0.0015384895959869,0.0035077445209026,-0.021046144887805,0.036292534321547,0.0026610388886184,-0.0041866330429912,0.010964433662593,0.019811421632767,0.005912275519222,0.036163862794638,-0.029302131384611,-0.018940705806017,-0.020742144435644,0.013948254287243,0.011115957051516,0.018565341830254,0.030804045498371,0.00068998424103484,-0.0094664134085178,-0.011072404682636,0.033213946968317,-0.0077057299204171,-0.008813357912004,-0.026283644139767,0.027538038790226,-0.030239377170801,0.017970606684685,-0.018479563295841,-0.0068591474555433,0.029171071946621,0.013111869804561,-0.0038833520375192,0.017756065353751,0.0096762785688043,0.029360476881266,-0.019613055512309,0.00015656347386539,0.038968294858932,0.021678995341063,0.035243339836597,-0.020589336752892,-0.033755101263523,-0.010756736621261,-0.031431172043085,0.027372043579817,-0.010671895928681,0.0321872420609,0.034213196486235,-0.02908618375659,-0.015873588621616,-0.010875578969717,-0.008695169351995,-0.024601615965366,0.022370813414454,0.017474139109254,-0.024671642109752,0.004938789177686,-0.00058661389630288,0.024764085188508,0.015462988056242,-0.019456252455711,0.014218324795365,0.02429722994566,-0.020937453955412,0.01702674292028,-0.0059972889721394,-0.0080199120566249,-0.014267019927502,0.032780673354864,0.0055246343836188,0.01624902151525,0.020337970927358,0.036473318934441,0.009416057728231,-0.00033582307514735,-0.014073465019464,-0.028822327032685,-0.021155815571547,0.013967856764793,0.027758462354541,0.022653963416815,-0.0045562945306301,0.015425962395966,0.0008279939647764,-0.030198616907001,-0.013167980127037,0.014388361014426,0.017028091475368,-0.024544414132833,-0.004097955301404,-0.0095790838822722,0.022489683702588,0.029113970696926,-0.023324282839894,0.0019315063254908,0.0024088090285659,0.024221790954471,-0.0096699446439743,0.012365294620395,0.036167066544294,-0.0040140552446246,0.0047772587276995,0.017089119181037,-0.0039690602570772,-0.011925803497434,0.021657606586814,-0.011707156896591,-0.02253725938499,0.017939239740372,0.014068869873881,0.0035934839397669,0.010250912979245,0.0084767434746027,0.020000403746963,0.0025415399577469,-0.017374081537127,0.0032941256649792,-0.00521040847525,0.0089684212580323,0.013206963427365,0.030405476689339,-0.019245903939009,-0.026724651455879,0.021323956549168,0.020398920401931,-0.019584707915783,0.014411237090826,0.021368823945522,-0.029450474306941,0.029339468106627,-0.030673265457153,0.0080323405563831,-0.011643608100712,-0.017272260040045,-0.021320473402739,0.018831685185432,-0.0095817688852549,-0.0070156450383365,-0.00088024121941999,0.024327494204044,-0.027797285467386,0.032823756337166,0.024736687541008,0.025563459843397,0.023749057203531,-0.0060722348280251,-0.0050803390331566,0.013667524792254,0.033769875764847,0.0089100869372487,0.024099925532937,-0.015536453574896,-0.013010535389185,-0.006056341342628,0.03281682357192,0.021232219412923,-0.016865128651261,0.031273115426302,-0.0051586288027465,-0.018165241926908,-0.023792561143637,-0.030643723905087,-0.0294020306319,0.00041705928742886,0.027930185198784,0.034507226198912,0.030106965452433,0.0097441161051393,0.029162077233195,-0.029732286930084,-0.0076860981062055,-0.035328045487404,0.024928646162152,-0.0041784858331084,0.010938971303403,0.037235602736473,-0.0021887202747166,6.4452207880095e-05,-0.029621860012412,0.015599490143359,0.005685088224709,-0.034456070512533,0.0024658981710672,-0.0051989457570016,0.02733295597136,-0.030511565506458,0.022652508690953,0.0050134086050093,0.0092610530555248,0.014934088103473,0.024512600153685,-0.010395249351859,-0.029276506975293,-0.025519404560328,-0.0026745330542326,0.021851493045688,0.023477455601096,-0.017835978418589,-0.026962608098984,0.011574713513255,0.0022352430969477,0.00071794301038608,-0.0045734602026641,-0.0067338929511607,0.011100188829005,0.002007327741012,0.0047784363850951,0.027535814791918,0.0084535507485271,0.019214652478695,-0.023427836596966,0.031609274446964,0.024773770943284,0.01676693931222,-0.0022390482481569,0.037729553878307,0.036146648228168,0.028116434812546,0.028373079374433,0.018339343369007,-0.034212864935398,0.0197530426085,0.012840997427702,0.013434967957437,-0.029031356796622,-0.030901931226254,0.0031438188161701,-0.025354199111462,0.011733941733837,0.02202826552093,-0.027911853045225,0.018564226105809,0.023693569004536,-0.015237677842379,0.027391048148274,-0.014881825074553,0.022555664181709,0.0060237254947424,-0.018650369718671,-0.025682328268886,-0.012862355448306,0.011270531453192,-0.004823655821383,-0.032283626496792,-0.022409856319427,-0.014300374314189,-0.016600720584393,0.03094220906496,0.033563975244761,0.015949070453644,0.025212533771992,-0.023968301713467,-0.0020444213878363,0.015586501918733,0.024223929271102,-0.024268336594105,0.024178739637136,-0.029149243608117,-0.01277297642082,-0.026869574561715,-0.011553068645298,0.030661711469293,-0.008322948589921,0.01417900621891,0.014329377561808,-0.01252278406173,-0.037147335708141,0.017437357455492,-0.028010858222842,0.029093060642481,0.0018042995361611,0.029465397819877,-0.013726824894547,-0.011023785918951,-0.029466206207871,-0.013314137235284,0.015949528664351,-0.0020526756998152,0.0054849409498274,0.012580810114741,-0.011974349617958,0.0028594336472452,0.0010835693683475,-0.029229640960693,0.024970261380076,0.027682142332196,-0.020600298419595,0.022358596324921,-0.010086216963828,0.035096019506454,-0.039748232811689,-0.0046207667328417,0.013489509932697,-0.03436741605401,0.039967749267817,0.014305629767478,-0.007016739808023,0.028067277744412,0.011961434967816,-0.01683259382844,-0.029182134196162,-0.028743060305715,0.023867752403021,-0.021728916093707,0.0079560624435544,-0.011766113340855,0.027428939938545,-0.00079570600064471,0.027361584827304,-0.025165472179651,0.02556462213397,0.005673757288605,0.0083870515227318,0.021572783589363,0.0026883266400546,-0.012872483581305,0.027073541656137,0.0047062896192074,-0.0021128507796675,-0.036837920546532,-0.0063263946212828,-0.029398828744888,0.023050902411342,0.025564480572939,0.033977501094341,0.039048656821251,-0.030284713953733,0.032911449670792,0.020475680008531,0.00736253708601,0.00041526032146066,-0.013084769248962,0.015441830269992,-0.022459791973233,-0.013472396880388,-0.0032787492964417,0.016356006264687,0.034517917782068,0.027032136917114,0.037773229181767,0.028629204258323,0.0040456675924361,0.0016547096893191,-0.03105048276484,-0.027584170922637,-0.015985053032637,0.029027691110969,-0.026492472738028,0.022593768313527,0.019776502624154,-0.036064229905605,-0.021688893437386,0.007350014988333,-0.012616372667253,-0.019697220996022,0.00031124154338613,0.010615546256304,-0.007507614325732,0.022667618468404,-0.02981298789382,0.0090112956240773,-0.002652982249856,-0.037425141781569,-0.0090239373967052,-0.005712834186852,0.049325175583363,0.04372688755393,0.015223933383822,-0.02979170717299,-0.0058587281964719,-0.0087984167039394,0.029952261596918,0.02369430474937,0.012282484211028,0.025774192065001,-0.019138690084219,0.016749437898397,0.018396735191345,-0.0030525985639542,-0.024001119658351,0.034456666558981,0.022041544318199,-0.0035288538783789,0.0070957392454147,0.027884935960174,-0.0060376082547009,-0.011720321141183,0.03420240804553,0.041456766426563,-0.01681974157691,0.018105715513229,-0.011266645975411,-0.033066388219595,0.025236904621124,0.021617321297526,-0.029394123703241,0.0013745478354394,-0.030337162315845,-0.030087372288108,0.022891312837601,-0.0031931260600686,-0.0066863312385976,0.0053679784759879,0.027190266177058,-0.030404455959797,-0.012003492563963,-0.014442534185946,-0.0079215234145522,0.046200178563595,0.032623693346977,0.048774864524603,0.0017815649043769,-0.035512138158083,-0.0040621082298458,0.0066027417778969,0.026966566219926,-0.0058102146722376,0.010342546738684,0.039581920951605,0.019860345870256,0.030804140493274,0.035716682672501,-0.033003307878971,0.029314357787371,-0.0047937901690602,-0.035265773534775,0.02542607858777,0.022328661754727,0.0094892475754023,0.0014903958654031,-0.023056795820594,0.028566813096404,0.00030721363145858,-0.020662052556872,-0.0169139765203,-0.018546449020505,-0.0078762881457806,0.022810019552708,-0.019989565014839,-0.0090939681977034,0.020694332197309,0.014533406123519,0.0016857398441061,-0.030510010197759,-0.012528296560049,-0.021284405142069,-0.0091289067640901,-0.0084776962175965,0.011804054491222,0.032829217612743,0.036553401499987,-0.0093408189713955,0.015902416780591,-0.019422173500061,0.0022955392487347,0.014424892142415,0.0030425463337451,0.010010300204158,0.030783088877797,0.039698638021946,0.033972825855017,0.0087639885023236,-0.028349556028843,0.028694165870547,0.019241062924266,-0.0032474352046847,-0.0022838381119072,-0.030673183500767,0.024992810562253,-0.017568808048964,-0.0080280285328627,-0.0014062995323911,0.025401018559933,0.018859565258026,-0.017086701467633,-0.0007536523626186,0.0029568567406386,-0.0022267333697528,0.01512566767633,0.025809718295932,-0.01747040450573,-0.013975658454001,0.019845524802804,-0.019077168777585,0.0021038779523224,-0.011477355845273,-0.0029277987778187,0.023191444575787,-0.033087603747845,-0.015991238877177,0.041229981929064,-0.022201631218195,-0.025059156119823,-0.013208771124482,0.040613334625959,-0.034954752773046,0.0038325667846948,-0.032838076353073,0.0062346290796995,0.01716485992074,0.035282570868731,-0.014482560567558,0.024662028998137,0.0077732275240123,0.017585132271051,-0.00017573792138137,-0.026777878403664,-0.0034927735105157,-0.033709775656462,0.027320576831698,0.01038458943367,0.030052520334721,-0.027597511187196,-0.011310384608805,-0.022210087627172,0.0041355490684509,0.019201612100005,0.036098621785641,0.027809774503112,-0.025563593953848,-0.010119081474841,-0.006606025621295,0.0012746878201142,-0.020847344771028,0.01201496552676,0.014589494094253,0.0092647196725011,0.041131399571896,0.025223065167665,0.0048394571058452,0.02227240242064,-0.022303914651275,0.026125881820917,0.037632502615452,0.0083767492324114,0.04167515411973,-0.032913226634264,0.02534893527627,-0.024409914389253,0.0011492440244183,0.015404969453812,-0.02811755053699,0.039437737315893,0.024318547919393,0.025499302893877,-0.032404638826847,-0.0083792330697179,0.023342311382294,-0.033897243440151,0.031857192516327,0.0338119789958,-0.021647935733199,0.020175186917186,0.018044656142592,0.03167175501585,0.014314881525934,-0.021282028406858,0.01942516118288,-0.0056632030755281,-0.024250416085124,-0.035010598599911,-0.024040648713708,0.029659952968359,0.024910066276789,0.039404146373272,0.0035597286187112,0.00041844201041386,-0.015353551134467,-0.020658250898123,0.035935502499342,0.0095054339617491,0.01838712207973,-0.010151852853596,-0.0077714086510241,-0.013036990538239,0.034558888524771,0.011368534527719,-0.019106134772301,0.024404944851995,-0.015623434446752,0.030347306281328,0.0030585194472224,0.019838809967041,-0.016204198822379,0.021808298304677,0.020221769809723,0.021727029234171,0.00059321417938918,-0.0217091049999,0.017902670428157,0.013807467184961,0.018209202215075,-0.0091949915513396,0.033793106675148,-0.021512627601624,-0.0063351634889841,-0.0063126967288554,-0.03287099301815,0.012431639246643,-0.008399642072618,-0.01093653216958,0.023354342207313,-0.016773726791143,0.0095168575644493,0.02225480787456,0.033199373632669,-0.025218788534403,-0.010217892937362,-0.022568520158529,0.006741083227098,-0.020538816228509,0.036534015089273,0.021619576960802,-0.013296770863235,-0.034076876938343,0.028184037655592,0.025820789858699,-0.025081098079681,-0.036855015903711,0.010582135058939,-0.0088356714695692,0.0054327370598912,0.010968088172376,0.027419352903962,0.0049685197882354,-0.021164488047361,0.024348486214876,0.029127798974514,0.0028822252061218,-0.022386642172933,-0.035736624151468,0.016629718244076,0.043025355786085,0.044571630656719,0.044513143599033,-0.029646947979927,0.026596272364259,0.015009677968919,0.011260995641351,0.0039474796503782,-0.0090782782062888,-0.016395796090364,0.019047737121582,0.013645211234689,0.02186257392168,0.010112333111465,-0.021080259233713,-0.0087011735886335,0.048272248357534,0.031403444707394,-0.014796362258494,0.0069312010891736,-0.014378229156137,0.029782634228468,0.027995595708489,0.021426565945148,-0.012633867561817,-0.020273292437196,-0.012204793281853,0.0012197862379253,0.034947868436575,0.012880736961961,-0.030300641432405,0.032907333225012,-0.016893841326237,-0.003293929155916,-0.0039654201827943,-0.025595873594284,-0.045810896903276,0.036472052335739,0.026579266414046,0.02627881616354,0.029743980616331,-0.015485716983676,0.009768427349627,-0.0031195981428027,0.032781384885311,-0.001241706777364,0.0030431502964348,0.027775853872299,0.031242199242115,-0.015257221646607,-0.020181380212307,-0.0038893504533917,0.017951568588614,0.015246688388288,0.03828302025795,-0.0020229134242982,0.012751140631735,-0.030499037355185,-0.017240349203348,-0.024693453684449,-0.010985571891069,-0.010889478959143,0.0086243385449052,0.0024605067446828,0.0072517176158726,0.003534987103194,-0.0066952873021364,-0.034445520490408,0.02448270842433,0.00043310748878866,-0.01985558308661,-0.016281155869365,-0.04496106877923,-0.024295169860125,-0.032790772616863,0.025686392560601,0.044099554419518,0.015478755347431,-0.0028001638129354,-0.021435871720314,0.022649748250842,0.010559534654021,-0.018992392346263,0.011220904067159,0.042784512042999,0.038345206528902,-0.020659562200308,-0.026349766179919,0.0033559727016836,-0.022741831839085,-0.0019741801079363,0.042484503239393,0.0003286337305326,-0.021379997953773,0.014796819537878,-0.018523529171944,0.0086663216352463,0.023496808484197,0.034280970692635,-0.0043746619485319,-0.0074819996953011,-0.025177296251059,0.02867997251451,-0.035170521587133,-0.029416708275676,-0.033883832395077,-0.030465967953205,0.02586529776454,-0.0089460145682096,0.021861163899302,0.028949419036508,-0.010463171638548,0.0043585021048784,0.022316364571452,0.08069670945406,0.012565273791552,0.00057225179625675,0.032878983765841,0.024569550529122,0.026697212830186,0.007001974619925,-0.0034546775277704,0.037247363477945,-0.007852460257709,0.01647574827075,-0.03425008803606,-0.041171573102474,0.035928938537836,0.0094088735058904,-0.011605619452894,-0.031326215714216,0.012334519997239,-0.021592309698462,0.018267413601279,0.040478058159351,-0.047901365906,0.027703110128641,0.026996690779924,-0.025000775232911,-0.0031030855607241,-0.0083947535604239,0.016882913187146,-0.0062276520766318,0.0011643610196188,-0.032169539481401,-0.026693986728787,0.01899796910584,-0.017356228083372,0.054947625845671,0.018493067473173,-0.033510908484459,-0.0019721093121916,-0.030594851821661,0.025673598051071,-0.055373910814524,-0.021828087046742,0.017783163115382,0.0118792001158,-0.012650026939809,0.0073103224858642,0.029265016317368,0.01999606192112,-0.045053083449602,-0.00097278039902449,0.043878901749849,-0.046235963702202,0.019429393112659,-0.029749495908618,0.0064598969183862,0.030110070481896,0.0094142211601138,-0.012427936308086,0.038420937955379,0.028705043718219,0.023999931290746,-0.018066588789225,-0.018931716680527,0.030687911435962,-0.0068362927995622,0.032306913286448,0.029442239552736,0.004672147333622,0.0095349662005901,0.017426503822207,0.033922780305147,0.023340724408627,-0.026458114385605,-0.01377993170172,0.0026586388703436,-0.014251936227083,0.047683045268059,-0.0275475140661,-0.021931959316134,0.021063966676593,0.019074322655797,-0.02094311080873,-0.0025182783138007,-0.024253997951746,0.03436853736639,0.020169524475932,-0.0030517503619194,-0.012675787322223,0.02394506521523,0.010621501132846,-0.028567422181368,-0.038951773196459,0.017878599464893,0.00078253098763525,0.03550847619772,-0.0022681013215333,0.012134191580117,0.0031007123179734,0.0001628309400985,0.0065150619484484,-0.012021125294268,-8.3653620094992e-05,-0.0075005637481809,0.023596860468388,0.013036030344665,0.014377187937498,0.028171356767416,-0.030122704803944,0.030479311943054,-0.0039563206955791,-0.014767291024327,-0.02244046702981,0.018728101626039,0.0042778179049492,0.030959412455559,-0.050149820744991,0.0032531162723899,0.043303184211254,0.014397101476789,0.013821864500642,-0.0066249817609787,0.0029728363733739,0.0014634497929364,-0.04067025333643,0.0085948444902897,0.0054015191271901,0.012319064699113,-0.048392284661531,-0.0081877494230866,-0.015734942629933,-0.011465759016573,-0.026338612660766,-0.023349463939667,-0.019684506580234,-0.042513821274042,-0.0082588121294975,0.0098025286570191,-0.036234654486179,-0.0074703595601022,-0.037916626781225,-0.036053266376257,0.0096247736364603,0.039228908717632,-0.0061374576762319,0.024510884657502,0.0041678380221128,0.034325860440731,0.030148062855005,-0.022559748962522,0.032778136432171,-0.01852310448885,-0.037950944155455,-0.0058214059099555,-0.0047264662571251,-0.031383279711008,0.055650223046541,0.019869493320584,0.025948399677873,-0.0049676508642733,-0.023781342431903,-0.0022792015224695,-0.0049383514560759,0.0051179467700422,-0.034723568707705,0.02440064959228,0.035712044686079,-0.032129261642694,0.0012649033451453,-0.030644355341792,0.033436521887779,0.036250215023756,-0.02871915884316,-0.007357063703239,-0.0078585501760244,0.017205474898219,-0.043666180223227,0.045646414160728,-0.025761587545276,-0.021774461492896,0.0071878777816892,-0.0048956647515297,-0.038646787405014,-0.02199138328433,0.014992542564869,0.01499439124018,0.016618130728602,0.00083873915718868,-0.026691744104028,0.008172906935215,0.00054837117204443,-0.0096339220181108,-0.03807419911027,0.026739709079266,-0.018624108284712,-0.047912299633026,-0.01523017976433,0.031809352338314,0.0063200686126947,0.0020351829007268,0.0036056553944945,0.0038018461782485,-0.019454700872302,0.0049665491096675,-0.021602811291814,-0.015136270783842,-0.0036566525232047,-0.058434534817934,0.0067156041041017,0.012659491039813,0.0088999355211854,0.00097446143627167,-0.0037306800950319,-0.040274254977703,-0.01043008454144,-0.043711092323065,-0.0057621975429356,0.019694497808814,-0.033379968255758,0.034662131220102,-0.025402512401342,-0.013216322287917,0.0070632654242218,-0.026194110512733,0.031606711447239,-0.01456948928535,-0.033752180635929,-0.0241937674582,0.034717850387096,-0.040966223925352,-0.0056553645990789,-0.0052694645710289,-0.036666326224804,-0.039045754820108,-0.0056616105139256,0.015218264423311,-0.031472224742174,0.0014313663123176,0.024799970909953,-0.027245722711086,0.033940233290195,-0.026700852438807,0.0037433912511915,0.023179803043604,-0.032937910407782,-0.015112522989511,-0.029969975352287,0.0382274761796,-0.012776328250766,-0.0075923474505544,-0.021842977032065,0.04605133458972,0.028350275009871,-0.024855691939592,0.0019572835881263,0.00035597395617515,0.0076507646590471,0.0072110844776034,0.0050640739500523,-0.0022153384052217,-0.031718790531158,0.02425810880959,-0.012718573212624,0.004610818810761,0.049387902021408,0.023666689172387,0.016151171177626,0.028127966448665,-0.023576267063618,-0.0072661084122956,0.023084236308932,0.002624467946589,-0.0057840957306325,-0.01651618629694,0.00032125765574165,-0.0316132158041,0.02386673912406,-0.011984833516181,0.00063850695732981,0.0038593530189246,0.0030702908989042,0.019375313073397,0.0018928375793621,-0.02443933300674,-0.012471821159124,0.020343037322164,-0.0074011525139213,0.015818418934941,-0.024758864194155,0.002008986659348,0.035482831299305,-0.040085215121508,0.0037998482584953,0.027092276141047,0.0087668243795633,-0.0063700918108225,-0.034211758524179,-0.032580673694611,0.0044254274107516,0.018031949177384,0.00090357300359756,-0.033485915511847,-0.00070847530150786,-0.003644288983196,-0.011238391511142,-0.022351041436195,0.03465249016881,-0.032273184508085,-0.036036979407072,-0.017888743430376,-0.00085489748744294,-0.046264380216599,-0.019937226548791,-0.0046095615252852,-0.0051174205727875,0.0072967456653714,0.024166293442249,-0.0076396474614739,0.01327302865684,0.021637953817844,-0.027217850089073,0.035074666142464,-0.002684636740014,0.003821688471362,-0.028907228261232,-0.0018553049303591,-0.030362483114004,-0.013627840206027,0.0058104139752686,0.0063266735523939,-0.0092420345172286,0.013254357501864,0.024921109899879,0.042445186525583,0.0042922794818878,-0.0079317092895508,0.022914612665772,0.027113351970911,-0.021274058148265,-0.01346165779978,-0.03103337623179,-0.024383045732975,0.016020935028791,-0.021066913381219,0.00011828396236524,-0.048466343432665,-0.046868003904819,-0.010941183194518,0.018827306106687,0.035132955759764,0.019447600468993,0.023696938529611,-0.01231059152633,0.021786129102111,-0.014192330650985,0.037424404174089,0.022792020812631,0.012783384881914,0.005765100941062,-0.015681182965636,-0.034290682524443,0.012578895315528,-0.012406673282385,-0.0064453054219484,-0.0034018245059997,0.023601239547133,0.004529541824013,0.026241801679134,0.010655426420271,-0.00030793269979768,0.040737327188253,-0.039459403604269,-0.018546395003796,0.0070216963067651,0.0025501160416752,-0.011717608198524,0.019477898254991,-0.029709547758102,0.025854207575321,0.022129246965051,-0.014521296136081,0.027855321764946,0.01193390134722,0.025164047256112,0.0128925582394,0.0028480980545282,-0.004219411406666,-0.00029129249742255,0.026872670277953,-0.0070055220276117,-0.028149140998721,-0.002682737307623,-0.019112940877676,-0.01257137209177,-0.020773159340024,-0.037013590335846,-0.037131369113922,-0.02679979801178,0.033213697373867,0.020932758226991,0.029873415827751,-0.0099600497633219,0.040948320180178,0.018101580440998,0.0006345112924464,-0.0052032885141671,0.026933828368783,0.01912053860724,0.0087327798828483,0.0088704107329249,0.010140343569219,0.040592513978481,0.026657352223992,0.0082061281427741,-0.031613316386938,-0.024544345214963,-0.004259885288775,-0.041822265833616,-0.031535383313894,0.027015417814255,-0.016027892008424,0.0031681675463915,0.013243050314486,0.034012865275145,0.017275512218475,0.027796054258943,-0.031907342374325,-0.041519742459059,0.034961193799973,-0.026979688555002,0.022558145225048,0.040621299296618,-0.010478806681931,0.021824419498444,0.019865207374096,0.0096091888844967,0.0050310981459916,0.028779789805412,-0.019702270627022,-0.0056027467362583,-0.026907121762633,-0.02124897763133,-0.029967732727528,0.027426917105913,0.021252263337374,0.015200976282358,0.030159775167704,0.024378798902035,-0.021915780380368,0.0030971975065768,-0.016882007941604,-0.038018643856049,0.0063340528868139,-0.015021957457066,0.028185866773129,-0.027098445221782,0.02933631837368,0.0078732557594776,-0.039267722517252,-0.025165252387524,-0.026401225477457,-0.018581412732601,0.019462917000055,-0.017833692952991,0.014344558119774,-0.032118853181601,-0.01714520342648,-0.031218389049172,-0.017715552821755,-0.025512840598822,-0.028467517346144,-0.0020420711953193,-0.042143665254116,-0.0023918682709336,0.00072974321665242,0.023478768765926,-0.021386781707406,-0.024802070111036,-0.01750224083662,-0.0038729861844331,0.0063274074345827,0.048258487135172,-0.0048725558444858,-0.031468965113163,-0.0045280959457159,-0.032512325793505,-0.029081683605909,0.03562218695879,0.040285110473633,0.034439861774445,-0.0057868878357112,-0.029814939945936,-0.0036457139067352,0.020186649635434,0.030516451224685,-0.029495088383555,-0.023357000201941,-0.025887943804264,0.01961849629879,-0.0066743791103363,-0.029024101793766,-0.021660516038537,0.027695080265403,0.023364575579762,0.026691328734159,0.0024136998690665,0.033360235393047,0.022443914785981,-0.023930283263326,0.015677722170949,-0.014776222407818,0.00027621194021776,0.0091967172920704,-0.016272885724902,-0.031126456335187,0.01647937297821,0.0010508814593777,0.0016220344696194,-0.0077892858535051,0.02186818793416,0.01994070969522,0.014465601183474,0.028545768931508,-0.018376672640443,-0.014940035529435,-0.035254348069429,-0.045068304985762,0.038163661956787,-0.0084777278825641,0.012059235945344,-0.024423303082585,-0.024386458098888,-0.013762737624347,0.011621178127825,-0.042257390916348,0.0082039115950465,-0.0066284253261983,0.01219065207988,-0.012858340516686,0.025529783219099,-0.007108302321285,0.043393634259701,0.025434989482164,0.0061984900385141,0.035332132130861,0.027097150683403,-0.022939285263419,-0.02608242444694,0.022356236353517,0.025227151811123,0.0065786857157946,0.051378104835749,-0.023037044331431,-0.010681690648198,-0.047591928392649,0.0045487158931792,0.024628944694996,-0.019487738609314,-0.031457744538784,0.035790339112282,-0.02169144898653,-0.0015123401535675,-0.020544430240989,-0.027096826583147,0.008858073502779,-0.015036368742585,-0.0096499733626842,0.011201722547412,0.027867343276739,-0.0024911689106375,0.054045550525188,-0.027508206665516,0.0032761497423053,-0.01466875616461,0.014955407939851,-0.013754692859948,-0.018749514594674,0.013663542456925,-0.003409126540646,0.032332479953766,-0.0086366748437285,0.018916392698884,-0.026809256523848,0.01576735265553,0.010521771386266,0.0058524990454316,-0.026522593572736,0.037620667368174,0.030482826754451,0.022449932992458,-0.020765278488398,-0.035526905208826,0.041972812265158,0.012803035788238,-0.002032543765381,-0.023443263024092,-0.017936507239938,0.0087987147271633,0.036853592842817,0.034180719405413,0.031993065029383,-0.0096012484282255,0.045880813151598,-0.031831402331591,0.024707604199648,-0.034289110451937,0.020669879391789,-0.047024667263031,-0.0069088242016733,0.029008010402322,-0.003128869459033,0.010339194908738,0.028505520895123,0.0189159065485,0.015842344611883,0.01073395088315,0.049799781292677,-0.023072818294168,0.017220193520188,0.010162720456719,0.0084907505661249,0.014822226017714,-0.014013667590916,0.017250018194318,-0.057886943221092,0.072339609265327,0.024833284318447,-0.060331333428621,0.029489265754819,-0.0076367291621864,-0.032161444425583,-0.024633249267936,0.030158819630742,0.027864322066307,-0.0054592099040747,-0.018295267596841,0.036401268094778,0.013495033606887,-0.016818903386593,-0.029033245518804,0.02106000483036,-0.036711905151606,-0.035930499434471,0.0047679333947599,0.024434648454189,-0.012255996465683,0.018427506089211,-0.038703214377165,-0.018125418573618,-0.026058116927743,-0.030370570719242,0.025249795988202,-0.01253903657198,-0.039660830050707,-0.033820908516645,0.020562607795,0.02920507080853,-0.0057547432370484,-0.03083948418498,-0.048938695341349,0.047421764582396,0.0083183161914349,0.03138380870223,0.0020576578099281,0.0096739828586578,0.020026301965117,-0.0055954079143703,0.025516882538795,0.031281970441341,-0.0095714777708054,0.025006908923388,0.0019222311675549,0.011091153137386,0.029172664508224,0.026575922966003,0.017273562029004,-0.04020607098937,0.013777859508991,-0.050343129783869,0.046583764255047,0.018578041344881,-0.016869578510523,-0.078512780368328,0.017677154392004,-0.033595152199268,-0.040881261229515,-0.026468126103282,0.017464000731707,-0.023938274011016,-0.0080573270097375,0.017916478216648,-0.031615912914276,-0.0028926944360137,-0.061207436025143,-0.0061454889364541,-0.001071289065294,-0.012621542438865,0.00078669463982806,0.015829168260098,-0.050963189452887,-0.0032224033493549,-0.032806467264891,-0.020651686936617,0.0059272376820445,0.0681132376194,-0.0038418429903686,-0.0035462914966047,0.016832979395986,-0.023228835314512,-0.06362472474575,-0.01658008992672,0.023355973884463,0.0040159211494029,0.032170552760363,-0.025752827525139,0.016187971457839,0.068809516727924,-0.013364837504923,0.017440298572183,0.043398126959801,-0.038360167294741,0.0092374552041292,-0.0009946683421731,-0.030111283063889,-0.037097629159689,-0.018104465678334,-0.014036724343896,0.030589265748858,-0.041601654142141,-0.011416562832892,-0.04156306758523,0.0061873262748122,0.015678707510233,-0.00060633919201791,-0.022502634674311,0.0048415525816381,-0.04959399625659,0.038467228412628,-0.037621449679136,0.0066928952001035,-0.025250125676394,-0.0036245847586542,0.025769170373678,0.0022928826510906,0.0016463483916596,-0.020664429292083,0.035695225000381,-0.044391550123692,-0.009612231515348,0.031594716012478,0.013905875384808,0.016191035509109,-0.0027773599140346,-0.037702541798353,-0.01766343228519,-0.041703041642904,-0.025098094716668,0.012367255985737,-0.019044106826186,0.0051807006821036,0.037238847464323,-0.048451364040375,0.017235346138477,0.0017323963111266,-0.033675439655781,-0.048477049916983,0.013077427633107,-0.053125284612179,0.030229905620217,-0.015986017882824,-0.048234276473522,0.0242356993258,0.036320589482784,0.02567326836288,-0.026860803365707,-0.0060642203316092,-0.010191643610597,0.0463832244277,-0.063936665654182,0.031905476003885,0.035593099892139,-0.034084971994162,-0.0031930960249156,0.031746108084917,-0.0084986044093966,-0.007971653714776,0.058812100440264,0.044386677443981,-0.011922324076295,-0.016797911375761,0.055888220667839,-0.011140564456582,0.047366511076689,-0.017578713595867,0.0065747643820941,0.055562548339367,-0.030866086483002,0.0071302377618849,0.022631017491221,0.0028803027234972,0.0010479328921065,0.033512867987156,0.034978043287992,0.00036304612876847,0.050298683345318,-0.019100345671177,0.014855174347758,-0.030445110052824,0.031089950352907,-0.045585192739964,-0.03065712377429,-0.034066170454025,-0.018602600321174,-0.024870883673429,0.0077189514413476,0.0024198156315833,-0.006477331276983,-0.0048217494040728,0.060061763972044,0.0082123633474112,-0.026978317648172,-0.022420277819037,-0.040055949240923,-0.0061443727463484,0.023544067516923,0.05792086198926,0.034479647874832,0.032301258295774,0.070624522864819,-0.017221694812179,-0.006505586206913,-0.016406184062362,0.0097107570618391,0.030634859576821,0.0062673892825842,0.039702702313662,-0.022115552797914,-0.0067021446302533,-0.0030932170338929,0.00076675572199747,-0.0057488852180541,0.014749206602573,0.022020226344466,0.049196273088455,-0.027566192671657,0.049989722669125,0.0044917929917574,0.011220002546906,-0.00041465798858553,0.018998049199581,-0.011347814463079,-0.017379432916641,0.033925756812096,-0.0093478010967374,-0.033333100378513,0.047398686408997,0.041797786951065,-0.019999524578452,-0.03086088038981,0.017245788127184,0.0056706620380282,-0.01685193926096,0.0086723901331425,0.046716585755348,-0.010080168955028,-0.016947073861957,0.028064541518688,-0.041770204901695,0.060441043227911,0.040038079023361,-0.038132462650537,-0.053685460239649,0.061385840177536,-0.04659029468894,-0.02617546543479,0.035139836370945,0.0037281832192093,-0.015618328005075,0.038434807211161,0.017135852947831,-0.0050243185833097,0.016694074496627,0.024036156013608,-0.016795499250293,0.016886001452804,0.014430533163249,-0.031370423734188,-0.045146360993385,-0.012021752074361,0.0051627876237035,0.013034626841545,0.034586902707815,-0.037169944494963,-0.0030410005711019,0.031137196347117,0.021337766200304,-0.012679140083492,0.0060624862089753,-0.072603903710842,0.0082803051918745,-0.021250689402223,0.033688168972731,-0.024171911180019,0.044115126132965,0.014521412551403,0.031115682795644,-0.0065172472968698,-0.046072136610746,0.02784738317132,0.018281176686287,-0.028189405798912,0.037792637944221,-0.029971230775118,-0.0078367535024881,0.0047122207470238,0.03640777990222,-0.0072338972240686,0.0092484354972839,0.025213714689016,0.010463142767549,0.0066933743655682,-0.030570225790143,-0.0011625450570136,-0.038772311061621,-0.043326884508133,-0.042103115469217,-0.012427345849574,-0.011120191775262,0.0018467949703336,-0.058153610676527,-0.01586432941258,0.0056514195166528,0.016441626474261,-0.033590044826269,-0.0026522055268288,0.03117592446506,0.033492732793093,-0.027914017438889,0.0089083192870021,0.0024013698566705,-0.035130854696035,-0.023208353668451,0.023865077644587,-0.025792229920626,-0.0090973656624556,-0.0080061480402946,-0.0042380462400615,0.037290394306183,-0.0053555169142783,0.032090440392494,0.047483012080193,-0.050628248602152,0.024276308715343,0.014853970147669,-0.012138412334025,-0.012841175310314,0.028166493400931,0.010373959317803,0.012636937201023,0.059672202914953,0.06066020950675,0.047895599156618,-0.038835626095533,0.028774900361896,-0.015252354554832,0.016593249514699,0.012968010269105,0.0038483869284391,0.0038178781978786,0.05345655605197,0.035223916172981,-0.010647311806679,-0.049361299723387,0.015873854979873,0.023696133866906,-0.0120052350685,-0.030647378414869,-0.013473811559379,-0.029360041022301,-0.016809418797493,-0.022412283346057,-0.024946544319391,-0.02074608206749,-0.016418857499957,-0.014819768257439,-0.026770470663905,-0.025687759742141,0.0055193197913468,0.034489672631025,-0.0052499044686556,0.03034014813602,-0.028196066617966,0.032510973513126,0.025911260396242,0.036747179925442,-0.0014939792454243,0.019370162859559,0.018689699470997,-0.029726959764957,-0.032413095235825,0.018087329342961,0.030288565903902,0.012303752824664,0.0031326541211456,0.012709799222648,0.013537423685193,-0.024216238409281,0.036158788949251,0.019230667501688,0.0059336284175515,0.019871015101671,-0.02640999853611,-0.0068772588856518,0.011535475961864,0.026632031425834,-0.020243247970939,0.020794682204723,-0.034059632569551,-0.030560102313757,0.027004145085812,-0.028811713680625,-0.0018708906136453,-0.0045562367886305,-0.0093133458867669,-0.015172935090959,0.018731763586402,0.026210810989141,-0.013776727020741,-0.018671095371246,-0.0012309770099819,-0.00016251741908491,0.013862002640963,-0.026897916570306,-0.035367596894503,0.029899001121521,-0.018333502113819,0.020217524841428,-0.013153394684196,-0.01721528545022,0.015208903700113,-0.0098558152094483,-0.0086444141343236,-0.02159359306097,-0.020990436896682,0.00057320005726069,0.031901821494102,-0.016538042575121,-0.0022167742718011,0.025873454287648,0.02566334977746,0.024076413363218,0.017269428819418,-0.0013530651340261,0.0063165496103466,-0.033143650740385,-0.0066225165501237,0.013297270983458,-0.016125610098243,0.0080809136852622,0.0029479342047125,-0.0088491067290306,-0.024860255420208,-0.013744999654591,0.0038050739094615,0.0090033384039998,-0.017705842852592,-0.025379758328199,-0.028585499152541,0.02772924490273,0.023266719654202,0.00095838989363983,0.007188871037215,0.0052603404037654,0.026806846261024,0.033884536474943,0.00053730397485197,0.026375472545624,-0.034059569239616,-0.016598615795374,-0.014185145497322,0.011290835216641,0.00021816306980327,0.035126231610775,0.00053310330258682,-0.018505802378058,-0.020751712843776,-0.015021624974906,0.0043672705069184,-0.012762745842338,0.010914244689047,-0.0077159069478512,0.0086716897785664,-0.021013308316469,0.028046477586031,0.019968435168266,-0.022663893178105,-0.015235827304423,0.019822223111987,-0.026724776253104,0.00053070613648742,-0.021397799253464,-0.022925874218345,-0.012461818754673,0.022319475188851,0.025081960484385,-0.009314002469182,0.036033246666193,-0.027676545083523,-0.026306997984648,0.0039625237695873,-0.012673445977271,0.034174527972937,0.016426403075457,-0.028016142547131,0.011846631765366,-0.031872659921646,0.01468950137496,-0.028811395168304,-0.022254910320044,0.033567886799574,0.010842128656805,-0.034977469593287,-0.03465011715889,-0.017130065709352,0.00042189162923023,-0.0051243659108877,0.010664312168956,-0.025310346856713,-0.032064694911242,0.013100720010698,-0.0095244375988841,-0.0042782872915268,-0.031199241057038,-0.0091201514005661,0.0054387976415455,0.035519730299711,0.0028150787111372,0.012139894999564,0.035614535212517,0.018889989703894,0.011698507703841,-0.0068529709242284,-0.031709216535091,0.027916384860873,0.0058977818116546,-0.034298174083233,-0.015944253653288,-0.019242176786065,0.023129632696509,-0.013828699477017,0.012182121165097,-0.011874067597091,0.0091649061068892,-0.010281924158335,0.01984772272408,0.017623234540224,-0.00037519086617976,-0.016982859000564,-0.030831478536129,-0.00054212799295783,0.014553071931005,-0.0010827939258888,-0.032975662499666,-0.019573222845793,-0.0049807694740593,0.016494451090693,-0.033147770911455,-0.0055921599268913,-0.0024488158524036,0.0048273149877787,-0.011463672854006,0.0080487616360188,-0.030459340661764,-0.034298270940781,-0.011637279763818,0.026654619723558,-0.010956972837448,-0.016255144029856,-0.0097415093332529,0.0025008611846715,-0.00096538435900584,-0.01018497440964,-0.005616806447506,0.033858105540276,-0.028642809018493,-0.0080520417541265,-0.0044699315913022,-0.010302497074008,0.032103858888149,-0.035600870847702,-0.010684042237699,0.013670501299202,0.0040639280341566,0.030668068677187,0.0050133373588324,0.022833270952106,-0.018057562410831,0.023078704252839,0.011903613805771,0.011318317614496,-0.0077919014729559,0.014812868088484,0.024282859638333,0.0022288896143436,0.0051427674479783,-0.020122323185205,0.017013134434819,-0.028223128989339,0.03248792886734,0.01317775901407,0.0019935958553106,-0.0093633141368628,0.0084591656923294,-0.023671686649323,-0.031337790191174,-0.0026874376926571,-0.001105168601498,-0.026899036020041,0.017913497984409,-0.034204680472612,-0.018070306628942,0.035047080367804,-0.02131849527359,-0.010335616767406,-0.0095557495951653,0.030312241986394,0.0037384340539575,-0.022622620686889,0.0058357906527817,-0.018623353913426,0.021892093122005,-0.024850701913238,0.027868798002601,-0.021029116585851,0.0016007574740797,-0.0095693236216903,0.022293766960502,0.03212796151638,0.026414221152663,0.018412845209241,0.01514529529959,0.03492770716548,-0.0021597403101623,-3.0133674954413e-05,0.012386593036354,0.0181820448488,0.016018783673644,-0.018879948183894,0.019691316410899,0.031175570562482,0.030944613739848,-0.027016539126635,-0.015752945095301,0.010238819755614,0.00028570444555953,-0.036115698516369,0.0079424530267715,0.012129625305533,-0.019027451053262,0.020189978182316,0.031917955726385,0.036361675709486,-0.017177795991302,-0.0045457622036338,0.026242330670357,0.034317843616009,0.021487319841981,0.010820347815752,-0.011701197363436,-0.026396749541163,-0.024536302313209,-0.027981800958514,-0.014639212749898,-0.028987430036068,0.019620824605227,-0.013288107700646,0.027658857405186,-0.023761697113514,0.0039472389034927,0.024882525205612,0.027409348636866,0.01286849193275,0.008186424151063,0.0019592014141381,0.01215286552906,0.013512525707483,-0.028451796621084,-0.035006698220968,0.036435164511204,0.031109569594264,0.032585367560387,0.035228226333857,0.025896957144141,-0.03408483043313,0.015949405729771,0.01496618706733,0.0026195091195405,0.025378143414855,-0.025795904919505,0.0057767392136157,-0.013136815279722,0.03230195492506,-0.0064704432152212,0.02293598279357,0.024811502546072,0.017019730061293,-0.0077070104889572,-0.031500395387411,0.010012125596404,0.00910391099751,0.0059936535544693,-0.012797610834241,0.027170421555638,-0.035036902874708,0.025848301127553,0.01459151506424,-0.026601890102029,0.0029300164896995,-0.018632393330336,-0.016050692647696,-0.015263430774212,0.0053492384031415,0.02692149579525,-0.013263746164739,0.0096577825024724,0.013676568865776,0.011615586467087,-0.015832271426916,-0.02074377797544,-0.032007567584515,-0.020739179104567,0.035718679428101,-0.035039041191339,0.034519646316767,0.011760368011892,0.018584199249744,-0.02467879652977,0.0067460699938238,-0.023136941716075,0.012159688398242,0.0042876484803855,-0.020154340192676,-0.0034787282347679,0.033400226384401,0.036828480660915,-0.014514175243676,-0.0015567918308079,-0.03228459879756,-0.00090475397882983,0.027983343228698,0.03086056932807,0.015462318435311,0.033795636147261,-0.02335749566555,0.027771767228842,-0.031740564852953,0.0024905111640692,0.014450279995799,0.025856671854854,0.009514051489532,0.0081847626715899,0.033621083945036,-0.0054516824893653,-0.036750961095095,-0.015163149684668,-0.010283154435456,-0.006589864846319,-0.012994727119803,0.012902078218758,-0.029113538563251,-0.030953250825405,0.032273828983307,0.021125182509422,-0.018405726179481,-0.029504677280784,0.03111538477242,0.032786309719086,0.015757519751787,0.011905188672245,-0.031694017350674,-0.022816715762019,0.034766282886267,-0.00038091582246125,0.034627620130777,0.016044778749347,0.0084027107805014,-0.0089624803513288,-0.0086661279201508,-0.022796265780926,-0.0030681686475873,-0.031558379530907,0.0079267956316471,0.029115334153175,-0.034756731241941,-0.014981641434133,0.00255590910092,-0.02353129722178,-0.0333167091012,0.025119852274656,-0.030485592782497,0.014969919808209,0.031815815716982,-0.021681861951947,-0.013476068153977,0.0014086067676544,0.022388393059373,-0.0063356030732393,0.032459273934364,-0.027125155553222,0.027131615206599,-0.0060065384022892,0.023677898570895,0.024439604952931,0.031983450055122,-0.027032312005758,-0.0057990662753582,-0.024198381230235,0.035408966243267,-0.011383673176169,0.0047818915918469,0.01871121302247,-0.010384327732027,0.00065133051248267,-0.0060322098433971,0.015738209709525,0.015457030385733,-0.0014264677884057,0.03453578799963,-0.02867778390646,-0.0059867324307561,-0.033516708761454,0.00048895739018917,-0.027297092601657,-0.026650115847588,-0.0087992567569017,0.030438885092735,0.012312993407249,-0.028993848711252,-0.013753122650087,-0.01272089406848,-0.015249853953719,-0.029521722346544,-0.026776997372508,0.022051390260458,-0.00059151416644454,0.026222432032228,0.015179670415819,0.032234784215689,-0.02720994502306,-0.036448508501053,0.028681498020887,-0.030538391321898,0.0047402307391167,-0.0010710674105212,-0.02033419534564,-0.010531979613006,-0.025694882497191,0.0010432199342176,-0.019031081348658,-0.032812479883432,0.019891368225217,0.032917391508818,-0.0046431408263743,-0.0023171051871032,-0.0093038212507963,0.016245435923338,0.008143131621182,-0.021217612549663,-0.025007124990225,-0.035283952951431,0.028089346364141,0.0087625393643975,0.008082496933639,-0.0072435578331351,0.018441071733832,0.022578455507755,-0.030985793098807,0.033189468085766,0.001834063208662,0.01124123390764,0.017727257683873,-0.027137603610754,-0.022259168326855,0.011477111838758,-0.0024236573372036,-0.015334443189204,0.03659825399518,-0.0021843977738172,-0.026605127379298,-0.0011724994983524,0.0033380957320333,0.0076459003612399,0.0091536296531558,0.023633548989892,0.010983612388372,-0.028819881379604,0.019713267683983,0.015129507519305,0.013144323602319,-0.023918775841594,-0.0011908329324797,-0.025167489424348,-0.019052732735872,0.033264275640249,-0.0077782822772861,0.027684759348631,0.027306873351336,-0.0056008785031736,0.014011633582413,0.005859540309757,-0.012466092593968,-0.029108574613929,0.032947178930044,0.022528069093823,-0.033028721809387,0.02805751003325,-0.021912414580584,-0.018569452688098,0.019347557798028,0.023469278588891,0.035686753690243,-0.022896647453308,0.011132558807731,-0.036014460027218,-0.023029465228319,-0.0042617325671017,-0.017643559724092,-0.0060696611180902,-0.035561673343182,0.028335640206933,0.029777770861983,0.024186808615923,-0.0013435275759548,-0.024534629657865,0.013129819184542,0.0050913416780531,0.013667806051672,0.0069857216440141,-0.033580616116524,-0.031443268060684,-0.029585776850581,0.011749319732189,0.0061438754200935,0.012904965318739,-0.0069788042455912,-0.019886892288923,-0.029689192771912,0.020904421806335,0.023859040811658,0.033175151795149,0.0086635705083609,0.010971820913255,-0.010684300214052,-0.00071261229459196,-0.025760985910892,-0.02489292435348,0.02828299254179,-0.005344714038074,0.034599728882313,0.0058190980926156,-0.017093595117331,-0.023251032456756,-0.021528480574489,-0.014931319281459,-0.035920042544603,-0.0081184208393097,0.0075036934576929,0.035850096493959,0.0015402878634632,-0.024704527109861,0.017479818314314,0.0082356221973896,-0.021227933466434,0.024173479527235,-0.0095211612060666,0.01813461445272,0.029762275516987,0.032730467617512,0.036264158785343,-0.010249682702124,-0.0073140626773238,-0.001521676313132,-0.005865175742656,0.013502530753613,-0.031828891485929,-0.031957443803549,-0.012171392329037,0.029350813478231,-0.00093577458756045,-0.012752623297274,0.0076146270148456,0.020066574215889,-0.0091805728152394,-0.025442896410823,-0.035562880337238,0.02970439568162,-0.030774025246501,0.035382173955441,0.0065787769854069,0.015543069690466,-0.019472500309348,-0.010812612250447,0.010080086067319,-0.01887784153223,-0.036523591727018,0.023497866466641,0.0089354803785682,-0.02810150384903,-0.023095771670341,-0.017959041520953,0.0080236690118909,0.018715215846896,0.0037574537564069,0.0020216486882418,0.018888963386416,0.027443023398519,0.036395277827978,0.022700395435095,-0.036358460783958,-0.0060690999962389,-0.0064711570739746,0.033840518444777,0.0093039534986019,-0.022231919690967,0.01536734495312,-0.027421003207564,-0.019958535209298,-0.027836002409458,-0.0062556806951761,-0.032711766660213,-0.027339221909642,-0.010152935050428,0.010582875460386,0.016700414940715,0.013742472045124,-0.023106714710593,-0.0052644978277385,0.018937844783068,-0.0079236747696996,-0.024150902405381,-0.020947182551026,-0.00066377373877913,-0.015745615586638,0.01182634010911,0.012251480482519,-0.034361358731985,-0.0027820402756333,0.015708044171333,0.019362853839993,-0.016305005177855,-0.020183263346553,0.02729981765151,-0.00072618131525815,-0.007756210397929,0.011910850182176,-0.015703490003943,0.0044041597284377,-0.017547896131873,0.011061216704547,-0.0053345230408013,0.011079784482718,-0.014089791104198,-0.010666131041944,-0.016124175861478,0.034608524292707,-0.030312219634652,-0.011410247534513,0.032355759292841,-0.029900031164289,-0.021161509677768,0.023980930447578,-0.011640548706055,-0.022699870169163,-0.028905030339956,-0.034196302294731,0.034689471125603,-0.017324229702353,0.020240012556314,0.027068927884102,0.013995511457324,-0.015350121073425,0.012759987264872,0.035442568361759,0.0084434477612376,-0.031965915113688,-0.030117481946945,-0.0023263869807124,0.01961188018322,0.017196079716086,-0.020010685548186,-0.027056226506829,-0.026725955307484,-0.029841473326087,0.023343957960606,0.031909570097923,0.036589216440916,0.026329284533858,0.00924017932266,-0.019802656024694,-0.036527685821056,-0.014747191220522,-0.012939242646098,-0.0041965702548623,0.016287811100483,0.024742010980844,-0.023708857595921,0.034644398838282,-0.0072800568304956,0.014873665757477,-0.021746205165982,0.022691879421473,0.026535736396909,-0.026418182998896,0.021882500499487,0.012772475369275,-0.005640004761517,-0.011848230846226,0.027941290289164,0.028385281562805,0.034756191074848,0.013605886138976,0.017868723720312,0.003430787473917,0.011768302880228,0.00033004357828759,-0.021449813619256,0.027237921953201,0.037521805614233,-0.011876415461302,0.017097130417824,0.027039550244808,-0.03495667129755,0.033889420330524,-0.0035291137173772,0.014566829428077,0.010728583671153,-0.032489985227585,-0.021408004686236,0.0074095008894801,0.021092899143696,-0.020258635282516,-0.00067291111918166,-0.031607177108526,0.02666706033051,-0.031412106007338,0.02257682941854,0.010026905685663,0.023745680227876,0.011906301602721,0.012783183716238,-0.014337888918817,-0.013595161028206,-0.02023421600461,-0.0062397010624409,0.00046914143604226,-0.025576688349247,-0.013601575046778,0.013736102730036,-0.026072587817907,0.032115738838911,-0.027889365330338,0.0076587223447859,-0.030602265149355,0.035233572125435,0.034456554800272,-0.017475832253695,-0.01982694119215,-0.013784615322948,-0.033838249742985,0.0063448958098888,-0.025823723524809,-0.006750978063792,-0.022046560421586,-0.0089423721656203,0.0099657382816076,0.0081220772117376,-0.028211805969477,0.014430020935833,-0.016826331615448,-0.033926047384739,0.032677933573723,0.022832630202174,0.0062026111409068,0.037877850234509,-0.022310497239232,0.020530788227916,-0.02915115095675,-0.0030414257198572,0.028602316975594,-0.0098432907834649,0.0059239706024528,0.0014218121068552,-0.035606186836958,-0.025473307818174,0.0021116137504578,-0.024540884420276,-0.009679039940238,0.015640100464225,-0.033131636679173,0.019726920872927,0.018932055681944,0.036516349762678,-0.000379225355573,-0.036345805972815,0.033279284834862,-0.0020572345238179,0.019753271713853,-0.0056451666168869,0.0090022580698133,-0.0050957798957825,-0.0097950147464871,-0.0013909242115915,-0.014353956095874,-0.0046630529686809,0.0059085334651172,0.010034261271358,0.033548757433891,-0.030125455930829,0.011017966084182,-0.038334034383297,0.0058065946213901,0.015169832855463,0.031680982559919,-0.018052063882351,-0.01440651062876,0.010782834142447,-0.011790934018791,0.018118629232049,-0.030500061810017,0.03018844127655,0.0024687668774277,-0.012378781102598,0.0010933687444776,-0.03329499065876,-0.004566234536469,0.043263118714094,0.033343013375998,-0.019017631188035,0.02675911411643,0.0013453683350235,-0.020989390090108,0.023254362866282,0.012621798552573,-0.017709577456117,-0.03097864612937,0.0027740562800318,-0.0099944835528731,0.021824037656188,-0.0064597637392581,2.9486898711184e-05,0.034151028841734,0.019478583708405,0.01994738355279,0.029389508068562,0.020579040050507,0.018289171159267,-0.038424056023359,0.017086211591959,-0.030010476708412,-0.001292168861255,0.035866793245077,0.022791471332312,-0.0012853817315772,-0.028974601998925,0.018395449966192,0.022041050717235,-0.020642707124352,-0.024931691586971,0.025619708001614,-0.0076080644503236,-0.0032176002860069,0.042590819299221,-0.0070118703879416,0.024572530761361,-0.01201144978404,-0.013574379496276,0.031213050708175,0.018064230680466,0.024264432489872,-7.6766831625719e-05,0.028836810961366,-0.029108472168446,0.032445158809423,-0.0069918921217322,0.027738496661186,-0.012118618004024,-0.030863244086504,0.033854469656944,0.0047506587579846,0.00084084825357422,-0.019838735461235,0.011336445808411,-0.043008890002966,0.00091233983403072,-0.029670095071197,0.037937853485346,0.022465672343969,0.0091630471870303,0.028964502736926,0.030480453744531,-0.0053685721941292,-0.0059210006147623,0.023514529690146,0.033246129751205,-0.001091955578886,0.025060091167688,-0.036696292459965,-0.0017399897333235,0.031314183026552,-0.024328900501132,-0.034891828894615,-0.038243301212788,0.015010952018201,0.027284530922771,-0.010140243917704,0.016483290120959,0.003066131612286,0.0046327938325703,0.017081307247281,0.031336832791567,0.03703723102808,-0.0036567896604538,-0.032679308205843,-0.02308202534914,0.016914797946811,-0.037510830909014,0.029436523094773,-0.013952069915831,0.024020088836551,0.014460396952927,-0.0039412779733539,-0.022005589678884,0.0012223703088239,0.023796940222383,0.022509852424264,-0.014646479859948,-0.02121476829052,0.036816190928221,-0.0043075396679342,-0.025317316874862,0.030382232740521,-0.018613759428263,-0.025364648550749,-0.01372220274061,-0.0050851730629802,-0.0085728988051414,-0.014481195248663,-0.00053168088197708,0.020899783819914,0.0044793775305152,-0.012468962930143,-0.017909951508045,0.027669589966536,-0.017834780737758,0.0029319217428565,0.029172344133258,-0.017890406772494,-0.038157027214766,0.034017309546471,0.024576105177402,-0.040249675512314,0.026511142030358,0.026523334905505,0.025685042142868,0.028355404734612,0.027051920071244,-0.029081316664815,-0.008359239436686,0.0092919552698731,-0.011184685863554,-0.0030682787764817,-0.017138386145234,-0.0082002384588122,-0.010593567043543,0.011930141597986,-0.010203595273197,0.013182061724365,-0.0022293508518487,-0.018943386152387,-0.0057777254842222,-0.00023013798636384,0.010073338635266,-0.034175612032413,-0.019327143207192,-0.003275373019278,-0.025609267875552,-0.0090209702029824,0.033992800861597,-0.0076022055000067,-0.0092874839901924,-0.017328098416328,-0.030443083494902,0.019940638914704,0.030280206352472,-0.01381818484515,-0.0035993463825434,-0.017038572579622,0.014229575172067,0.035067655146122,0.034550238400698,0.0051158885471523,0.016431109979749,0.0096416668966413,0.028800031170249,-0.021692330017686,-0.0088739385828376,-0.032095089554787,-0.019746968522668,-0.03423535078764,-0.030350593850017,-0.01603889092803,0.022763287648559,-0.0035700942389667,-0.023793706670403,-0.0035195341333747,-0.014013447798789,0.040380194783211,0.019940406084061,-0.031475782394409,-0.0087026469409466,-0.02325770817697,0.022173263132572,-0.0030900572892278,0.0025741630233824,0.021878639236093,-0.034328009933233,-0.033327575773001,-0.025290377438068,-0.0383773855865,0.026846129447222,0.036210004240274,-0.023917591199279,0.012934369966388,-0.0052123037166893,-0.019895477220416,0.0057834964245558,0.023368161171675,-0.01384312659502,0.031953256577253,0.0032075755298138,-0.012681099586189,-0.033690020442009,-0.019893560558558,-0.02593838237226,0.02759550511837,0.015434206463397,0.005710007622838,0.018520748242736,0.033328082412481,0.016504775732756,-0.01291485875845,0.019387738779187,0.010309418663383,0.032946843653917,0.035529132932425,-0.012986429035664,-0.011442377232015,0.0104861529544,0.0010218539973721,-0.036159120500088,-0.02486677095294,-0.0071923974901438,0.029812371358275,0.032614007592201,-0.0119823301211,0.00403538858518,-0.03037610091269,0.03058272600174,-0.0032307219225913,0.0027857618406415,-0.0285131521523,-0.01653235219419,0.010031162761152,0.010677287355065,-0.028884299099445,-0.021717941388488,-0.015410719439387,-0.017158694565296,-0.03845439106226,-0.019503764808178,-0.026931766420603,0.012261798605323,0.021446125581861,-0.037546832114458,0.016729757189751,0.035736475139856,-0.0019281152635813,-0.010226501151919,0.023022256791592,0.033388201147318,0.029101515188813,-0.028565756976604,0.040356710553169,0.0076400977559388,0.028537165373564,0.036603558808565,0.020322540774941,-0.023318523541093,0.035051234066486,0.020198058336973,-0.0011568134650588,0.019360266625881,0.012152675539255,-0.0048601506277919,0.015047986060381,0.0066242795437574,-0.013743910007179,-0.011970953084528,0.039276130497456,0.029413176700473,-0.030265180394053,0.030905086547136,-0.012372463010252,-0.0024225385859609,-0.010342579334974,0.014439020305872,-0.030761871486902,0.0047083990648389,0.030022174119949,0.027320310473442,-0.0038411698769778,-0.0072928760200739,-0.013370680622756,0.019065609201789,0.0070746573619545,0.019880589097738,-0.01554774492979,0.0014309538528323,0.038047820329666,-0.037642829120159,-0.016380347311497,-0.0281652957201,-0.028873281553388,0.020269084721804,0.030428990721703,0.0031780381686985,0.026458911597729,-0.031717296689749,0.019370816648006,-0.030105337500572,-0.0035528934095055,-0.012563809752464,-0.01159530505538,-0.035195540636778,0.0089277261868119,0.0015398308169097,0.014679515734315,-0.0079299649223685,0.01865548081696,-0.0034639597870409,-0.027683762833476,-0.0299764405936,-0.025588424876332,-0.023825479671359,0.019640801474452,-0.002407604129985,0.020123928785324,0.031388409435749,-0.001354205654934,0.022521689534187,0.018584599718451,-0.028245052322745,0.031293101608753,0.0016764912288636,-0.0026329390238971,0.01115370541811,-0.012139610946178,-0.010071359574795,-0.034519106149673,-0.015730747953057,-0.011450305581093,0.033450521528721,0.023341024294496,0.027655893936753,0.031756799668074,0.023578030988574,-0.0054453676566482,0.032375928014517,-0.022654086351395,0.037580031901598,-0.0035537627991289,-0.0055187200196087,-0.023860536515713,0.020406510680914,-0.011269240640104,0.036533445119858,-0.015157591551542,-0.017534671351314,0.02948579005897,0.006578310392797,-0.026684666052461,0.048289492726326,0.022864183411002,0.029393909499049,-0.0016903200885281,-0.0059157162904739,0.0048060473054647,-0.030246179550886,0.0019607148133218,-0.02568225748837,0.024106888100505,0.019940180703998,-0.023936284705997,0.027422653511167,0.0059632668271661,0.027209654450417,-0.03634000942111,0.020498994737864,-0.028670383617282,-0.0039229835383594,0.025147711858153,0.0015394684160128,-0.0092945080250502,0.021098658442497,0.022978130728006,0.019999712705612,-0.0061161448247731,0.014689515344799,0.016617182642221,0.013408854603767,0.0062080128118396,0.025950234383345,-0.028648339211941,0.020699014887214,0.00144184299279,0.045275390148163,-0.0016836409922689,0.013196436688304,-0.012806357815862,0.017378997057676,0.0094991931691766,0.015327733010054,-0.010345959104598,-0.032056517899036,0.02787952683866,0.028154421597719,-0.0038828169927001,0.012650726363063,0.02055849134922,-0.025501484051347,0.022851537913084,-0.026426611468196,-0.01545269601047,0.026836330071092,-0.034428551793098,-0.031764410436153,-0.01850082911551,0.032615035772324,0.029407635331154,-0.0091074975207448,-0.012669676914811,0.0419034473598,0.011455373838544,-0.0076746973209083,-0.018100928515196,0.028500033542514,0.037134289741516,0.026801669970155,0.037967275828123,0.047718372195959,-0.0018230109708384,-0.011852867901325,-0.031433917582035,0.014635944738984,0.039334885776043,0.025639344006777,-0.0067036454565823,0.024425441399217,-0.031658127903938,0.032499853521585,0.0074430210515857,0.020015904679894,0.020715979859233,-0.0070676901377738,-0.0073402049019933,0.024007553234696,-0.012718420475721,-0.009141649119556,0.010188663378358,-0.038441233336926,-0.021167539060116,-0.0039174188859761,-0.023999409750104,-0.026180993765593,0.01786407455802,0.02959781140089,0.0076250559650362,-0.022387433797121,-0.0027951681986451,-0.022158816456795,-0.025190319865942,-0.043590806424618,-0.025011986494064,-0.019027028232813,-0.0048635257408023,-0.015706341713667,0.0003035728004761,0.040039200335741,-0.027868008241057,0.024268237873912,-0.021075012162328,-0.023691944777966,-0.0042852098122239,0.022570649161935,0.02218409255147,-0.018979901447892,0.037072949111462,-0.0095230983570218,0.033171068876982,0.037166494876146,-0.021544340997934,-0.0018974043196067,-0.0028964038938284,-0.010754521004856,-0.022211438044906,-0.0045487335883081,0.0015038108685985,0.023508656769991,-0.0027944729663432,-0.01961001008749,0.0037794858217239,-0.030311852693558,-0.00058553437702358,0.012374058365822,-0.026577552780509,0.0054187378846109,-0.032301869243383,-0.036712054163218,0.031583178788424,0.021716149523854,-0.0028596657793969,-0.010188224725425,0.025013960897923,-0.020801926031709,-0.015657437965274,0.021089082583785,-0.02615331299603,0.019795574247837,-0.0065796137787402,-0.0052495449781418,0.0054701305925846,-0.013434881344438,-0.01453794632107,-0.041141118854284,-0.016923325136304,0.016819031909108,-0.0017103948630393,-0.012556937523186,-0.0064845429733396,-0.010172496549785,-0.010161163285375,0.003307219594717,0.0029962316621095,-0.011778090149164,0.0031246922444552,0.03511244058609,0.00043156745960005,-0.0030469256453216,0.013238348998129,-0.0065894001163542,-0.021402863785625,0.010761339217424,0.0037597576156259,-0.014303675852716,0.022784166038036,-0.0038782686460763,-0.017214715480804,-0.0087799681350589,-0.0032688041683286,0.042066659778357,-0.036410920321941,-0.030768908560276,0.00089344178559259,0.038326226174831,-0.012674307450652,0.013319102115929,-0.028109647333622,0.017370233312249,0.0026968689635396,0.032513435930014,0.019399657845497,-0.011928630061448,-0.010243589989841,0.0028114272281528,0.031101152300835,0.024266809225082,-0.036805801093578,0.002716972026974,0.021875135600567,0.002736771479249,0.019605472683907,0.027102213352919,-0.021092839539051,0.022895844653249,0.015615543350577,0.02781693264842,-0.014855048619211,-0.0023604142479599,0.027124857529998,0.0098435301333666,0.028409561142325,0.031467862427235,0.027275636792183,0.024465026333928,-0.027279119938612,-0.044168286025524,-0.025911035016179,-0.020956424996257,-0.028284382075071,-0.0044219018891454,-0.0039544231258333,0.0051986975595355,-0.0085875568911433,0.010304447263479,0.0018709183204919,0.039522830396891,0.020632915198803,-0.034262806177139,-0.018118567764759,-0.01554459054023,0.0050970413722098,0.0024708730634302,0.011079978197813,-0.016504809260368,0.0073010856285691,0.014000608585775,-0.043643310666084,0.029794447124004,0.0053100688382983,-0.017832327634096,-0.0058058788999915,0.023133968934417,0.029262188822031,0.025651138275862,-0.022510373964906,0.025789903476834,0.026955587789416,0.023819148540497,-0.019693471491337,-0.035744138062,0.018147751688957,-0.00099419767502695,-0.0088532585650682,0.037521366029978,-0.043069820851088,0.011656892485917,-0.035671465098858,-0.017236212268472,-0.018516650423408,0.041438542306423,0.016638685017824,-0.028243005275726,-0.0262301415205,-0.017034713178873,0.034486010670662,-0.029860995709896,0.023819137364626,0.00032873818418011,-0.00037633697502315,-0.0052613168954849,-0.036559972912073,-0.0083413012325764,0.021521668881178,0.0084164245054126,-0.0064533511176705,-0.014199139550328,-0.018527811393142,-0.010361708700657,0.0099560674279928,0.038368832319975,0.0091527653858066,0.023185944184661,0.0054472819902003,0.01225671172142,-0.0041393763385713,-0.0048638717271388,0.0031043991912156,0.027348954230547,-0.047406233847141,-0.019678067415953,0.030112508684397,0.024936405941844,-0.026723740622401,-0.0097768306732178,-0.0043135629966855,0.0068696541711688,0.010430585592985,-0.037307530641556,0.0094652781262994,-0.0079555371776223,-0.003153630765155,-0.021050106734037,0.020829824730754,-3.2662639569025e-05,-5.2686656999867e-05,0.031138820573688,-0.021099478006363,0.027484647929668,-0.01367761567235,-0.03831484541297,-0.016935721039772,0.011947147548199,0.03065056540072,-0.022885028272867,-0.01844178698957,-0.026936383917928,-0.011929743923247,-0.046740744262934,-0.035774942487478,0.007784313056618,-0.030607022345066,0.023114133626223,0.023848287761211,-0.025226289406419,-0.016762992367148,-0.0020599404815584,-0.014373425394297,-0.026436377316713,-0.018725607544184,-0.031932663172483,-0.00010884389485,-0.028823284432292,0.029787879437208,-0.037098031491041,0.017407210543752,0.031546846032143,0.0020985254086554,-0.024720638990402,0.027459718286991,0.03146905824542,0.0085491966456175,0.019993783906102,-0.024223593994975,-0.0033956484403461,-0.03055863827467,-0.025310518220067,0.02248651906848,-0.028644120320678,-0.011918229050934,-0.015188350342214,-0.030126331374049,5.7351760915481e-05,-0.024460004642606,0.0028753625229001,-0.034577146172523,0.023143297061324,-0.031166980043054,-0.017302177846432,0.01845102570951,-0.020005403086543,0.02643371745944,-0.0035336019936949,0.0051294304430485,0.035329196602106,-0.011381588876247,0.0053532640449703,-0.012879015877843,-0.02816578373313,-0.011357291601598,-0.011724593117833,0.0045892614871264,-0.042426381260157,-0.035746645182371,-0.012019688263535,-0.0063419938087463,0.0031800591386855,-0.017023319378495,0.0066602560691535,-0.0095110079273582,0.0012632807483897,-0.02876989543438,-0.024848693981767,-0.012732239440084,-0.010771654546261,-0.016603708267212,0.042389702051878,-0.024421762675047,0.023516967892647,0.0013910578563809,0.015445371158421,0.027247237041593,-0.027010194957256,0.0031669167801738,0.02690065279603,-0.030734838917851,-0.026911646127701,-0.0024322450626642,0.0081206420436502,-0.017486691474915,-0.013284233398736,0.025725722312927,0.0021066134795547,-0.0091745462268591,0.007979960180819,-0.042133253067732,0.0013479832559824,0.0013717449037358,-0.032886434346437,0.042878735810518,0.023356536403298,0.014098972082138,-0.012521877884865,-0.013113467022777,-0.038557764142752,-0.035286583006382,-0.015823312103748,-0.0075233429670334,-0.0021796822547913,-0.029031978920102,-0.029173640534282,-0.0031349908094853,0.022611971944571,0.031091310083866,0.022824585437775,-0.02923846244812,0.017921157181263,-0.029983308166265,0.0034751847852021,0.010933662764728,0.023451020941138,-0.0058941575698555,-0.016994874924421,0.028392277657986,0.01024950388819,-0.034216463565826,-0.019647801294923,-0.0093201687559485,-0.033737450838089,-0.041212804615498,-0.014225494116545,0.036471057683229,0.020618816837668,0.0029236664995551,0.0022464853245765,-0.029994681477547,-0.036386482417583,-0.017937440425158,0.0083336867392063,0.013950526714325,0.012704759836197,0.014421925880015,-0.022942289710045,0.0096937073394656,0.020863512530923,0.027766617015004,-0.034606385976076,-0.026124522089958,0.0041482984088361,0.030313648283482,-0.023854868486524,0.041657410562038,0.016166791319847,-0.032091673463583,-0.030665485188365,-0.023381711915135,0.026994928717613,-0.028319977223873,0.00132082530763,0.029794245958328,0.019215561449528,0.024451099336147,-0.0043887845240533,-0.039425265043974,-0.038846410810947,-0.019497342407703,0.0086410501971841,-0.011541771702468,0.012468160130084,0.031391862779856,0.019694242626429,-0.023503880947828,-0.020841462537646,-0.018069053068757,-0.020317861810327,-0.0087706921622157,0.034738507121801,0.036272153258324,0.0026251233648509,-0.026448417454958,0.014265779405832,-0.0055119898170233,0.0026193161029369,0.011073826812208,-0.004482529591769,-0.020968029275537,0.018767882138491,0.032511729747057,0.025071978569031,0.025723634287715,-0.032120730727911,0.033330202102661,-0.0054523153230548,-0.026121968403459,0.010118923150003,-0.029574168846011,-0.014804655686021,0.028291296213865,-0.018235372379422,0.017874445766211,0.0087225949391723,-0.046196065843105,-0.029271237552166,-0.011847510933876,0.0015280600637197,-0.039697133004665,-0.022392701357603,0.0073603368364275,0.034441068768501,-0.036328416317701,-0.03099419362843,0.03067616187036,0.016133228316903,-0.010105577297509,-0.023956995457411,-0.019562426954508,-0.030475828796625,0.027539242058992,0.039417318999767,0.025280730798841,-0.035883788019419,0.027123562991619,-0.022548027336597,-0.01336011197418,0.016337180510163,-0.0063642347231507,-0.0042964769527316,-0.012334816157818,0.0028897176962346,0.033488776534796,0.037817746400833,-0.013982232660055,-0.011382347904146,-0.031255528330803,0.032427806407213,-0.024408673867583,0.0062738819979131,0.01431608106941,-0.010127107612789,0.031783919781446,-0.013622251339257,-0.007643033284694,-0.012001631781459,0.015547273680568,0.016781670972705,-0.039201453328133,0.034692775458097,-0.042754046618938,-0.039311219006777,-0.008781410753727,0.002244922099635,-0.018075590953231,0.0083195809274912,-0.038692828267813,-0.021855881437659,-0.038733523339033,-0.0073249791748822,0.036011636257172,0.0076543418690562,-0.0065766950137913,-0.011194696649909,0.030994206666946,0.038671270012856,0.022355917841196,-0.0050740800797939,-0.0093374643474817,0.036405459046364,0.021446386352181,0.0056342808529735,0.044842984527349,-0.018046289682388,-0.015007549896836,0.01849289983511,-0.040041316300631,-0.020244432613254,0.03024585172534,0.0077821002341807,0.028767518699169,0.0012867231853306,-0.028774684295058,-0.014277113601565,0.023981207981706,-0.025125818327069,0.019880171865225,-0.018225107342005,0.033443681895733,0.034079637378454,-0.033098965883255,0.014809506013989,0.0089430827647448,0.0089046079665422,0.016823347657919,-0.0066329115070403,0.016823500394821,0.0016924644587561,-0.0094745103269815,0.00040738872485235,-0.019884509965777,0.0058651021681726,-0.031077731400728,-0.056420613080263,0.024611877277493,0.02377268858254,0.0033524492755532,-0.0064226454123855,0.012789065949619,-0.026532780379057,-0.018942337483168,-0.017294758930802,-0.010131856426597,-0.010918149724603,-0.0050482572987676,0.034741926938295,-0.00061287160497159,0.025143319740891,0.025263318791986,-0.0020745438523591,0.028130356222391,0.03634275123477,0.01798091083765,0.0017447842983529,-0.0069964937865734,-0.028690608218312,-0.019624898210168,0.010247548110783,-0.011344563215971,-0.011342582292855,-0.030647473409772,-0.023648573085666,0.028620142489672,0.025581179186702,-0.056235980242491,-0.0042991442605853,-0.035529799759388,-0.038277741521597,-0.034251615405083,0.0052563543431461,0.029272612184286,-0.0053021986968815,-0.043653234839439,0.013727539218962,-0.019292429089546,-0.0079194186255336,-0.027935868129134,-0.028104057535529,-0.014672161079943,-0.032841943204403,-0.0028667433653027,0.0013863312778994,-0.0032326558139175,0.026724066585302,-0.017919877544045,-0.017387703061104,5.8508092479315e-05,-0.026404686272144,0.034535557031631,-0.024998128414154,-0.010584322735667,0.015758039429784,0.035412140190601,-0.029413068667054,-0.015941604971886,0.049065072089434,0.013335963711143,-0.030806288123131,-0.014853665605187,-0.024299187585711,0.015205992385745,-0.017479894682765,-0.0017046565189958,0.022395182400942,-0.016810059547424,-0.023107102140784,-0.036382108926773,0.016982730478048,0.0061421669088304,0.01246920786798,-0.014702882617712,-0.035443026572466,0.0019656848162413,0.0076686642132699,-0.0053811874240637,-0.023800315335393,0.016343228518963,-0.0023705984931439,-0.005210604518652,-0.037604097276926,-0.023482162505388,0.025561964139342,0.031024746596813,-0.030948305502534,-0.0052142241038382,-0.026728145778179,-0.024482317268848,0.035820707678795,0.02475368976593,0.0064298291690648,0.00144615303725,-0.043502230197191,0.012962593697011,-0.0076764137484133,0.015131044201553,-0.028559627011418,-0.036135889589787,0.020360363647342,-0.026120282709599,0.03291118144989,0.04270102083683,-0.0095140459015965,-0.02049539797008,0.023825854063034,-0.032014042139053,-0.023654010146856,-0.02947405539453,-0.012874819338322,-0.010305422358215,-0.0081441691145301,0.016781277954578,0.032111123204231,0.031387627124786,-0.0074188467115164,-0.012718359939754,-0.0085658570751548,0.024935012683272,-0.007294858340174,-0.029630444943905,0.066641770303249,-0.018012223765254,-0.020538158714771,-0.03464213758707,0.020668348297477,-0.021594420075417,-0.033265449106693,-0.0059553943574429,-0.0033550020307302,0.019954914227128,0.022636191919446,-0.047062467783689,0.030094418674707,0.040597412735224,-0.0087356138974428,6.9892135798e-05,-0.015563244000077,-0.017352666705847,-0.056059915572405,-0.0091997040435672,-0.025545043870807,0.0076653636060655,0.028575016185641,-0.019104767590761,-0.031731616705656,0.024563912302256,-0.013294663280249,-0.012458539567888,0.004290999379009,-0.042133472859859,0.038379218429327,0.0078938435763121,-0.026865394786,-0.029778070747852,0.019900970160961,-0.018279207870364,-0.044643610715866,0.051128979772329,-0.025653768330812,0.0047508967109025,-0.051199030131102,-0.032681971788406,0.032502725720406,0.0076764328405261,0.040084164589643,0.0067145461216569,-0.0038701898884028,0.017118414863944,0.017993463203311,0.0020416758488864,-0.016131661832333,-0.016180124133825,-0.017810238525271,-0.030555453151464,-0.010733008384705,0.015237145125866,-0.0037290193140507,0.025017827749252,-0.018066059798002,-0.021385386586189,0.0023782765492797,0.014641280286014,-0.04150589928031,0.0051730223931372,-0.028566414490342,-0.030188046395779,-0.0093501536175609,-0.023857071995735,-0.031343072652817,-0.012890535406768,-0.019934773445129,-0.0058451555669308,0.01139953546226,-0.0017399316420779,-0.031571220606565,0.039035737514496,0.038890730589628,0.028509674593806,-0.0055409967899323,0.044655289500952,-0.018005307763815,0.027947129681706,-0.029307264834642,0.021194668486714,-0.018130274489522,0.019980119541287,0.016695290803909,-0.016237201169133,0.020920101553202,0.025850355625153,0.0086990231648088,0.011768311262131,0.029879715293646,0.021070137619972,0.017624398693442,0.023219643160701,0.013791988603771,-0.015530017204583,0.024100538343191,0.028064513579011,0.0085526648908854,0.037221744656563,-0.051673911511898,0.00080163072561845,0.017158441245556,-0.010712281800807,0.043944165110588,-0.006465629208833,0.046218439936638,0.011037399061024,-0.016437012702227,-0.025907322764397,0.0362882129848,0.0020722968038172,0.0010718565899879,-0.036203987896442,-0.0043460396118462,0.018321566283703,0.01596431620419,-0.034527625888586,0.015073438175023,-0.038554195314646,-0.0011372364824638,0.039453733712435,-0.0448930375278,0.02585531771183,0.025106217712164,0.004999004304409,0.0077694687061012,0.0069397618062794,-0.025566250085831,-0.010424218140543,0.033194869756699,0.023093022406101,-0.01433215290308,-0.017066182568669,-0.037797272205353,-0.039417080581188,0.028857765719295,-0.029835036024451,0.025011153891683,0.013171346858144,-0.027165155857801,0.0057039908133447,0.017365489155054,0.020473917946219,0.037962786853313,0.0019715176895261,-0.025735409930348,0.032349608838558,-0.040188051760197,-0.015145851299167,0.011142440140247,-0.023329898715019,0.026071380823851,-0.020214585587382,-0.0065792100504041,0.042830593883991,0.026404263451695,0.0034098126925528,0.032773796468973,0.034296225756407,-0.013238891027868,0.029200313612819,0.0038009416311979,-0.028713213279843,0.0039222524501383,0.021204402670264,-0.026169965043664,0.033424530178308,0.0081733884289861,-0.0021908858325332,-0.010174438357353,-0.024537771940231,0.027636433020234,0.035716265439987,-0.026067636907101,0.0021254429593682,-0.0043945810757577,-0.0080361319705844,-0.002609972609207,0.0045889145694673,0.014803316444159,-0.025716176256537,-0.018652722239494,0.0097263865172863,0.019315673038363,-0.0070650959387422,-0.019589038565755,-0.0092429807409644,0.015301491133869,0.024988474324346,-0.014041188172996,-0.025173852220178,-0.036949288100004,-0.034610472619534,-0.00073773000622168,0.022546116262674,-0.013470725156367,-0.029221769422293,0.017965106293559,0.014695940539241,0.037971999496222,0.0076669720001519,-0.013309606350958,0.026323540136218,0.036620441824198,-0.012924495153129,-0.0047469399869442,0.031586587429047,-0.049218956381083,-0.024761704728007,0.0043349824845791,0.0037650817539543,-0.046662740409374,-0.036980446428061,0.01750585436821,0.02674806304276,0.0062504573725164,-0.0087735243141651,0.00016179554222617,-0.024103123694658,0.0493009313941,-0.0057354681193829,-0.034112434834242,-0.0073251500725746,0.031885325908661,-0.012915051542222,-0.0032849260605872,0.014929251745343,-0.044359181076288,-0.022841012105346,0.010115723125637,0.024057969450951,0.004497695248574,0.013423899188638,0.010283071547747,0.02482508122921,0.041579678654671,0.018322061747313,-0.02229774184525,0.013989539816976,0.051869623363018,0.02000093460083,0.033232677727938,-0.033055689185858,-0.019049080088735,0.013514286838472,0.012891946360469,0.016459522768855,0.012699321843684,0.020371276885271,0.027355650439858,0.020875867456198,0.017361402511597,0.0089830812066793,0.035361722111702,0.0010962334927171,-0.036140289157629,-0.029361417517066,0.0021682141814381,0.023583462461829,-0.018057158216834,-0.02008737064898,0.023412546142936,-0.018221506848931,0.0027539709117264,-0.015560911037028,-0.030127549543977,-0.021313183009624,-0.017428759485483,-0.031881634145975,-0.026338517665863,-0.00057790888240561,0.018255494534969,0.0043258592486382,-0.034376922994852,0.036770634353161,-0.018624199554324,0.016610387712717,0.015459772199392,0.0042260456830263,0.018797067925334,-0.031270541250706,-0.032629158347845,-0.0027797743678093,-0.0087175695225596,0.010023597627878,-0.015366083011031,0.027843255549669,-0.0040296781808138,-0.00047179000102915,0.00093721598386765,-0.0090591171756387,0.025274654850364,-0.031834933906794,-0.025785839185119,-0.0030339020304382,0.0041504707187414,0.012280347757041,0.0054229977540672,-0.0096174897626042,-0.023288866505027,-0.025113241747022,-0.014209548942745,0.029696365818381,-0.00067547551589087,-0.0046059521846473,0.022443095222116,0.030778212472796,0.01384063065052,-0.031935829669237,-0.026355314999819,-0.033776424825191,-0.014469623565674,-0.0077565195970237,0.030281126499176,0.015368331223726,-0.035927180200815,0.034462474286556,-0.034298647195101,0.0017774554435164,0.012246663682163,0.024454461410642,0.014597098343074,-0.031221732497215,-0.025100631639361,-0.021519616246223,0.00027076213154942,-0.010463497601449,0.009886072948575,0.0058902218006551,-0.0094626089558005,-0.0052613262087107,0.014210599474609,-0.019698403775692,-0.0046023549512029,-0.014995260164142,0.028515266254544,-0.013535799458623,0.027961177751422,-0.0095617892220616,0.022320153191686,0.017716439440846,0.00035292719257995,0.038161534816027,0.02411412447691,0.016574036329985,-0.026507692411542,0.0031644531991333,-0.0028418567962945,-0.024729860946536,-0.020205426961184,0.032216235995293,-0.024301333352923,0.004102036356926,-0.034289922565222,0.030302422121167,-0.0087724737823009,0.010297487489879,0.010696251876652,0.034093372523785,0.022176697850227,0.0047885300591588,-0.003007810562849,0.020371057093143,-0.01798796094954,-0.01331492792815,0.023082377389073,0.0072120395489037,0.016193842515349,0.016424829140306,-0.037567339837551,0.0025956702884287,-0.012735710479319,0.0050782598555088,0.028506673872471,-0.0083114570006728,0.019526090472937,-0.028420282527804,-0.017593506723642,-0.012777069583535,0.010435108095407,0.036478642374277,0.00072330504190177,0.0047689378261566,0.016674790531397,-0.0060610887594521,0.025518951937556,-0.023657592013478,0.026523128151894,-0.032442923635244,0.024647194892168,-0.0056017190217972,-0.030943095684052,-0.022627100348473,0.02997650206089,-0.027159517630935,0.013279147446156,-0.020374642685056,0.025705095380545,-0.025892345234752,-0.021018272265792,-0.017053773626685,-0.022404028102756,-0.036911301314831,-0.0027052722871304,0.0035084038972855,-0.024579072371125,-0.010260968469083,-0.00070588127709925,0.011157957836986,0.03269574791193,-0.0029695313423872,-0.00037502593477257,0.033579267561436,0.0035706367343664,0.0070720836520195,-0.012796305119991,0.0046123205684125,0.016130724921823,-0.010978686623275,-0.02040272206068,0.013719371519983,0.0094070518389344,-0.028791921213269,0.013181677088141,-0.014329545199871,0.022634150460362,-0.014546540565789,0.013478144071996,-0.014164380729198,-0.031416561454535,0.019120868295431,0.012369740754366,0.024251179769635,-0.025014461949468,0.021616967394948,-0.02453819103539,-0.0055238381028175,0.03812450543046,-0.0078744720667601,-0.0088311256840825,0.01620046235621,-0.031825494021177,-0.019063567742705,0.015707798302174,0.0059144971892238,0.031379379332066,0.020342778414488,0.012173072434962,-0.025522137060761,-0.019931839779019,-0.027336962521076,0.011812895536423,0.024648372083902,0.038851387798786,0.033247426152229,0.024109780788422,-0.01905121281743,0.034661207348108,0.024258038029075,-0.014075061306357,-0.034713640809059,0.025289045646787,0.0029564662836492,0.026532566174865,-0.02831119671464,0.017139442265034,-0.022705834358931,-0.0071371053345501,0.02109138481319,0.027726562693715,-0.011895745061338,-0.036475528031588,0.021024581044912,-0.009495822712779,-0.036215048283339,-0.0012716357596219,-0.025561770424247,0.014957927167416,-0.027711071074009,-0.025355264544487,-0.0030277974437922,0.02896861359477,0.024582734331489,-0.017231334000826,-0.019836286082864,-0.0021131937392056,-0.017053691670299,-0.035793554037809,-0.010744420811534,0.028885656967759,0.031302455812693,0.02754320204258,0.020417023450136,-0.0018269637366757,-0.0020428479183465,0.027550294995308,-0.012695813551545,0.012558283284307,0.020887343212962,0.029908359050751,0.002222771756351,0.018282553181052,-0.034984033554792,0.036057475954294,0.0080505600199103,-0.034831628203392,-0.037871852517128,-0.022787164896727,0.013688463717699,-0.018219899386168,-0.010592549107969,-0.025067169219255,0.028827574104071,-0.0095961522310972,-0.015228091739118,0.0031547786202282,0.016741082072258,-0.020059484988451,-0.028974022716284,-0.024172903969884,-0.021826863288879,0.028109230101109,-0.034316875040531,0.033059697598219,0.018290312960744,-0.01020866446197,-0.0051383590325713,-0.0028687636367977,0.027163308113813,0.034931309521198,-0.0076861535198987,0.0016841957112774,0.018816752359271,0.016004830598831,-0.0014979925472289,0.038109563291073,-0.010934804566205,-0.0038499415386468,0.012722183018923,0.02128311060369,0.0091188680380583,0.011158175766468,0.0053947353735566,0.016672167927027,-0.027115844190121,0.029350506141782,0.030166801065207,0.029058938845992,-0.013047119602561,-0.033755548298359,0.001192495925352,-0.00083227799041197,0.012529979459941,0.006583315320313,-0.0033667024690658,0.010193863883615,-0.0081764310598373,0.039483107626438,-0.010195326991379,-0.020438641309738,0.033138819038868,-0.02074764110148,0.0057557662948966,0.016903711482882,0.016856970265508,0.03620482981205,-0.0056912312284112,0.015506830997765,0.034091647714376,0.015346275642514,-0.030996084213257,0.040256381034851,-0.010406387969851,0.010559313930571,-0.005453328602016,-0.031651951372623,0.030433977022767,-0.033414665609598,0.013577935285866,0.014125149697065,0.0020742677152157,0.015909055247903,-0.028218751773238,-0.028803519904613,-0.036938581615686,-0.015776287764311,-0.020072277635336,-0.013081708922982,-0.010000680573285,-0.017410164698958,-0.01296953484416,0.0025168813299388,-0.0081881294026971,-0.011865307576954,-0.016695903614163,0.012587866745889,-0.014279313385487,0.002838582964614,-0.033520452678204,0.014457969926298,0.01456646900624,-0.025545760989189,0.021603217348456,-0.035364840179682,0.012710863724351,0.0025697322562337,-0.0044750170782208,-0.033462386578321,-0.015855193138123,-0.02885271050036,0.0050676367245615,0.02007345110178,-0.029281597584486,0.014228239655495,0.0010856918524951,0.0068678860552609,0.03446951508522,0.020132262259722,-0.018623208627105,-0.0091224126517773,-0.0094447433948517,0.014350810088217,0.015779851004481,0.0091831078752875,0.0081981271505356,0.024632927030325,-0.021385870873928,0.021563243120909,0.026878939941525,0.010379605926573,0.016741570085287,0.039255704730749,-0.019693402573466,0.018628153949976,-0.0176812261343,-0.027918921783566,-0.017987672239542,-0.0032291512470692,-0.010630521923304,-0.0011553149670362,0.0014807905536145,-0.015571789816022,0.011510600335896,0.023808831349015,-0.02374554798007,-0.015746846795082,-0.0084901927039027,0.017289035022259,-0.019181216135621,0.028213169425726,0.0115413274616,-0.019154615700245,-0.025795727968216,0.015258423984051,0.010817580856383,0.014491066336632,0.024564241990447,0.021900817751884,0.023214338347316,0.030789000913501,-0.01643075235188,-0.0063690384849906,-0.0047258380800486,-0.013418671675026,-0.011494668200612,-0.0039355992339551,0.010068204253912,0.011932560242712,-0.0061537618748844,-0.019320048391819,0.031966328620911,-0.012154749594629,0.014602032490075,-0.010018369182944,-0.02467805147171,0.035353623330593,0.011879912577569,0.011733791790903,-0.0055796229280531,-0.0080147795379162,-0.019094562157989,0.01363523863256,-0.016750566661358,-0.027428723871708,0.013843031600118,-0.0028211909811944,-0.028711084276438,-0.020033080130816,0.02248215302825,0.016218937933445,0.030141146853566,0.022969666868448,-0.022636849433184,0.01878265850246,0.005830807145685,-0.025912573561072,0.018828220665455,-0.018126571550965,0.036365978419781,0.028808299452066,-0.031240157783031,0.0039290422573686,0.017015345394611,-0.00033121960586868,0.027884503826499,0.017714848741889,-0.0091314250603318,-0.0057560661807656,-0.023279463872313,0.027006352320313,0.018502959981561,0.011850190348923,0.014416312798858,-0.025133136659861,0.032386258244514,0.025809563696384,0.022851014509797,-0.030936455354095,0.019882360473275,0.033335592597723,-0.020459305495024,-0.024033438414335,0.01802977733314,-0.027915934100747,-0.016308803111315,0.00047176334192045,0.019510993734002,-0.0073044276796281,-0.016801092773676,0.018211346119642,-0.0071582226082683,0.0077832788228989,0.00042788151768036,0.0080188326537609,-0.034258186817169,-0.016286240890622,0.015136698260903,0.010366004891694,-0.016494564712048,-0.026206277310848,-0.0070791593752801,0.029456777498126,-0.0013405906502157,0.014631099067628,-0.0098763620480895,0.019322220236063,0.020494293421507,0.019512353464961,0.025579940527678,-0.010828291997313,-0.0014569601044059,-0.015544823370874,0.032214812934399,-0.04644924774766,0.017211616039276,-0.026662001386285,0.0088944919407368,0.00020011921878904,-0.0042410437017679,0.041011795401573,-0.018209313973784,0.0062436070293188,-0.0081276251003146,-0.023039201274514,0.034403648227453,0.0074304016306996,0.00018148191156797,0.0052167288959026,-0.019978415220976,0.024468716233969,-0.027267456054688,0.016511095687747,0.035195630043745,-0.013225981965661,0.0096880337223411,-0.028646603226662,-0.0043848394416273,0.027038557454944,0.021801311522722,-0.0041162432171404,-0.026047049090266,-0.009910698980093,-0.005544105079025,0.011828894726932,-0.0030362622346729,0.01523160468787,0.011492877267301,-0.016080951318145,0.027040982618928,-0.025750678032637,0.022088600322604,-0.031089529395103,-0.0084700547158718,0.033210467547178,-0.0040870704688132,-0.0249276868999,-0.013027221895754,-0.019475422799587,0.0047341678291559,-0.032375037670135,0.020740127190948,-0.0079172514379025,-0.019330874085426,0.016175169497728,0.032872803509235,-0.021084586158395,0.040301110595465,-0.030006259679794,0.01839167624712,0.017231941223145,0.027218298986554,0.044819802045822,-0.025088524445891,0.020143350586295,0.0008629760122858,-0.015277341939509,0.012556973844767,0.037488367408514,0.013094807043672,-0.032136715948582,-0.016034489497542,-0.014508067630231,-0.029666813090444,0.0055312062613666,0.012702937237918,-0.0034986187238246,-0.011276886798441,0.0046480372548103,0.0029695208650082,0.032518081367016,0.010832621715963,-0.036456380039454,-0.017341552302241,-0.013246810995042,-0.01393729634583,-0.0017630393849686,-0.021514227613807,0.014380703680217,-0.011818939819932,0.042286183685064,0.01947670429945,0.035082925111055,0.017290657386184,0.017205012962222,0.028604347258806,0.027074672281742,0.00048727271496318,-0.0026703134644777,0.02571758069098,-0.010678824968636,-0.027998272329569,0.028082333505154,0.031364094465971,-0.020495530217886,-0.041314959526062,-0.033479418605566,0.02631825581193,0.014969531446695,-0.031541813164949,0.0085808765143156,-0.021240515634418,-0.023758796975017,-0.022991383448243,-0.017031604424119,-0.025843683630228,0.034076660871506,-0.011845549568534,0.010740116238594,-0.0054936930537224,-0.010755594819784,-0.034212734550238,-0.012255012057722,0.009500346146524,-0.021333435550332,0.010590201243758,0.010552708990872,0.0077540194615722,-0.0087616499513388,-0.020393403246999,0.0093767158687115,-0.016566710546613,0.0045854547061026,0.003902446012944,0.020097026601434,0.040189333260059,0.038819301873446,0.015342763625085,0.012760617770255,0.022891223430634,0.0096856085583568,-0.014954910613596,-0.0054681324400008,0.025241130962968,0.017144260928035,0.021239748224616,0.02517724595964,-0.031010866165161,-0.0034221552778035,-0.023255780339241,0.033332169055939,-0.018820412456989,-0.028169367462397,0.0017522079870105,-0.023804707452655,-0.009993308223784,-0.0097485920414329,-0.01405577827245,0.0109689431265,-0.016893144696951,0.021995784714818,-0.013798744417727,0.024142334237695,0.01323046348989,0.0070486622862518,-0.0029796089511365,-0.014070383273065,-0.0072220149450004,0.014119314961135,0.022076783701777,0.0017624645261094,-0.026931412518024,-0.030187258496881,0.028527954593301,0.039534423500299,0.0064948005601764,0.0032739038579166,0.035179555416107,-0.018243506550789,0.039114102721214,-0.021906644105911,0.022064138203859,-0.026623416692019,0.0013293984811753,-0.026993166655302,0.0249915830791,-0.021169010549784,-0.0037462543696165,0.012903111055493,0.0077893552370369,-0.0018901467556134,0.017012301832438,-0.020970702171326,0.019374391064048,-0.0025253377389163,-0.0032697978895158,-0.027465537190437,-0.017116755247116,-0.029827522113919,-0.035696785897017,0.013734544627368,-0.012172153219581,0.027875462546945,0.010241537354887,-0.004924364387989,-0.016122069209814,-0.0042509268969297,-0.029720157384872,0.034303825348616,-0.00062779494328424,-0.0046555977314711,0.0073933298699558,0.026478232815862,0.013254480436444,0.017021488398314,0.032878328114748,-0.015980925410986,0.025511471554637,-0.013168956153095,-0.0015427095349878,0.0043087755329907,0.031800229102373,0.013110454194248,0.036574400961399,0.033395990729332,0.0015997806331143,0.027109406888485,-0.0030499175190926,-0.033082619309425,0.035339698195457,-0.021876392886043,-0.021417645737529,0.0025328586343676,-0.0052840658463538,0.027826495468616,0.022171774879098,0.037031296640635,-0.00068138045025989,-0.0077918507158756,-0.028568679466844,-0.026689285412431,0.013409885577857,-0.0098001826554537,0.019169431179762,0.013788720592856,0.023239977657795,0.0097469091415405,-0.024067720398307,-0.0063874470070004,0.037214156240225,-0.001694833044894,0.012436074204743,0.012664729729295,0.023145554587245,-0.011114628054202,0.0097314305603504,-0.035139951854944,0.022077029570937,0.018168333917856,-0.012879869900644,-0.022617295384407,-0.027018556371331,0.028774404898286,0.019652357324958,-0.011366127058864,0.0081343995407224,0.016409838572145,-0.029975172132254,-0.0018435033271089,0.0098807932808995,0.031963847577572,0.0056704552844167,0.00087777455337346,0.017478123307228,0.02308239415288,-0.028945215046406,-0.011431845836341,0.031146796420217,-0.016988480463624,-0.03387562930584,-0.0092952102422714,-0.0032932928297669,0.0084040556102991,0.0082247573882341,0.044243715703487,-0.035766899585724,-0.011005545966327,-0.029383907094598,-0.0011835969053209,-0.023785568773746,0.027929674834013,0.010207279585302,0.019701533019543,-0.036606658250093,-0.0014759238110855,-0.019254213199019,0.014668491668999,0.020623330026865,0.00022340778377838,-0.020508132874966,0.012618770822883,0.024330634623766,-0.013931728899479,0.030058870092034,-0.025255616754293,0.012379784137011,0.018200675025582,-0.0011164114112034,-0.028075000271201,-0.023091163486242,-0.0060644038021564,0.015245516784489,0.023203605785966,0.023609643802047,0.0052193086594343,0.030775960534811,0.030052423477173,-0.029650252312422,0.011526719667017,0.023579167202115,0.035220593214035,-0.024733614176512,-0.018732478842139,0.011246120557189,0.033191379159689,-0.020111368969083,0.021482843905687,-0.02306105196476,-0.02385350689292,-0.018503269180655,-0.0033402247354388,0.030105177313089,-0.00027899499400519,-0.0063987746834755,0.025504171848297,0.017601581290364,-0.026976456865668,0.02483138628304,-0.024596426635981,-0.013743019662797,-0.016228770837188,-0.0092079257592559,-0.023278729990125,0.029280224815011,0.014150083065033,-0.018915535882115,0.019378753378987,0.010232999920845,-0.0092751244083047,0.010239250026643,0.00084579014219344,-0.013333129696548,-0.0077892248518765,-0.019905440509319,0.016872005537152,0.022432420402765,-0.016390902921557,0.00020063492411282,-0.018418772146106,-0.02192354016006,-0.039571329951286,-0.0076871910132468,-0.020324353128672,0.024341041222215,-0.011312651447952,0.020327584818006,0.015113526023924,-0.0013909100089222,-0.0084939086809754,0.026907429099083,0.019845323637128,-0.003814460709691,-0.023693505674601,-0.027531554922462,-0.034793801605701,-0.029953747987747,0.040275759994984,-0.014493222348392,-0.0073534897528589,0.027800755575299,-0.001483951928094,0.024134062230587,-0.028833465650678,-0.022911511361599,-0.0011059875832871,0.027612080797553,0.030540965497494,-0.030681196600199,0.023093674331903,-0.0036931768991053,-0.022692747414112,0.031590554863214,0.0090304939076304,-0.0087565863505006,-0.0054041822440922,-0.0506701618433,-0.021336674690247,-0.012960986234248,-0.032653450965881,0.012548701837659,-0.026491740718484,-0.03571404889226,-0.012641534209251,-0.017585983499885,0.029043121263385,-0.027018303051591,-0.00067948125069961,-0.029101094231009,-0.034490454941988,-0.026510125026107,-0.00064365693833679,-0.02144829928875,-0.022259790450335,0.0027463431470096,-0.037811033427715,-0.02499670535326,-0.033767934888601,0.01082147937268,-0.039363764226437,0.0014951234916225,0.0034590545110404,-0.00084244285244495,-0.03269237652421,-0.0082442900165915,0.03090775758028,-0.027753977105021,0.011594183743,-0.025800561532378,-0.013475306332111,0.014549043960869,0.022425862029195,-0.018918542191386,-0.028555961325765,-0.051470011472702,-0.0011483224807307,0.034964967519045,0.019145982339978,0.0019496034365147,0.014602930285037,0.044454108923674,-0.010266738012433,-0.0098366728052497,-0.0084945075213909,0.030557502061129,0.021153934299946,0.033698305487633,0.023649968206882,0.023110248148441,-0.03036630526185,0.047477245330811,-0.0033125516492873,0.0051524145528674,0.013622836209834,-0.0087087973952293,0.021110078319907,-0.0099824471399188,0.0034860582090914,0.0098710618913174,-0.0017981808632612,0.037412527948618,0.02702615596354,-0.034691166132689,0.0020137163810432,-0.0014767274260521,-0.03218238055706,-0.029680786654353,-0.030769051983953,-0.028485134243965,0.016923397779465,-0.0028198417276144,-0.028846481814981,0.0013519817730412,-0.0079616717994213,0.015116294845939,-0.0048890551552176,-0.013296102173626,0.0049137976020575,0.029765205457807,0.011554930359125,-0.025522250682116,-0.027013154700398,-0.019134888425469,0.038028080016375,0.017610313370824,0.0045873709022999,0.0073201032355428,0.023830404505134,-0.040625806897879,0.0089484229683876,-0.031974233686924,0.039388451725245,0.046390246599913,0.016040896996856,-0.010961499065161,-0.0085419192910194,0.015169788151979,-0.013313676230609,-0.020596275106072,0.022429384291172,0.026741420850158,-0.0083625689148903,0.029264666140079,0.024382358416915,-0.00088501715799794,-0.022391855716705,-0.034439720213413,0.031298752874136,0.0076326569542289,-0.037677243351936,-0.034834995865822,0.019566783681512,0.025949904695153,0.0076630832627416,0.031143499538302,-0.0078000579960644,0.0020001891534775,0.032750461250544,-0.010860820300877,0.0096131423488259,-0.0046603265218437,0.0075554987415671,0.0099717322736979,-0.019871586933732,-0.031241729855537,0.018830038607121,0.0024335540365428,-5.2775343647227e-05,-0.025237109512091,0.032235629856586,0.015619590878487,-0.017218759283423,-0.018644468858838,0.01467117946595,0.00053016352467239,0.015629090368748,-0.038313969969749,0.0054161618463695,-0.0044910623691976,0.0087163969874382,0.002437103074044,-0.031200995668769,-0.023748107254505,0.020878914743662,0.018329126760364,0.030831146985292,-0.028324741870165,-0.0094951810315251,0.0012829978950322,-0.043674752116203,0.0091985743492842,0.020534750074148,-0.00019685800361913,0.0063201985321939,-0.0255760345608,0.044235851615667,-0.023680102080107,0.03323844820261,0.021579261869192,-0.0019895434379578,-0.012883094139397,0.02079070545733,0.010343405418098,-0.010968865826726,-0.013199250213802,0.0087776742875576,0.035709980875254,-0.031860206276178,0.013035631738603,0.032623648643494,-0.016394780948758,-0.0016600514063612,-0.020600784569979,0.013780397363007,0.025555955246091,0.0086570205166936,0.019166698679328,0.0074075409211218,0.0012353783240542,-0.010828156024218,0.02586031332612,0.041974872350693,0.019582211971283,-0.037195850163698,-0.025237305089831,0.0024732584133744,0.01681937277317,0.031952295452356,-0.02820866368711,-0.0038846211973578,0.016809791326523,0.014223457314074,0.0082704424858093,-0.018221085891128,-0.025790108367801,0.021800700575113,0.025558244436979,-0.030503349378705,-0.017473326995969,-0.023871287703514,-0.031965263187885,0.0061251646839082,0.028199898079038,0.0017258292064071,0.0042434805072844,0.00093920878134668,-0.0051449770107865,-0.035374581813812,0.026225076988339,0.022703757509589,-0.0050991242751479,0.0096753826364875,0.0053287027403712,0.015449807979167,-0.013779357075691,-0.0086149433627725,0.0064495541155338,-0.039291314780712,0.020922049880028,-0.034093156456947,-0.01218329090625,-0.037050634622574,-0.013785674236715,-0.0076084760949016,0.014168309979141,0.033438056707382,-0.0039284555241466,-0.0072745969519019,0.038806416094303,0.042963225394487,-0.026254432275891,-0.019874168559909,-0.02757347933948,-0.0034935276489705,-0.0098709343001246,-0.025842133909464,-0.014385971240699,0.02729501388967,0.0070805363357067,0.028393197804689,0.013616851530969,0.022081950679421,-0.0032043957617134,0.030420253053308,0.0052917753346264,-0.024005120620131,-0.040427856147289,-0.027049103751779,0.017564797773957,-0.050018154084682,0.03911754488945,0.021358473226428,-0.062730669975281,2.4282438971568e-05,-0.035546217113733,0.0027062853332609,-0.028942253440619,0.0036064377054572,-0.031789891421795,0.046686355024576,-0.020881272852421,-0.03991499915719,0.039685603231192,-0.024865474551916,-0.0052735926583409,-0.028144644573331,-3.3856020309031e-05,0.033686146140099,-0.032884180545807,0.015230044722557,0.025178272277117,0.023185260593891,0.019145224243402,-0.0025753630325198,-0.011818802915514,-0.0085084130987525,0.018224397674203,0.025288552045822,0.05385883897543,-0.014666301198304,-0.03532400727272,-0.028000785037875,0.045375779271126,0.020470326766372,-0.020420122891665,0.013413336127996,-0.019606973975897,0.0095778284594417,0.011966741643846,-0.021770378574729,-0.015085124410689,-0.033662479370832,0.011522002518177,-0.018995031714439,0.010549787431955,0.038561183959246,-0.0061623230576515,0.0044577298685908,-0.0054387007839978,0.02895980514586,0.055629171431065,-0.0061474340036511,-0.043948754668236,0.035881634801626,0.0050827763043344,-0.02895588055253,0.015853771939874,0.030094411224127,-0.030533047392964,0.016979970037937,-2.0400249923114e-05,0.017050918191671,0.014127422124147,0.028662905097008,0.01124866027385,0.030362637713552,-0.021458795294166,-0.011568995192647,-0.00017796676547732,0.015630757436156,-0.0080834999680519,-0.04668302834034,0.029018513858318,0.00861846935004,0.028410777449608,-0.029063664376736,0.037586573511362,0.012237332761288,-0.02049539797008,0.00087376637384295,0.0068616750650108,-0.019051535055041,-0.0052513908594847,-0.022408129647374,0.00071092019788921,-0.03171868994832,-0.02067718654871,-0.036616962403059,-0.026594942435622,-0.046276472508907,-0.013567814603448,0.01429970189929,-0.0063757700845599,0.0089777521789074,-0.0045463568530977,-0.025760570541024,-0.026548873633146,-0.024151934310794,0.018010767176747,-0.026262570172548,-0.0038627083413303,-0.01787425391376,-0.011532623320818,0.0054562389850616,0.01197849586606,0.039783880114555,-0.015460597351193,0.01076652109623,0.038735836744308,-0.044432427734137,0.02675261721015,-0.0038350236136466,0.0083103328943253,-0.0061864019371569,0.022927230224013,-0.048922218382359,0.04252352565527,0.035053931176662,0.026275455951691,0.0060509941540658,-0.037694521248341,0.013660680502653,-0.02407356724143,0.00079152465332299,0.013307373039424,0.010845164768398,-0.030993413180113,0.00081780226901174,-0.070838823914528,0.034257899969816,-0.013524055480957,0.0091199623420835,0.025147961452603,-0.015384346246719,-0.016274347901344,0.0043954285793006,-0.023089023306966,-0.035764422267675,-0.027513664215803,0.041520189493895,0.016512678936124,-0.042942129075527,-0.01196648273617,-0.011534070596099,0.005088874604553,-0.022802993655205,0.02935160137713,0.016843074932694,0.012242197990417,-0.0020447787828743,0.016949655488133,-0.017942249774933,0.021002642810345,0.027570948004723,-0.010793059132993,0.044921904802322,-0.018372813239694,0.0069318921305239,0.038726702332497,-0.034451957792044,0.024963287636638,0.0068514356389642,0.043423164635897,-0.015884501859546,-0.030521964654326,-0.0042787808924913,0.0052630207501352,0.0092683667317033,-0.0034759740810841,-0.025891661643982,0.001030967454426,0.0086436923593283,0.0019732129294425,0.0075204134918749,-0.022194011136889,0.037477850914001,0.0065149408765137,-0.016281833872199,0.017046015709639,-0.0080737117677927,0.0029753658454865,-0.026018546894193,-0.051163714379072,-0.025897754356265,-0.053443837910891,-0.027420969679952,-0.01630974560976,0.010795052163303,-0.0083178086206317,0.049282982945442,0.031952269375324,0.041815500706434,-0.025497628375888,-0.020653620362282,0.007553675211966,0.025665318593383,-0.015114526264369,-0.026804471388459,0.031902093440294,-0.0018558223964646,0.034604348242283,0.021782770752907,-0.034150063991547,-0.035363424569368,0.0011131881037727,-0.061529647558928,0.012112250551581,-0.035669434815645,-0.0080229574814439,0.00037474150303751,0.0038065859116614,-0.032787311822176,-0.01457579433918,0.03634624928236,-0.015435997396708,0.048351462930441,-0.0083638448268175,0.023695755749941,0.0031463713385165,0.0045465938746929,0.0042527313344181,-0.011456250213087,0.043346546590328,-0.01368772238493,0.022529138252139,0.0023029656149447,-0.022779872640967,-0.032282989472151,0.047086540609598,0.018420232459903,0.038674790412188,0.009048474021256,0.012123350985348,-0.027338901534677,-0.0067256120964885,-0.032424680888653,-0.026987357065082,0.0008041100227274,-0.067855931818485,-0.0012974973069504,0.0024963924661279,0.0054469215683639,-0.023439580574632,-0.035978730767965,0.037391476333141,-0.0021875633392483,-0.0070824581198394,-0.012761657126248,0.033151034265757,0.011386509053409,0.04700781032443,-0.0040383213199675,-0.038829825818539,-0.0025412705726922,0.01398338470608,0.015821527689695,0.009817510843277,0.0212361831218,-0.018355118110776,0.023585526272655,-0.030966250225902,0.0070752371102571,-0.0076324865221977,0.042423352599144,-0.014864263124764,0.027882320806384,-0.00062323053134605,0.0021904059685767,-0.015424848534167,0.015477955341339,-0.00099071161821485,-0.032872516661882,0.010859401896596,-0.021100839599967,0.049445372074842,0.023351460695267,-0.024466609582305,0.019145209342241,-0.009217482060194,-0.022905267775059,0.022708361968398,-0.0011184194590896,0.024219501763582,0.048839930444956,-0.016812268644571,0.039115250110626,-0.0077151209115982,-0.048220284283161,0.018075611442327,-0.014150810427964,-0.00076080986764282,-0.02079769410193,-0.0060247788205743,-0.023844992741942,-0.0071936845779419,0.0063334978185594,-0.023431904613972,0.024508850648999,0.00042739833588712,-0.01353386323899,-0.016201440244913,-0.01734266243875,0.01103978138417,0.025564257055521,-0.0080114090815187,0.022981373593211,-0.035275377333164,0.0046783979050815,-0.00035027062403969,0.014723750762641,-0.014583557844162,0.048086747527122,0.025690611451864,0.063012100756168,-0.00096538232173771,-0.0053617297671735,-0.0040779123082757,0.018973980098963,-0.031041214242578,0.025785587728024,0.028894420713186,0.0062398663721979,0.041325598955154,0.030912423506379,0.01794763840735,-0.041604593396187,0.0028776484541595,-0.017141921445727,0.0160709079355,-0.031524129211903,-0.002278350526467,-0.0092792380601168,-0.012124706991017,0.0034398958086967,0.0202965028584,-0.030910022556782,0.012036111205816,-0.027271684259176,-0.014429140836,-0.011953583918512,0.023397136479616,0.04379478096962,0.031807791441679,0.037486370652914,-0.028077449649572,-0.033293854445219,-0.017801044508815,-0.02185932546854,0.031377729028463,0.01197780482471,-0.0056354235857725,-0.040717169642448,0.033375684171915,0.032470222562551,-0.01011860743165,-0.021745070815086,0.015464045107365,-0.00095553009305149,-0.023861970752478,0.034657955169678,-0.019944535568357,-0.034439627081156,0.032511103898287,0.010627828538418,0.029593881219625,0.028466995805502,-0.0078391525894403,-0.016576262190938,-0.011911520734429,0.012888075783849,-0.030472006648779,-0.018232116475701,0.01249894592911,-0.0037766636814922,-0.0053991274908185,0.0024706083349884,0.01555824931711,-0.029896227642894,-0.031209606677294,0.0064831944182515,-0.018896818161011,-0.029810175299644,0.026527600362897,-0.019506672397256,-0.023144707083702,0.044274974614382,-0.01010920945555,0.032214771956205,-0.016906604170799,-0.012147323228419,-0.011609177105129,-0.010003069415689,-0.023524232208729,0.016250126063824,-0.036457993090153,-0.0021137315779924,-0.034868143498898,-0.025341629981995,-0.023017985746264,0.036326266825199,0.024067144840956,0.018825547769666,0.031640451401472,-0.017548432573676,-0.0014629389625043,0.0031862137839198,-0.0017216241685674,-0.0082059595733881,-0.02939666248858,0.025961328297853,-0.006487880833447,-0.015635203570127,-0.033599596470594,-0.016439512372017,-0.030212204903364,-0.044431049376726,0.029870014637709,0.027345372363925,-0.00049718539230525,0.00029782217461616,-0.020156120881438,-0.013585998676717,-0.033743355423212,0.0021776156499982,0.0031728520989418,-0.016587479040027,-0.034058213233948,0.039230205118656,0.00060830952133983,0.0035538233350962,-0.020300846546888,0.015651868656278,0.021471658721566,-0.01350730843842,-0.023049285635352,-0.037661213427782,0.020013269037008,0.028776144608855,-0.032524239271879,-0.011350982822478,0.0087927244603634,-0.015857391059399,0.011683997698128,-0.029089434072375,-0.036395642906427,-0.027937961742282,0.015640845522285,-0.023122731596231,0.0045708506368101,0.0095423078164458,0.0093739414587617,-0.035941012203693,-0.015847872942686,-0.018677672371268,-0.023739652708173,0.014880890958011,0.036071576178074,-0.005153673235327,-0.035208862274885,-0.0028048567473888,0.026902539655566,-0.025895362719893,-0.024019386619329,-0.0056597464717925,-0.027614695951343,0.016606036573648,-0.025635277852416,-0.0036854930222034,-0.022677486762404,-0.0036552201490849,0.014873448759317,-0.013895533047616,0.017327450215816,0.0072034262120724,0.012565827928483,-0.023915115743876,0.027681663632393,-0.0012173011200503,0.017917038872838,-0.031233320012689,0.014096111990511,0.010862081311643,0.0252600684762,-0.029469391331077,0.0067089186049998,0.025322187691927,0.037809982895851,0.021777922287583,-0.0072782333008945,0.016775542870164,0.0239019356668,-0.018394442275167,-0.033281076699495,-0.03517023473978,-0.034155379980803,0.021366940811276,-0.010929555632174,-0.0065344553440809,-0.019806522876024,-0.012114856392145,-0.016347581520677,-0.014570359140635,0.033548649400473,-0.0064562424086034,-0.0054289693944156,-0.00034998459159397,0.022393761202693,0.034459814429283,0.0092912390828133,-0.023677710443735,-0.038237936794758,-0.039674587547779,0.026883134618402,0.020751813426614,0.0083610992878675,0.015887280926108,0.010604350827634,-0.00085849675815552,-0.033456102013588,-0.0038543923292309,0.024937460198998,-0.021888632327318,0.028774775564671,0.0046263630501926,0.00041368353413418,-0.033254396170378,0.011297016404569,0.0088766356930137,0.029300477355719,0.034862797707319,0.028994768857956,-0.046056389808655,-0.019677260890603,0.02597882412374,-0.028451737016439,0.017860731109977,-0.040863625705242,-0.033741526305676,-0.027277236804366,0.020359108224511,-0.0038699498400092,0.013101977296174,-0.023834181949496,-0.011470788158476,-0.026063717901707,-0.032451562583447,-0.013171700760722,-0.0087166903540492,0.0049751978367567,-0.019466493278742,-0.0037390806246549,-0.0065045575611293,-0.0084863267838955,0.018944915384054,-0.036813076585531,0.0013678307877854,0.0061599044129252,-0.01999656111002,-0.032407056540251,-0.014443739317358,0.012328670360148,-0.028033450245857,-0.0094562955200672,-0.0048168352805078,0.028404448181391,0.028546577319503,0.018527993932366,0.028545003384352,0.027713783085346,-0.036143518984318,-0.0194848831743,0.00960046146065,-0.019235409796238,0.017931528389454,-0.0017911246977746,-0.017717961221933,-0.032344270497561,0.0039427080191672,-0.0019970699213445,-0.013536286540329,-0.034073360264301,-0.028414906933904,0.032721780240536,-0.022556079551578,0.027296399697661,-0.042511325329542,0.0056061805225909,0.015349648892879,0.024375729262829,0.028414385393262,-0.019168181344867,-0.011047267355025,-0.0088765043765306,0.0032791688572615,0.0030293678864837,-0.0078366650268435,0.032369896769524,0.0049187764525414,0.020938355475664,-0.014279620721936,-0.023941066116095,0.0021312362514436,-0.031882129609585,-0.039700131863356,0.033120796084404,-0.02996439486742,0.0039117434062064,-0.0095557421445847,-0.030101217329502,0.019176565110683,-0.026325836777687,0.035445235669613,-0.033424772322178,0.018055172637105,0.031071402132511,-0.031547535210848,-0.020999429747462,-0.011792181991041,-0.0020663430914283,-0.0034645376726985,-0.023776903748512,0.024596596136689,0.034619867801666,0.02053040266037,0.022957179695368,-0.023407094180584,0.0046440595760942,-0.027834616601467,-0.017709070816636,0.025556718930602,0.0077962065115571,-0.0084862541407347,-0.017989398911595,0.016188412904739,-0.015780497342348,0.00057902553817257,0.022279916331172,-0.018265221267939,0.01367462053895,-0.031135750934482,-0.018870359286666,-0.011370203457773,0.001445708796382,-0.034073650836945,0.034331168979406,-0.01647637411952,0.030887320637703,0.016096159815788,-0.0031610957812518,-0.036955278366804,0.037353876978159,-0.00077715166844428,-0.001053499407135,0.018008885905147,-0.022955354303122,-0.019206762313843,0.015718957409263,-0.009463713504374,0.028722524642944,-0.018234385177493,0.018665170297027,0.020877655595541,-0.002495773602277,0.025056026875973,0.02332422696054,0.018663927912712,-0.0088085057213902,-0.0073993043042719,-0.026662578806281,-0.0069819958880544,-0.00033785792766139,0.017005268484354,0.010345809161663,-0.035771071910858,0.0028902252670377,-0.03738122060895,-0.02588827162981,0.019479444250464,-0.017887366935611,-0.0023477671202272,-0.015016408637166,-0.026024056598544,0.0031447443179786,0.03054641187191,0.0041714166291058,-0.029307425022125,0.029811630025506,0.013835383579135,-0.030182475224137,-0.018507877364755,-0.010850020684302,-0.00050606578588486,-0.024240326136351,-0.035886745899916,0.023901458829641,0.012409050948918,-0.035097345709801,0.0038499119691551,-0.017325758934021,-0.015125984326005,-0.002612819429487,0.022019544616342,0.0039385864511132,0.0025550948921591,-0.0077998102642596,-0.025161698460579,0.012346508912742,0.0257956571877,0.0031444216147065,0.0081750079989433,-0.022536588832736,0.026600189507008,-0.0029968996532261,-0.032600030303001,-0.027685534209013,0.02505880407989,-0.0019997095223516,0.026477022096515,0.0024699110072106,0.014878906309605,0.027944145724177,0.03267315402627,0.025227090343833,0.0080720642581582,0.020843874663115,0.03231243044138,-0.02050755918026,0.024116659536958,-0.040119089186192,0.0037843892350793,0.015507919713855,-0.02471118234098,-0.031816013157368,0.019992141053081,-0.016174273565412,0.023520397022367,0.0050996812060475,-0.020604122430086,-0.02576482668519,-0.0042792828753591,0.00026990022161044,0.00061661947984248,-0.04943423718214,0.025574691593647,0.045252431184053,-0.019685231149197,0.0016161656240001,-0.02258139103651,0.034916028380394,-0.011240935884416,-0.045187089592218,0.012355700135231,0.025552362203598,0.012666234746575,-0.0057671302929521,0.02518679574132,-0.026805818080902,0.031416673213243,-0.0011209490476176,0.023241464048624,0.011160625144839,0.010673251003027,-0.0062202997505665,0.017521297559142,0.040137462317944,-0.016770582646132,-0.0200000628829,-0.0016171105671674,-0.016077402979136,0.038236379623413,-0.025225695222616,0.0050370343960822,0.025945669040084,0.0086469454690814,0.0049910815432668,-0.04851707816124,-0.026035079732537,0.0070694647729397,-0.016725815832615,0.017505299299955,-0.048027329146862,-0.00020423444220796,0.017562001943588,-0.018565939739347,0.022503653541207,-0.017261661589146,0.033599551767111,0.018413338810205,0.0099254669621587,-0.00083069130778313,0.0026259764563292,-0.030216928571463,-0.010046672075987,-0.026000095531344,-0.0090457759797573,0.002441301709041,0.020112918689847,-0.0036722372751683,-0.043278846889734,-0.02511665597558,0.029627149924636,-0.018365543335676,0.000587702030316,0.012211055494845,0.012697049416602,-0.03147192299366,-0.01539617497474,-0.011138615198433,-0.033679228276014,-0.016945641487837,0.040460892021656,-0.0029081706888974,-0.00095164269441739,-0.024451950564981,0.023453027009964,0.029823280870914,0.023919723927975,-0.010406817309558,0.0041334005072713,-0.030659016221762,0.015943866223097,-0.00028166174888611,0.015356699004769,-0.033911652863026,0.0014369431883097,-0.0019523936789483,0.0073429550975561,0.001451424555853,-0.006191611289978,-0.0096392463892698,-0.006934282835573,-0.013986381702125,-0.036365009844303,0.03158913180232,0.013785190880299,0.0318140424788,-0.024644585326314,-0.027420330792665,-0.00089729798492044,0.045589599758387,0.019855592399836,-0.02884791046381,0.032866336405277,-0.0033181966282427,0.026092428714037,-0.01182315312326,0.0021448160987347,0.022255403921008,-0.014850152656436,-0.015770928934216,-0.014629042707384,-0.051846388727427,-0.027007324621081,-0.016881326213479,0.0030333299655467,-0.049138646572828,-0.0017536075320095,-0.031398609280586,-0.033325728029013,-0.024173237383366,0.012994145043194,-0.0035294082481414,0.029432896524668,-0.034778192639351,0.029031259939075,-0.019309427589178,-0.01076019834727,-0.010768734849989,-0.020953046157956,-0.0032758023589849,-0.0081861009821296,0.020398704335093,0.031343318521976,0.01494182087481,-0.0020011295564473,-0.01436591334641,-0.00075925840064883,-0.006427766289562,-0.0074244728311896,0.043529272079468,0.038662128150463,-0.042129281908274,0.014209417626262,0.03069874458015,-0.024537747725844,-0.062534794211388,-0.023549923673272,-0.0060182102024555,-0.002758375601843,-0.022899381816387,-0.00097303336951882,0.016890631988645,-0.0067559108138084,0.018331782892346,0.024950571358204,0.0035940622910857,0.029890296980739,0.027985224500299,0.012053637765348,-0.026211079210043,-0.0022686365991831,0.015277422964573,-0.052546299993992,-0.012252314016223,0.0046847015619278,0.005971624981612,-0.016292130574584,-0.014526578597724,-0.040962174534798,0.03554717823863,-0.020286133512855,0.001912537496537,0.03083666972816,-0.021437227725983,0.017245776951313,-0.022884143516421,-0.018609128892422,0.023729393258691,0.011393690481782,0.002158488612622,0.031481940299273,-0.037239883095026,0.013538653030992,-0.014641164802015,0.0048029916360974,0.034737389534712,0.010937923565507,-0.0020225828047842,0.040328368544579,-0.0024887716863304,-0.013720596209168,0.021127741783857,0.020280946046114,0.014358012005687,-0.027954706922174,0.028524970635772,0.0081880316138268,0.0067875259555876,0.0020660457666963,-0.024567775428295,-0.00212765741162,0.03640017285943,-0.018835075199604,-0.0045693796128035,-0.0045778662897646,-0.014379972591996,0.033972974866629,0.013427794910967,-0.0083654932677746,-0.013791861943901,-0.014149742200971,0.025443697348237,-0.017082553356886,0.0019895597361028,0.02006509155035,0.0095859002321959,-0.020838480442762,0.040158502757549,0.032460939139128,-0.010535100474954,-0.015448955819011,0.031796868890524,-0.039018329232931,0.019480019807816,-0.0054345866665244,0.0052192248404026,-0.037413850426674,0.016150958836079,-0.029374197125435,0.03676513582468,0.03310652077198,0.027774007990956,0.0272565651685,0.016133680939674,0.029736576601863,0.040036931633949,0.016670409590006,0.0027641030028462,-0.026651360094547,-0.042646668851376,-0.018729267641902,-0.021200301125646,0.039706945419312,-0.03433508053422,0.0013975922483951,0.039693508297205,0.0249047819525,0.03184212744236,0.022978553548455,-0.023056715726852,0.018423808738589,-0.0060298070311546,-0.030283089727163,-0.044997803866863,0.037990335375071,0.023524112999439,-0.0090193394571543,-0.016566211357713,-0.014397793449461,0.011413653381169,0.019142126664519,-0.0095701068639755,0.012853723950684,-0.027739129960537,0.014855955727398,0.0055459993891418,0.0061718043871224,0.029329553246498,0.022589132189751,0.0012015968095511,0.036786358803511,-0.021147249266505,0.00031302499701269,0.013875691220164,-0.015844063833356,0.028826905414462,0.00082602276233956,-0.026641219854355,-0.0046609858982265,0.011240384541452,0.00016922247596085,-0.011472575366497,-0.00095624371897429,-0.009220446459949,0.039975848048925,0.027486653998494,-0.0056551992893219,0.020605657249689,0.015836033970118,0.030049048364162,0.051161073148251,-0.00021562476467807,0.012484450824559,0.027045195922256,0.011231589131057,0.012521790340543,-0.033986251801252,0.010539319366217,-0.030824465677142,-0.012408250011504,0.019707173109055,0.030875785276294,-0.012107151560485,-0.0047344956547022,0.015521684661508,-0.029175395146012,-0.032738521695137,0.038736380636692,-0.035050239413977,-0.0068142805248499,-0.030136102810502,0.011427465826273,-0.018941376358271,-0.0028932993300259,-0.032584633678198,-0.023092161864042,-0.010390171781182,-0.042060010135174,-0.010281587019563,-0.016638655215502,0.017824523150921,-0.018363356590271,-0.021740252152085,-0.0034302836284041,-0.025798138231039,-0.012566262856126,-0.0020784211810678,-0.0080344220623374,-0.0098098795861006,0.0018401993438601,-0.022364785894752,-0.0004634392389562,0.021526819095016,-0.032511975616217,0.012109506875277,-0.026208627969027,-0.005268631502986,0.029200302436948,-0.0022307501640171,0.012246082536876,0.00045489720650949,-0.017773132771254,0.023041695356369,0.02484736777842,0.004813457839191,-0.0047592520713806,-0.0044883722439408,-0.010474340058863,-0.0074117882177234,0.027410224080086,-0.0075010666623712,0.027259800583124,0.0033024579752237,-0.0010366212809458,-0.0099717639386654,-0.013001136481762,-0.034196712076664,0.0034967323299497,0.0093734310939908,-0.030367279425263,0.016118003055453,0.031459864228964,-0.01029263343662,0.03772845864296,0.029297420755029,0.03612469509244,-0.02966427616775,-0.016446750611067,-0.00030364908161573,-0.0072563039138913,-0.0098658381029963,0.034418001770973,0.0077748922631145,0.023429116234183,0.019974395632744,-0.021693816408515,0.0033569082152098,-0.015970671549439,0.0032688672654331,0.026340182870626,-0.034496657550335,0.020384659990668,-0.026118941605091,-0.019482819363475,-0.0073311291635036,0.012626569718122,0.015098045580089,0.021739955991507,0.019330214709044,0.013369258493185,0.011685670353472,0.007521987427026,-0.0013701820280403,0.0062168696895242,0.025916820392013,-0.032566454261541,0.024272594600916,-0.026793655008078,-0.024669244885445,-0.018040962517262,-0.030374510213733,0.012393007986248,-0.0085426010191441,0.013074913062155,0.01287554576993,-0.016616566106677,0.012791145592928,-0.027426460757852,-0.012164882384241,-0.003749790135771,-0.0054267500527203,0.023599563166499,0.025315890088677,-0.030016219243407,-0.037578232586384,-0.0015826266026124,-0.018591079860926,0.02331062220037,0.0088050263002515,0.034470587968826,0.031991172581911,0.0145677709952,0.018306335434318,-0.026072157546878,-0.028559379279613,-0.016074383631349,-0.0022981481160969,0.035379007458687,0.025282034650445,-0.034738272428513,-0.0040590390563011,0.011078298091888,-0.015988742932677,0.024060426279902,0.0053654471412301,-0.0095793660730124,0.00029229646315798,0.035878926515579,-0.016994509845972,-0.017629116773605,0.035194326192141,0.025697652250528,-0.0086541622877121,-0.031866785138845,-0.022294482216239,0.0084670567885041,-0.019117921590805,-0.033306520432234,-5.4781298786111e-07,-0.016740296036005,-0.013146228156984,0.012262131087482,0.020554319024086,-0.0018665422685444,0.011632009409368,0.014220477081835,-0.015512310899794,-0.0021210820414126,-0.023450138047338,-0.028551889583468,-0.0018837477546185,-0.029841000214219,0.026493242010474,0.017288530245423,0.012670082971454,-0.022285874933004,-0.0033889501355588,-0.005010596010834,-0.031546656042337,-0.006697696633637,-0.041235316544771,-0.010844661854208,-0.031117176637053,0.0097193233668804,-0.037111297249794,0.01763984747231,-0.025889500975609,0.01421194896102,0.037821296602488,-0.023677727207541,0.034812487661839,-0.017182053998113,0.014306385070086,0.023769428953528,-0.0061352206394076,0.024853266775608,0.012219635769725,-0.0069423923268914,-0.0082493228837848,0.022590788081288,0.01569352298975,-0.028848938643932,-0.0041050603613257,-0.037061110138893,0.036410756409168,-0.025978403165936,-0.021377485245466,-0.0084503712132573,0.031981687992811,-0.0308469645679,0.02200385555625,-0.0025071396958083,-0.022732952609658,-0.029381876811385,-0.0066013867035508,-0.020128954201937,0.0042101670987904,0.0091853309422731,0.0022289787884802,-0.030875081196427,0.0087323393672705,0.01169415935874,-0.0080697173252702,0.0052486271597445,0.014356389641762,-0.0062701725400984,0.02548935636878,-0.013596744276583,-0.016771253198385,-0.024788785725832,0.005146003793925,0.017394736409187,-0.0062460182234645,-0.030183415859938,-0.013355682604015,0.032291807234287,0.028786925598979,-0.024277662858367,-0.01095447409898,0.01520355604589,0.027773875743151,-0.0098077459260821,0.015849232673645,0.035906322300434,-0.011369349434972,-0.029380610212684,0.026936694979668,0.022846780717373,-0.015027309767902,0.022259766235948,-0.011416639201343,0.013233288191259,0.027042558416724,-0.012606064788997,-0.015203647315502,-0.030625654384494,0.024083098396659,-0.026149557903409,0.014944233931601,0.0163066778332,-0.0057925162836909,-0.029499771073461,-0.026491831988096,0.0015161954797804,-0.016345744952559,-0.033690296113491,-0.0033891857601702,0.0026625611353666,-0.02949695661664,0.0029715793207288,-0.017986439168453,-0.022041196003556,0.022838156670332,-0.024442126974463,0.018643487244844,-0.026085047051311,-0.035077046602964,0.0029962970875204,-0.023356482386589,0.032233752310276,0.026959571987391,-0.0090764882043004,-0.023275725543499,-0.035692322999239,0.022088717669249,-0.032572012394667,-0.019796879962087,-0.018749296665192,-0.020395008847117,0.013189987279475,-0.0044934647157788,0.0084695061668754,-0.035941828042269,0.020109966397285,0.0011872835457325,0.011611209250987,0.019108964130282,0.040800131857395,0.019604464992881,-0.011721137911081,0.00016482378123328,0.0070562628097832,0.034672927111387,-0.005710213445127,-0.032167948782444,-0.0043887952342629,-0.029127271845937,-0.02179004624486,0.027572395280004,0.028255373239517,-0.03121536038816,-0.029217870905995,0.010619056411088,0.03632353618741,0.017061196267605,-0.032026778906584,-0.036313638091087,-0.034831639379263,0.0018032863736153,-0.0043240645900369,-0.013700135983527,-0.021339343860745,-0.023822410032153,-0.0097755147144198,0.0045167626813054,0.012554677203298,-0.02779371663928,0.024191621690989,-0.023972639814019,-0.00046890808152966,-0.013933833688498,0.012330740690231,0.0034015295095742,-0.033140931278467,-0.035193681716919,0.020560692995787,6.5426211222075e-05,0.031854052096605,-0.02164581976831,-0.027872735634446,0.014274843037128,0.033881567418575,0.019248742610216,0.019682167097926,0.041754830628633,-0.029346354305744,-0.0086145736277103,-0.010147836059332,0.015693932771683,-0.024044284597039,-0.025381501764059,-0.013411388732493,0.027863031253219,0.036296378821135,0.024406744167209,0.021281642839313,-0.011067346669734,0.032105579972267,-0.019341269508004,0.0041468385607004,-0.0039490200579166,0.0012486594496295,0.020115977153182,-0.020773926749825,-0.028538297861814,0.0075226249173284,0.023324033245444,-0.023942755535245,0.017309200018644,-0.0045830467715859,0.022691952064633,-0.00029352682759054,-0.0055926544591784,-0.037661343812943,0.021598096936941,-0.010703019797802,-0.031643591821194,0.0064112241379917,-0.026599947363138,-0.026359628885984,-0.021420784294605,-0.010491983965039,-0.0010841800831258,0.013692559674382,-0.023509716615081,-0.014295252971351,0.029023746028543,0.030942814424634,0.024619296193123,0.034176371991634,-0.013612202368677,-0.017658056691289,-0.028589399531484,-0.0031761203426868,0.0052658021450043,0.011015929281712,0.024227282032371,0.003542565042153,0.0034517494495958,0.0027922904118896,-0.001357352361083,-0.0031098623294383,-0.029471525922418,0.0099668577313423,0.019872738048434,0.015447849407792,-0.011971228756011,-0.0082835089415312,-0.011337804608047,0.016610423102975,0.0027700157370418,0.037609718739986,-0.02840606495738,-0.019102437421679,0.011901203542948,-0.024000002071261,0.024591034278274,-0.0014769766712561,-0.0056501156650484,0.031562052667141,0.017121089622378,0.027746897190809,0.011623035185039,-0.02722087316215,0.0060467724688351,0.0071884063072503,0.016812112182379,0.0017632879316807,0.017884397879243,-0.0079392017796636,-0.028833949938416,-0.025494251400232,0.002539335982874,0.026968469843268,-0.019706906750798,0.010740631259978,0.0059603503905237,-0.0012844084994867,-0.037861861288548,0.0084680821746588,-0.011759638786316,0.0092802764847875,0.022768627852201,0.00038589411997236,-0.017168078571558,0.033302471041679,-0.0002163351746276,0.024524101987481,-0.036884929984808,0.015243793837726,-0.011456223204732,0.019608344882727,0.009032741189003,0.0051479930989444,0.028635259717703,-0.027656001970172,0.025858860462904,-0.028606254607439,0.014474243856966,0.0085481349378824,-0.011709919199347,-0.034674048423767,0.037172175943851,-0.021654088050127,-0.033099841326475,0.021092854440212,0.018480509519577,-0.023022923618555,-0.0082272365689278,0.029157228767872,-0.030745634809136,-0.0015173823339865,-0.0057168086059391,0.0028485818766057,-0.0092358225956559,-0.029879538342357,0.01451919414103,-0.030940657481551,0.033109236508608,0.0049723153933883,-0.010035214945674,0.031740609556437,0.013359576463699,0.023596493527293,-0.02857943251729,0.032377511262894,-0.034512136131525,0.024367304518819,0.014414901845157,0.035324059426785,0.0060658697038889,0.015177134424448,0.021624812856317,-0.0014230577507988,-0.030668683350086,0.030594877898693,0.0073165358044207,-0.027975127100945,0.022179571911693,0.0020986222662032,-0.021082429215312,0.024879960343242,-0.02616916410625,-0.028135761618614,-0.014324883930385,0.028504366055131,0.032743599265814,0.018611518666148,0.023057676851749,0.0006880983710289,-0.031715754419565,-0.0027866861782968,0.021195745095611,0.033088862895966,-0.025150667876005,-0.0010003027273342,-0.025233943015337,0.0092724896967411,-0.02578042075038,0.00082794553600252,0.027685884386301,-0.028831228613853,-0.019037991762161,0.012517497874796,-0.024954959750175,-0.00082784675760195,-0.0027841040864587,-0.019308740273118,-0.002372975461185,0.034861098974943,-0.027784276753664,-0.047688528895378,-0.029169913381338,-0.016294166445732,6.9731700932607e-05,-0.01064517814666,0.03659712895751,-0.033578082919121,0.019589837640524,0.018502667546272,0.033932901918888,0.01507876906544,0.0036704638041556,-0.018737403675914,0.024740479886532,0.030211543664336,-0.011538745835423,0.036059278994799,0.0010953430319205,-0.03289257735014,-0.005717767868191,0.0038406299427152,0.02338146045804,0.019847348332405,-0.02556461840868,0.0098671829327941,0.029237320646644,-0.029728777706623,0.012203761376441,0.037362117320299,-0.036559700965881,-0.027109453454614,0.012130413204432,0.0030136308632791,-0.0025638970546424,-0.0018485134933144,0.012244392186403,-0.024435482919216,-0.012164696119726,-0.024863112717867,-0.030089467763901,0.033563062548637,-0.0038179792463779,-0.034746654331684,-0.026187971234322,0.020931279286742,0.014700386673212,0.022085830569267,0.03096622414887,-0.013456938788295,-0.034166764467955,-0.0043642637319863,0.039211459457874,0.034985560923815,-0.022065481171012,0.02893272228539,-0.00079961912706494,0.034918624907732,-0.024770323187113,-0.016851337626576,-0.040908250957727,-0.043392568826675,0.021163219586015,0.020537490025163,0.01100307982415,-0.0061854617670178,-0.017669135704637,0.012636911123991,0.022057592868805,-0.0084073888137937,0.0032670800574124,0.031364783644676,-0.015156193636358,-0.0059615145437419,-0.0046314797364175,0.026525365188718,0.0038117356598377,0.0082761393859982,0.020424718037248,0.022140357643366,-0.025947557762265,-0.033964347094297,0.0044822352938354,-0.015833223238587,0.023920686915517,-0.02461395971477,-0.030828984454274,-0.031751196831465,0.0091085191816092,0.037483740597963,-0.0073936078697443,0.045093238353729,0.0067063476890326,0.0082399882376194,0.029482733458281,-0.019827172160149,0.010201721452177,0.030540784820914,0.02941856533289,-0.027649067342281,-0.015908632427454,-0.0038696604315192,0.032943271100521,-0.015082587487996,0.012582765892148,0.026841253042221,0.013057437725365,0.026892689988017,0.033026777207851,0.003040230832994,0.026630951091647,0.040983658283949,-0.0095500741153955,0.012986896559596,-0.0013824230991304,0.0057098935358226,-0.010330888442695,0.020485658198595,0.0067412853240967,-0.023409392684698,-0.017001522704959,-0.020112477242947,-0.024581518024206,-0.032365560531616,-0.03582264855504,-0.038703836500645,-0.03653697296977,0.031264625489712,-0.008418376557529,0.0049193957820535,0.0068250363692641,-0.002716988325119,0.0068100029602647,-0.029752846807241,0.004546326585114,0.030293568968773,-0.03344489261508,-0.017615891993046,0.022536125034094,0.0043496447615325,0.037284813821316,0.010010718367994,-0.026502352207899,0.0096768271178007,0.036320053040981,0.02723079547286,-0.030583349987864,0.025490013882518,0.044436044991016,0.01187839359045,-0.039926275610924,-0.013548729941249,-0.006604001391679,-0.0041999281384051,0.016856865957379,-0.039458751678467,0.0026076375506818,-0.0007468942203559,-0.0022295087110251,-0.017523683607578,0.033967241644859,-0.01171444915235,-0.00074365816544741,0.022855333983898,-0.023056553676724,0.012407588772476,-0.014098442159593,-0.01960682682693,-0.0096717355772853,0.033285729587078,-0.034552175551653,0.023340601474047,-0.016817200928926,0.017096538096666,0.0013736336259171,-0.0047109699808061,0.017686281353235,-0.013707739301026,0.02538743801415,-0.034273400902748,-0.00081826112000272,0.017319383099675,-0.016902724280953,-0.0091950353235006,-0.015489342622459,-0.0047745779156685,0.0036817884538323,0.0020634522661567,-0.0099155642092228,-0.019745180383325,0.028278874233365,0.020174147561193,0.024997729808092,-0.026539854705334,0.025286650285125,-0.022864989936352,0.0062769427895546,-0.020630659535527,-0.0088089555501938,-0.03766056522727,0.033451959490776,-0.018589206039906,0.0064844149164855,-0.018453462049365,-0.02540066652,0.013272101059556,0.0099173691123724,0.033647831529379,-0.016414130106568,0.0097912522032857,-0.020676795393229,-0.011830587871373,0.02390468865633,-0.0028884110506624,0.01550149358809,0.037867039442062,-0.03558661043644,0.030395496636629,0.031748123466969,0.038745176047087,0.019487079232931,0.0068854126147926,-0.017889020964503,-0.0054853959009051,0.036012202501297,-0.018866285681725,0.035309933125973,0.012176465243101,-0.014179614372551,-0.0085971280932426,0.0069452095776796,0.001581471064128,0.029014384374022,-0.020757239311934,-0.0044238497503102,-0.011496199294925,0.00018761912360787,-0.020597258582711,0.031697988510132,-0.040021743625402,-0.039181519299746,0.046839315444231,0.0033629697281867,-0.0010858986061066,-0.012950573116541,-0.023604672402143,0.031468473374844,-0.036272212862968,0.0050002196803689,-0.040566004812717,0.0069066407158971,0.021801169961691,0.0015381262637675,0.0067288959398866,0.027186833322048,-0.016837082803249,-0.053926728665829,-0.0067827356979251,-0.031225273385644,0.013381764292717,0.014509657397866,-0.026885395869613,-0.0098779425024986,0.0068258745595813,0.024833993986249,-0.031630225479603,-0.028015138581395,0.012684243731201,0.015478010289371,-0.00037438419531099,0.0042162970639765,0.032041344791651,-0.025489645078778,0.016257448121905,0.010479113087058,0.019649147987366,-0.028587887063622,-0.037333607673645,0.044210962951183,0.033623993396759,-0.00024596694856882,0.023289619013667,-0.0049876305274665,-0.029179977253079,0.014760913327336,0.019483394920826,0.014528171159327,-0.0029945757705718,-0.0025530757848173,-0.016917813569307,-0.0049845245666802,0.010501507669687,-0.021598955616355,0.0031329309567809,-0.0080458065494895,0.0017852679593489,0.028497897088528,0.021311670541763,-0.020660288631916,0.010735541582108,0.035291038453579,-0.010793982073665,0.012398469261825,-0.021113883703947,-0.039923373609781,-0.030893541872501,-0.011338453739882,-0.0076312767341733,0.032314825803041,0.02891437523067,-0.022026369348168,0.011535786092281,0.029096001759171,0.0078326025977731,0.034012284129858,0.031835246831179,-4.7296809498221e-05,0.037226796150208,-0.019374990835786,0.015587300993502,-0.019109657034278,0.024716658517718,0.021525891497731,0.039702750742435,-0.013032484799623,-0.034213576465845,0.0065754130482674,0.019226737320423,0.030448546633124,-0.018487295135856,0.018929911777377,0.0088291876018047,0.022701043635607,-0.022245708853006,0.01584080979228,-0.029491638764739,0.02493255212903,-0.010164266452193,0.011245693080127,0.0077690118923783,-0.0065768035128713,-0.02664341032505,-0.0075671267695725,-0.0095105143263936,0.033751457929611,-0.012998859398067,-0.0088815130293369,-0.0010789801599458,0.03936181217432,-0.0029070859309286,0.031535539776087,-0.0023389453999698,-0.01725397258997,0.0020692287944257,0.039240557700396,0.0044491323642433,-0.0098447538912296,-0.019066542387009,-0.03769364207983,-0.012107589282095,-0.035025827586651,-0.021819740533829,0.030331078916788,0.018527377396822,-0.047034032642841,8.7351058027707e-05,-0.007953280583024,-0.0046691810712218,-0.0120545681566,-0.038210809230804,-0.041079990565777,-0.046532917767763,0.00039203150663525,-0.0084363296627998,-0.0019052341813222,-0.041561409831047,0.034892905503511,0.0087750088423491,0.015777293592691,-0.033647414296865,0.0096829868853092,0.0091001046821475,0.016530262306333,0.036392729729414,-0.0087099224328995,-0.025892181321979,-0.00052127952221781,0.034267019480467,0.0072772116400301,0.016118219122291,0.0088442582637072,0.036221727728844,0.028241913765669,-0.0033937394618988,-0.0082517713308334,-0.025932358577847,-0.027909882366657,0.052472304552794,0.017578741535544,-0.031448766589165,-0.024890368804336,-0.0074573261663318,0.021086979657412,0.025644952431321,0.016525957733393,-0.017769576981664,0.023952577263117,-0.0090856412425637,-0.026028461754322,-0.015305778943002,0.042017571628094,-0.026618342846632,-0.013478530570865,0.034804623574018,-0.032654508948326,0.021439710631967,0.019878420978785,0.0077438596636057,-0.051979929208755,-0.037397693842649,0.010086184367537,0.0071262991987169,-0.028315287083387,-0.047476284205914,-0.0040244772098958,0.018056869506836,0.030349945649505,-0.026785265654325,-0.023576220497489,0.011218645609915,0.011380925774574,-0.030623333528638,0.010369202122092,-0.028014726936817,-0.01663682423532,0.055848680436611,0.0067100212909281,-0.018156085163355,-0.015958018600941,0.022926518693566,-0.0072068101726472,-0.015131426043808,-0.0037971527781337,-0.0016192686744034,-0.0052700857631862,0.0026031718589365,-0.022419136017561,-0.049400005489588,-0.011254786513746,0.027883928269148,-0.015694538131356,-0.029121516272426,0.00020971010962967,0.033951748162508,-0.028088424354792,-0.036505568772554,-0.020675282925367,0.019860217347741,0.0016730233328417,-0.00080498569877818,0.014213480986655,0.00052468589274213,0.026174854487181,-0.043017078191042,0.020555583760142,-0.0028380947187543,0.011597513221204,-0.02708600834012,-0.01501218508929,-0.012460107915103,0.033099137246609,-0.016687041148543,0.029155064374208,-0.0025538909249008,0.0025250632315874,0.018941849470139,0.023546351119876,-0.0020396916661412,-0.006499582901597,0.020270245149732,0.0016047835815698,-0.013886910863221,-0.028209066018462,0.022286510095,0.0092624193057418,-0.028068503364921,-0.036246806383133,-0.019690692424774,0.0086361588910222,-0.036214295774698,0.077328085899353,-0.0039360709488392,0.032821703702211,0.033672865480185,0.0086167482659221,0.0066247615031898,0.015741277486086,-0.019588455557823,0.027728483080864,-0.035820294171572,-0.036065708845854,0.020401209592819,0.037889175117016,-0.040041759610176,-0.020964507013559,0.012515058740973,0.024443393573165,-0.041998296976089,0.0088141588494182,-0.031960494816303,-0.018583387136459,-0.041503127664328,-0.039440520107746,-0.0022853270638734,-0.008707313798368,-0.0015827633906156,-0.019300367683172,0.030152797698975,-0.023559043183923,0.010516290552914,0.036026787012815,0.015249318443239,0.012210065498948,0.02817946113646,0.037218131124973,0.034644853323698,0.012969435192645,-0.027481695637107,0.019825913012028,0.023709934204817,-0.0084061995148659,0.02480174601078,0.0080201560631394,0.040437161922455,0.010852966457605,0.031411871314049,0.001845481689088,0.0011278680758551,-0.015509179793298,0.0037728454917669,-0.030928246676922,-0.035256467759609,-0.019408082589507,-0.039878565818071,-0.011987222358584,0.040399186313152,-0.0055509577505291,0.0035148065071553,0.0025597636122257,0.016243798658252,-0.012358303181827,0.029424479231238,-0.032903652638197,-0.0041403560899198,-0.026112280786037,0.011473511345685,0.0069493087939918,0.02561628818512,0.037776868790388,-0.0066408361308277,-0.018793923780322,-0.024238789454103,0.008122212253511,0.052354950457811,0.0030701158102602,0.039050333201885,-0.041325882077217,-0.026251181960106,0.026110198348761,0.041934799402952,-0.031897965818644,0.0033300295472145,-0.010456238873303,-0.04331299290061,-0.0035082495305687,0.038677163422108,-0.017960218712687,-0.030777670443058,0.029217230156064,0.0046166572719812,0.0040311217308044,-0.013379376381636,-0.0061319451779127,0.003790873568505,0.01194032561034,-0.010919546708465,0.0057799629867077,0.0056939153000712,0.0055104047060013,0.031569007784128,0.014709036797285,0.020024413242936,0.036931067705154,-0.018228426575661,0.0049947299994528,0.0098370490595698,-0.025276543572545,-0.033100441098213,-0.016013858839869,-0.0034043551422656,0.0060541536659002,-0.012752454727888,-0.014065246097744,-0.0057509769685566,0.010075090453029,0.022748030722141,0.037930190563202,0.064190089702606,0.0024202994536608,0.0016795541159809,0.017665514722466,-0.033625610172749,-0.0065225381404161,-5.9540019719861e-05,-0.0089032016694546,0.028226120397449,-0.0060789436101913,0.022779395803809,0.027729550376534,0.021502560004592,-0.027825452387333,0.017379457131028,-0.021471025422215,0.044478945434093,-0.046046108007431,0.044108480215073,-0.037161264568567,0.010603170841932,0.043255906552076,-0.058541268110275,0.039843939244747,-0.035976469516754,0.01948775537312,-0.036276023834944,-0.047157399356365,-0.05447406694293,-0.019149651750922,0.019351225346327,-0.018087618052959,-0.00070356449577957,-0.043631855398417,-0.030797382816672,0.026335446164012,-0.0001524313702248,0.024668168276548,0.024286972358823,-0.014335073530674,0.025353079661727,-0.029630759730935,0.015408308245242,-0.020422670990229,0.0038830663543195,0.041641011834145,-0.012995579279959,-0.062179543077946,-0.012003392912447,0.018384424969554,0.033921755850315,0.025506913661957,-0.022115185856819,-0.01028021145612,-0.010155197232962,0.031328652054071,0.023581167683005,0.0062725855968893,-0.051312785595655,0.014749473892152,0.0073741362430155,0.023961341008544,0.021062318235636,0.0094840889796615,-0.0085573084652424,0.0074625611305237,-0.019835313782096,0.025704998522997,0.042345874011517,0.0077081830240786,-0.027757570147514,0.0028813786339015,0.024303622543812,-0.00073467881884426,0.024306230247021,-0.040995288640261,0.009733147919178,-0.060640912503004,0.025350220501423,-0.010310846380889,-0.050060220062733,0.0043607135303319,-0.032597247511148,0.040794465690851,-0.050118498504162,-0.015973404049873,-0.046014778316021,-0.011295451782644,-0.016364205628633,0.028994645923376,-9.038376447279e-05,-0.017976498231292,0.0046548093669116,-0.0041001467034221,0.0086248405277729,-0.0089995600283146,0.017540914937854,0.022731149569154,-0.024997442960739,-0.073884278535843,0.021279957145452,-0.014712538570166,0.023021465167403,0.02300950139761,0.0043246480636299,0.0020622154697776,-0.036058336496353,-0.028900424018502,-0.0026603506412357,0.019445721060038,0.00056534330360591,0.030536932870746,-0.029142800718546,0.0037020721938461,-0.036883980035782,0.0090754050761461,-0.0018837429815903,-0.021856155246496,-0.012912591919303,-0.023455893620849,0.0055354055948555,-0.01955327950418,0.047286808490753,-0.058129426091909,0.0061178868636489,-0.0038574275095016,0.046198654919863,-0.012015203945339,-0.02126975543797,-0.0048560393042862,-0.054792363196611,0.054593108594418,-0.016100125387311,0.029154732823372,-0.019218094646931,-0.024904895573854,0.0025922902859747,0.0078626312315464,0.0086342599242926,0.043190125375986,0.018632406368852,-0.034949623048306,0.033445131033659,0.021499363705516,0.043951205909252,0.025806086137891,-0.01824738830328,-0.018721466884017,0.002164822537452,0.012393057346344,0.001773749710992,0.019375381991267,-0.029715716838837,-0.005580666474998,-0.0063504525460303,-0.023411259055138,-0.036137625575066,-0.029877038672566,-0.041628487408161,-0.001745417714119,-0.062783651053905,0.028696786612272,0.0015483796596527,0.019111506640911,0.011238660663366,0.0072656515985727,0.024215074256063,0.00075049966108054,0.0099757816642523,0.032150965183973,-0.027726991102099,0.024435760453343,0.039726000279188,-0.019548861309886,0.0097702946513891,-0.016936367377639,0.029411753639579,-0.037750665098429,0.024000870063901,-0.0029863703530282,-0.04400347918272,-0.035902287811041,0.080475546419621,0.0051364013925195,0.0012860894203186,-0.088147148489952,0.0072883926331997,0.031415045261383,0.0078998329117894,-0.056437578052282,-0.052841510623693,-0.048614475876093,0.0182796549052,0.037585366517305,-0.0010115805780515,0.02306373976171,0.0073887584730983,-0.016347469761968,0.030586708337069,-0.0060515534132719,0.029625229537487,0.023903787136078,-0.04271912202239,0.013668457046151,-0.045583881437778,0.050394002348185,0.054415453225374,-0.050262276083231,0.040118101984262,0.0013369895750657,0.0076940041035414,0.020959401503205,-0.026333566755056,-0.032584633678198,-0.009945385158062,0.038118284195662,0.038118131458759,0.04818432033062,0.019953640177846,0.00073588249506429,-0.023584822192788,0.022226728498936,-0.017439993098378,0.018876440823078,0.030988868325949,0.058848697692156,-0.038918357342482,0.10254483669996,-0.010336992330849,0.018509646877646,-0.010905420407653,0.038449916988611,-0.012416137382388,-0.052508261054754,-0.010910527780652,0.004646681714803,0.070104569196701,0.031785372644663,-0.0022106014657766,0.0017952909693122,0.041664864867926,-0.022762846201658,-0.024702075868845,-0.044902503490448,0.0060030217282474,0.0099058002233505,0.023357229307294,-0.009738308377564,-0.0085742240771651,0.014302490279078,0.028864642605186,0.058674588799477,-0.018976509571075,-0.015527196228504,0.0026699113659561,-0.003600568510592,-0.013313841074705,-0.10748075693846,0.06851264834404,-0.020575392991304,0.043397650122643,0.03153794631362,0.064312800765038,0.01381469424814,0.0030366876162589,0.0047546746209264,0.027532013133168,0.0028981128707528,0.0079788016155362,0.029338011518121,0.0053887683898211,-0.031212147325277,0.025614211335778,0.036910247057676,-0.014193035662174,-0.0029419308993965,0.015546774491668,0.0035519637167454,-0.017809910699725,0.032012335956097,0.039212930947542,0.017502261325717,0.0070453779771924,0.0308021530509,-0.0015739623922855,-0.01852217130363,0.044942289590836,0.038689486682415,-0.021690411493182,-0.017995746806264,0.0065018683671951,0.046102523803711,0.084111131727695,0.0034944897051901,0.0043608928099275,-0.0038970808964223,-0.041330829262733,0.048051957041025,0.010924165137112,0.019780555739999,-0.032633744180202,-0.015453217551112,-0.019809106364846,0.026924654841423,-0.014629588462412,0.00017105785082094,0.042459789663553,-0.034809563308954,0.024690484628081,0.0031292121857405,-0.01062345225364,-0.026632519438863,-0.039755199104548,0.011272556148469,-0.027402369305491,-0.011606256477535,0.0066098757088184,-0.011670588515699,0.025434771552682,0.024160986766219,-0.029570104554296,-0.032812781631947,-0.0077534010633826,-0.063849121332169,-0.019966343417764,0.016990784555674,0.0053154369816184,-0.030607465654612,-0.0092352759093046,0.013701469637454,0.026688588783145,-0.047913156449795,0.026312908157706,0.029341416433454,-0.016844775527716,-0.032118871808052,0.009759122505784,-0.034057602286339,0.03797884657979,0.0059369043447077,-0.00060746097005904,0.03344839066267,-0.0079290689900517,0.0034682368859649,-0.0035283071920276,0.0085669299587607,0.086622305214405,0.010342463850975,-0.023750655353069,-0.049589022994041,-0.0017707162769511,-0.042676482349634,-0.058744337409735,0.010661198757589,0.007655899040401,-0.022989420220256,0.03859843686223,0.018300019204617,0.012375584803522,-0.02203119918704,0.0069359890185297,0.015858029946685,-0.065321423113346,0.0033173270057887,0.0001445932284696,0.017497137188911,-0.019412087276578,-0.018029645085335,-0.0076715345494449,-0.0014566980535164,0.032763350754976,-0.0069472040049732,0.017281798645854,-0.01591993868351,-0.043879874050617,-0.0038226831238717,-0.021866962313652,-0.02554995380342,0.0040628556162119,0.021115889772773,0.038581773638725,-0.012981138192117,0.0080699808895588,0.011413069441915,-0.036678619682789,0.024481665343046,-0.009351228363812,0.0055220960639417,0.00043327818275429,-0.01645147241652,-0.018461927771568,0.010987320914865,-0.0088279498741031,0.027668980881572,-0.014906976372004,-0.016284780576825,0.011353698559105,-0.029000801965594,0.0034946121741086,0.023498486727476,-0.0072167599573731,0.021596871316433,-0.030094476416707,-0.030861804261804,0.00022322639415506,0.024873187765479,-0.025147696956992,-0.02484879270196,-0.0035916964989156,0.01445968914777,-0.0035361226182431,0.017181614413857,0.013021751306951,0.021216509863734,0.023456880822778,-0.038953628391027,0.006547489669174,0.015905538573861,-0.03103613294661,0.027830021455884,0.038700129836798,-0.0086801471188664,-0.020225999876857,-0.033599447458982,0.032267183065414,-0.015093789435923,0.016545167192817,0.010594817809761,-0.029963653534651,-0.026288710534573,0.0028097070753574,-0.0015254634199664,0.017279589548707,-0.020379306748509,-0.012185300700366,-0.040716413408518,-0.015381762757897,-0.0045667211525142,0.034749999642372,-0.010193319059908,-0.017390931025147,0.02873120456934,-0.012978992424905,-0.017069559544325,-0.029449515044689,-0.0083983587101102,-0.010493215173483,-0.022691238671541,-0.033445302397013,-0.023520214483142,0.024934265762568,0.023255409672856,-0.03142898529768,-0.03111775405705,-0.0045235534198582,0.0071724276058376,0.010690262541175,-0.035320334136486,-0.026108987629414,0.032606136053801,-0.049029376357794,-0.027889525517821,0.016364371404052,0.012786566279829,-0.02882899902761,0.016094056889415,-0.026292389258742,-0.018788035959005,0.026926681399345,0.028499023988843,-0.020601322874427,0.019302658736706,-0.0038350492250174,0.022079860791564,0.015135582536459,0.031817849725485,-0.018444154411554,-0.023659622296691,-0.034492928534746,-0.012036524713039,0.035532109439373,-0.0051610665395856,0.022734191268682,-0.0041611944325268,-0.0058673219755292,0.01454303227365,-0.045246411114931,0.016926044598222,-0.00082212733104825,-0.029069658368826,-0.018692910671234,0.026411516591907,-0.017248595133424,-0.0085717309266329,0.0017790523124859,0.026284366846085,-0.0061376565136015,0.019456455484033,-0.041184335947037,-0.034544013440609,-0.023534491658211,0.031114675104618,-0.0013678469695151,-0.023045191541314,0.026561984792352,-0.0054356618784368,-0.037364419549704,-0.014656496234238,-0.022598553448915,-0.010291417129338,-0.025994995608926,-0.022643405944109,-0.014252171851695,-0.032425563782454,-0.026803627610207,-0.031845480203629,-0.017470194026828,0.022246843203902,-0.042851325124502,0.0080967787653208,-0.018981635570526,0.015015510842204,0.029865745455027,0.041906118392944,0.018287934362888,-0.01283907238394,0.012066408060491,0.033386170864105,0.034041486680508,0.023992832750082,-0.025942135602236,-0.022752052173018,0.0050001083873212,-0.024938490241766,0.02895300835371,0.008546793833375,0.023962404578924,0.012274135835469,0.0015361944679171,0.019187022000551,-0.021046843379736,-0.0051949000917375,0.013621732592583,0.035373389720917,0.0032986823935062,0.023691158741713,0.026834279298782,-0.0046675195917487,0.010690916329622,0.0087073016911745,-0.0023893620818853,-0.024678520858288,-0.039692167192698,-0.024803856387734,0.00026432814775035,0.014992462471128,-0.020583810284734,-0.0084422966465354,0.017241843044758,0.031995382159948,0.036861255764961,-0.029615914449096,-0.014161321334541,0.041403021663427,-0.046950176358223,-0.017852609977126,0.011342357844114,0.010366410948336,0.0017365765525028,0.0055297841317952,0.02147382684052,0.0039921547286212,-0.0051868273876607,0.010472276248038,0.0019072036957368,-0.014941127039492,0.0034798849374056,0.012879014015198,0.0034129209816456,-0.014786329120398,-0.043456260114908,-0.0052404692396522,0.028421960771084,-0.0014782120706514,-0.024760819971561,0.014001191593707,-0.0080706980079412,-0.010337637737393,-0.0089826351031661,0.0029050305020064,0.022098928689957,-0.010824694298208,-0.0028500782791525,0.0013167860452086,0.0097662890329957,0.015024709515274,-0.03860342875123,-0.012997454963624,0.013728746213019,0.036517202854156,0.0065044364891946,0.00027862389106303,0.00024253691663034,-0.015490373596549,-0.041196715086699,-0.022010756656528,-0.031660236418247,-0.0061427829787135,-0.039537973701954,0.027956511825323,-0.016372062265873,0.028673179447651,0.013139550574124,-0.013603035360575,-0.00071822782047093,0.0076045314781368,-0.0022902654018253,0.029101435095072,0.0072158630937338,-0.0086004324257374,0.0055919550359249,0.015998581424356,0.021288799121976,-0.012980722822249,-0.0038974802009761,0.028916981071234,0.04106417670846,0.034340731799603,0.010278943926096,-0.020088141784072,0.0022392990067601,0.016983672976494,-0.019981550052762,-0.017110398039222,-0.033490631729364,-0.01041844021529,0.014189942739904,0.019511081278324,-0.0053864023648202,-0.020299382507801,-0.033793833106756,0.0073162992484868,-0.0037403593305498,-0.030171561986208,0.0079101454466581,0.0022653781343251,0.012413673102856,0.031694356352091,0.019390098750591,-0.018500758334994,0.02234186604619,0.018012102693319,0.01243872474879,0.018365474417806,-0.00075271405512467,-0.024952676147223,0.0030517291743308,0.016654120758176,-0.033804383128881,0.024743087589741,-0.0039675487205386,0.010638304054737,-0.025433761999011,-0.029368724673986,0.029150919988751,-0.011287404224277,-0.032413728535175,-0.04359233751893,-0.035275563597679,0.015641275793314,-0.00079270574497059,0.019120359793305,-0.0053121414966881,-0.0063433940522373,-0.010776612907648,-0.0083028543740511,-0.014119124040008,-0.0091451639309525,0.024061543866992,0.024682931602001,-0.013103608973324,-0.020090948790312,-0.015243373811245,-0.027028318494558,0.029075568541884,0.022598575800657,-0.0068768286146224,-0.030381901189685,-0.021849729120731,0.0092731723561883,-0.025049289688468,-0.00082869012840092,-0.032049808651209,-0.024840133264661,-0.027346270158887,0.031033942475915,0.00142092758324,0.0066543258726597,-0.03856074437499,-0.034845996648073,-0.0014859124785289,0.024377861991525,-0.019815757870674,-0.029942965134978,-0.026631319895387,-0.032116029411554,-0.022884529083967,0.034509100019932,-0.035877402871847,-0.029217895120382,0.0023145300801843,0.0089006805792451,0.0071766353212297,0.019999044016004,0.033174593001604,-0.031091183423996,0.025294508785009,0.035529606044292,-0.013069651089609,-0.010636346414685,-0.022513380274177,0.022324159741402,-0.0083532063290477,0.036202549934387,-0.016210483387113,0.028128266334534,0.037194982171059,-0.0010866227094084,0.017224907875061,0.025213655084372,-0.027797454968095,0.029409524053335,-0.027403261512518,-0.029344856739044,0.031353995203972,0.027562234550714,0.019975960254669,-0.028883641585708,-0.028637463226914,0.018659709021449,0.030498992651701,0.016865992918611,0.017715118825436,0.034775741398335,0.030500894412398,-0.01564915291965,0.011935156770051,-0.0064924373291433,-0.0079045873135328,-0.026794772595167,-0.031163558363914,-0.0248982924968,-0.016963668167591,0.016317268833518,-0.015786631032825,0.021349223330617,0.012880588881671,0.034509185701609,-0.0029973750934005,0.025027211755514,0.042316190898418,0.032824531197548,0.02601701579988,0.028649989515543,-0.027025545015931,0.0092592686414719,-0.014894308522344,0.0041600968688726,-0.0043436214327812,-0.010195184499025,-0.056424353271723,0.0023681095335633,4.6290486352518e-05,0.033034600317478,-0.0039005337748677,-0.038959477096796,-0.010253029875457,0.011541863903403,-0.04340061917901,0.04988045617938,0.027682937681675,-0.0022359332069755,0.0079831425100565,0.010359901934862,0.046869266778231,-0.037390381097794,-0.026410518214107,-0.024766821414232,-0.024716651067138,0.010704197920859,-0.021457524970174,-0.022460838779807,-0.035732295364141,0.025614889338613,-0.032493200153112,-0.020938461646438,0.01219511590898,0.014777414500713,-0.03051669895649,0.015444929711521,0.015183557756245,0.015433358959854,0.025603840127587,-0.039901692420244,-0.022634288296103,-0.05415315926075,0.020395770668983,0.0030997332651168,-0.032323267310858,-0.023553872480989,-0.012400802224874,0.03482286632061,0.013874498195946,-0.030201619490981,-0.025760941207409,-0.0026606584433466,0.041284769773483,-0.023890839889646,0.0046785539016128,-0.065424218773842,0.03892582654953,0.0097291534766555,0.036454606801271,-0.047667156904936,-0.017863688990474,-0.017307415604591,0.041479390114546,-0.023438233882189,-0.026442419737577,0.045394383370876,-0.010630416683853,-0.013309867121279,-0.016849882900715,0.017977938055992,-0.024570118635893,-0.029412478208542,-0.033082757145166,-0.021875470876694,-0.031303942203522,0.025301950052381,0.046635985374451,-0.0056523284874856,0.03529204800725,0.012483015656471,0.023966256529093,-0.03479440510273,-0.031492814421654,0.018520515412092,-0.0098017081618309,-0.012470341287553,-0.0092970672994852,-0.018949363380671,0.0061770640313625,0.015250576660037,0.033036444336176,0.021703999489546,0.022144021466374,-0.01836060360074,-0.037360597401857,0.0028720106929541,-0.011377325281501,-0.0091015500947833,0.0053545972332358,0.028254007920623,-0.02468996681273,-0.012673468329012,-0.024553179740906,-0.054677333682775,0.0062606688588858,-0.027597360312939,0.025622086599469,-0.0079068262130022,-0.0033321476075798,-0.0038723689503968,0.018074315041304,-0.041923318058252,-0.0093094017356634,-0.026519194245338,0.010196751914918,0.030104642733932,0.021787436679006,0.024531863629818,-0.0032575528603047,-0.0034890933893621,-0.041295934468508,-0.0080720940604806,0.0036238944157958,0.0080841341987252,0.032750144600868,-0.016803052276373,0.021916287019849,-0.032486390322447,0.0039402982220054,0.0066933277994394,0.0041747614741325,-0.0023956189397722,-0.0049392390064895,0.037646163254976,-0.018966443836689,-0.0046345749869943,-0.013344602659345,-0.011099955998361,-0.013413995504379,-0.028916465118527,-0.024637999013066,0.043734572827816,0.028497982770205,0.0051673259586096,0.003382993163541,-0.033268932253122,-0.045122358947992,-0.0021448410116136,0.0053583546541631,-0.0054371971637011,0.023949110880494,0.0016929012490436,-0.011116689071059,0.020123265683651,-0.0041720233857632,-0.015059620141983,0.022703425958753,0.030859235674143,0.030981384217739,-0.023178301751614,-0.0015272387536243,-0.023440174758434,0.010549632832408,-0.018486952409148,-0.006807095836848,-0.00081957725342363,-0.021577609702945,0.024362010881305,0.012739938683808,-0.00042292923899367,0.0088215284049511,-0.0097898608073592,0.0028247667942196,0.0073860767297447,0.0036855556536466,-0.023499628528953,-0.0075529455207288,0.0066697602160275,-0.032583948224783,0.010470326058567,0.025260981172323,-0.024460079148412,-0.0074314549565315,-0.019622460007668,0.035757780075073,-0.049021933227777,-0.027139976620674,0.012335331179202,-0.050976634025574,-0.017288642004132,-0.00081843027146533,-0.01823515444994,0.019100850448012,-0.0070851454511285,0.028733100742102,-0.0067082238383591,0.010170940309763,-0.009651736356318,-0.021632121875882,0.022526917979121,-0.0034365213941783,-0.013635462149978,0.0033444750588387,0.012212427332997,0.0097099859267473,0.0076462314464152,0.012924963608384,0.012663182802498,0.0035284855403006,-0.027447706088424,-0.029577864333987,0.0081762215122581,-0.014457512646914,0.04069709032774,0.020831836387515,0.053604021668434,-0.032607402652502,0.026542389765382,-0.051714956760406,0.045342396944761,0.0094156162813306,0.038275003433228,0.0070741944946349,-0.026400253176689,-0.038319021463394,0.0083487369120121,-0.031074859201908,-0.031984996050596,0.044036358594894,0.029306072741747,0.04413004592061,-0.012507185339928,-0.017222290858626,-0.0043187169358134,-0.055332649499178,-0.039819851517677,0.011216192506254,-0.0060882288962603,-0.043097537010908,0.013795357197523,-0.034515205770731,0.021113025024533,0.038981169462204,-0.014815001748502,-0.01765395514667,0.0077100456692278,0.011917445808649,-0.019817439839244,-0.0011981335701421,-0.014897960238159,-0.025022454559803,0.045642670243979,-0.021477226167917,0.013430804014206,-0.011682382784784,-0.0097775766626,-0.022132251411676,0.016732724383473,0.022760473191738,-0.0057601341977715,-0.029983900487423,-0.0091530494391918,0.024522079154849,0.028657330200076,0.02736440859735,-0.013804184272885,-0.035626284778118,-0.033334344625473,-0.021914413198829,-0.0029665809124708,0.0005682734772563,-0.0065953060984612,-0.019863313063979,-0.0007229262846522,-0.036604143679142,0.03397074341774,0.0031803746242076,-0.034931257367134,-0.019197346642613,-0.0068140411749482,-0.028352152556181,0.041236825287342,-0.0086938478052616,-0.0044497749768198,-0.027485845610499,0.015516837127507,0.0039408495649695,0.00059032835997641,0.0042858044616878,-0.012173687107861,-0.0020332620479167,0.025073438882828,0.0075786923989654,-0.042327702045441,-0.049344886094332,-0.02874731272459,-0.028133880347013,0.041448514908552,-0.017631897702813,0.0080869421362877,0.025119571015239,0.022417359054089,-0.0025900702457875,-0.0016304306918755,0.015229577198625,0.02143482491374,-0.039563227444887,-0.00089700048556551,-0.021491942927241,0.020666386932135,0.053104124963284,0.020663367584348,0.024592531844974,0.0039599244482815,0.01023899577558,-0.0076495441608131,-0.02154185064137,0.017267219722271,0.041149824857712,0.014692779630423,0.023886473849416,-0.0055569722317159,-0.015493998304009,0.01444617472589,-0.0031546184327453,0.014088387601078,-0.030498052015901,0.024010712280869,-0.012724271975458,0.030958911404014,-0.0284842569381,-0.011160662397742,0.012036332860589,0.048056945204735,-0.0051746536046267,-0.020221058279276,0.031672120094299,-0.022178124636412,0.032696191221476,-0.0051202336326241,-0.0054720998741686,0.040014673024416,0.0168561860919,0.026841415092349,-0.02609065361321,-0.023312447592616,0.0065990011207759,-0.015419143252075,0.030212137848139,-0.012148049660027,-0.026644242927432,0.027073154225945,0.0074979197233915,0.014843437820673,-0.015661519020796,-0.021203091368079,-0.020720437169075,-0.014058252796531,0.0028826717752963,-0.034537058323622,-0.0068936934694648,0.013941074721515,0.0058136326260865,-0.0055626961402595,-0.033822122961283,-0.033037047833204,-0.029242035001516,0.024575712159276,-0.012034649960697,-0.00097225455101579,0.0011364886304364,-0.032952677458525,0.0030346822459251,0.025621520355344,-0.032222561538219,0.0084755681455135,0.001042274874635,0.030341792851686,0.02949532866478,0.0039766361005604,0.0073096393607557,0.0037599324714392,-0.019269911572337,-0.036334723234177,0.04301031306386,-0.037345100194216,-0.017657101154327,0.029919344931841,0.020453063771129,0.011145423166454,-0.03624614700675,0.018144011497498,-0.034851100295782,0.0083393976092339,0.023589758202434,-0.0043170661665499,-0.029998276382685,0.012956994585693,-0.028760584071279,0.023385832086205,0.011386606842279,-0.031849198043346,0.036888517439365,0.0089670522138476,0.029272094368935,0.023821519687772,0.025215622037649,0.0058309901505709,-0.012097828090191,-0.028933886438608,-0.013134080916643,0.0032791895791888,0.019794451072812,-0.031916100531816,0.013174041174352,-0.0040925461798906,0.003911629319191,0.018868464976549,-0.011583310551941,-0.025519354268909,-0.01156004704535,-0.0044773668050766,-0.014620065689087,-0.0082441186532378,-0.010414334945381,-0.033991999924183,0.025790683925152,0.03254085034132,-0.001191342365928,-0.0021104090847075,-0.011768355965614,0.033988147974014,-0.016082948073745,0.033896241337061,-0.025476319715381,-0.025990324094892,0.035420324653387,-0.017559304833412,-0.032738052308559,0.00252406578511,-0.03482735902071,0.019316241145134,0.010962467640638,0.0070515708066523,0.00013160599337425,-0.016441041603684,0.014267115853727,0.015126066282392,-0.022715926170349,0.018320120871067,-0.040326312184334,-0.026123723015189,0.021490637212992,-0.0047409269027412,0.012196632102132,-0.00077415187843144,0.01233958080411,-0.019160965457559,-0.0096344025805593,0.018416257575154,-0.019764471799135,0.017548646777868,0.0032126039732248,-0.019281873479486,0.023940628394485,-0.0065714102238417,-0.00070921232691035,-0.0087365861982107,-0.024425819516182,-0.0087310969829559,0.017285665497184,0.035293381661177,-0.03284739330411,-0.03540114313364,-0.0021089802030474,-0.013920801691711,-0.028139317408204,0.013974941335618,-0.026081290096045,-0.016918830573559,-0.010086268186569,-0.033503122627735,0.0072851702570915,0.0039493497461081,0.015297125093639,-0.022140150889754,0.02012025564909,0.028787665069103,-0.022882658988237,-0.00017036628560163,-0.036660544574261,-0.02339425124228,-0.013887533918023,0.0031133266165853,-0.0281080622226,-0.0099360952153802,0.0039040197152644,0.011127987876534,-0.036345187574625,-0.025375105440617,0.0073467157781124,-0.021013682708144,0.019067795947194,0.023396592587233,0.012431587092578,-0.01622786000371,-0.016200697049499,-0.028004083782434,0.01154418848455,-0.0021692889276892,0.0035911572631449,-0.030927026644349,-0.027179526165128,-0.029397560283542,0.020329918712378,-0.008390424773097,-0.0095304222777486,0.022023234516382,0.0092726871371269,-0.024970272555947,-0.030552925541997,0.014733022078872,-0.020596308633685,0.015224039554596,0.010056011378765,0.037787724286318,-0.010941924527287,0.020015934482217,0.015715362504125,0.035974554717541,0.011871836148202,0.032013311982155,0.032570149749517,0.022992143407464,0.019498016685247,0.030394313856959,0.0049203047528863,0.025257719680667,0.0061458279378712,0.014264028519392,0.0035856501199305,-0.0033859731629491,0.014169914647937,-0.0088827554136515,-0.023279605433345,-0.022486682981253,-0.015677209943533,0.025003403425217,-0.0027477303519845,0.015668958425522,-0.023062024265528,-0.0024898403789848,0.01480458676815,-0.014515859074891,0.028683830052614,-0.03282268345356,-0.00096135115018114,0.0087144505232573,-0.0038842516951263,-0.0067549739032984,-0.025866005569696,-0.015358151867986,0.038270864635706,-0.0084597896784544,-0.0027258368209004,-0.0025113525334746,0.019827207550406,-0.032404247671366,-0.0063382368534803,0.021319173276424,0.011310794390738,-0.0097853187471628,-0.035485278815031,0.026422709226608,-0.013827758841217,-0.028087109327316,0.024936068803072,0.011401838622987,0.032450567930937,0.027063669636846,0.019279466941953,-0.022313147783279,-0.032900091260672,0.019615843892097,0.018366597592831,0.0030692538712174,-0.022803155705333,-0.014375527389348,-0.0069945175200701,-0.0033515368122607,0.015401707962155,-0.035388667136431,-0.031829923391342,-0.016202107071877,0.0026392231229693,0.012638502754271,-0.018998911604285,-0.0057767760008574,-4.2207528167637e-05,0.0078219249844551,0.018913624808192,0.016068348661065,-0.02597988396883,-0.035659801214933,0.018955636769533,0.021558102220297,0.035499151796103,-0.03557875752449,0.0010173411574215,0.019419008865952,0.033789869397879,0.019102407619357,-0.0023200013674796,-0.0044753686524928,-0.017859714105725,-0.020024346187711,-0.033716324716806,-0.024859927594662,0.022087005898356,0.0077661406248808,-0.014612590894103,-0.0081890840083361,0.019832419231534,-0.010170409455895,-0.043908771127462,-0.010509760119021,0.0070119784213603,-0.019068710505962,0.0098267234861851,-0.0149877788499,-0.0085031604394317,-0.03280633315444,0.017870901152492,0.0060727638192475,-0.0086263790726662,-0.0040180562064052,0.0033794706687331,0.03446051850915,-0.010808862745762,0.024321965873241,0.029230285435915,-0.0081431502476335,0.025656536221504,-0.017346123233438,-0.012752186506987,0.0009711014572531,0.0150828640908,0.0064269630238414,0.0062305559404194,0.0005962893483229,-0.0029953874181956,-0.016258677467704,0.018250679597259,-0.031365379691124,0.015484618023038,0.032719843089581,-0.003534771502018,-0.023190140724182,0.033122599124908,-0.0086552808061242,-0.012842451222241,0.029894480481744,-0.029072374105453,-0.012426885776222,-0.0041547999717295,-0.0088967904448509,-0.027372654527426,0.016660990193486,-0.009824245236814,-0.025211440399289,0.009160965681076,0.017172396183014,-0.039709318429232,0.025139736011624,0.0057091815397143,-0.031335718929768,-0.031173788011074,-0.009271995164454,0.020288709551096,-0.021967092528939,-0.018410876393318,0.030535947531462,0.025511713698506,0.023145824670792,-0.034737721085548,0.032464198768139,-0.011840547434986,-0.034142822027206,0.01717989332974,0.036016922444105,0.0067250244319439,-0.002488404745236,-0.030490512028337,-0.020779745653272,-0.016208712011576,0.0052591329440475,-0.035828441381454,-0.037385135889053,0.012985849753022,-0.031188864260912,0.011857250705361,-0.035299047827721,-0.0045507284812629,0.035570185631514,-0.01371721085161,-0.027021329849958,-0.011269037611783,0.0061331726610661,-0.0047376896254718,-0.025950560346246,0.016775196418166,-0.00088096200488508,-0.022779600694776,0.0209631472826,0.029553439468145,0.030456209555268,0.033549349755049,-0.020789314061403,0.030821738764644,-0.035440139472485,-0.0085577135905623,-0.026484794914722,-0.036424145102501,-0.023246670141816,0.0087639987468719,0.025127645581961,-0.012162425555289,0.0049493843689561,0.038232140243053,-0.021938936784863,-0.0089228302240372,0.024407315999269,-0.022185236215591,0.022379430010915,-0.019811755046248,0.0077597945928574,0.017169732600451,-0.036183446645737,0.0023360217455775,-0.026212852448225,0.01341471914202,0.029825968667865,-0.022638162598014,-0.021062048152089,-0.034076604992151,-0.00083931622793898,-0.027341080829501,0.023873714730144,-0.023836448788643,0.031208408996463,0.0076327179558575,-0.026409443467855,0.032963264733553,0.0085680279880762,0.029252715408802,0.030472673475742,-0.020489912480116,0.015932373702526,0.01082522328943,-0.010808244347572,-0.017842974513769,0.013263584114611,0.0013037534663454,0.0052487174980342,-0.014452860690653,0.0070008169859648,0.0080119548365474,-0.0035814507864416,-0.024920744821429,-0.032116521149874,-0.030234472826123,-0.0098526505753398,0.031007857993245,0.0071843075565994,0.0092463083565235,-0.031850509345531,0.034173041582108,-0.032530091702938,0.017780235037208,-0.0067762872204185,0.0037223864346743,-0.005443163216114,-0.00025608108262531,0.028448708355427,-0.022333886474371,0.010112625546753,0.010135711170733,0.025806384161115,-0.016441935673356,-0.0021260189823806,0.0080311875790358,-0.0095040705054998,-0.0021098735742271,-0.024678487330675,-0.018100176006556,-0.028205167502165,-0.039059400558472,0.022633738815784,-0.0020904433913529,0.027143521234393,0.011568736284971,0.042087148874998,-0.028332473710179,-0.014733394607902,-0.00091075093951076,-0.021232672035694,0.001164588611573,-0.0099636893719435,-0.033956658095121,-0.010426097549498,0.02430721744895,-0.005770587362349,-0.0060978657566011,0.016972122713923,0.036130964756012,0.014323635958135,-0.01876756362617,0.024985266849399,-0.023428810760379,0.02276549115777,0.014272428117692,-0.013737286441028,-0.014374498277903,-0.013013019226491,-0.0041627152822912,-0.0090942839160562,0.037122592329979,-0.017442274838686,0.028437506407499,0.0011790900025517,0.034924767911434,0.026735043153167,0.00087314529810101,0.015631118789315,-0.018197862431407,0.025725001469254,0.029038980603218,-0.039131160825491,-0.026402913033962,0.040965367108583,-0.00027273464365862,0.0022890281397849,-0.015686137601733,0.040351014584303,0.019844017922878,-0.0085501950234175,0.011494996026158,-0.019065029919147,-0.029321620240808,0.02932788617909,-0.0023086813744158,-0.014607988297939,0.0084325391799212,-0.013319469057024,-0.033082868903875,-0.016544088721275,-0.027374323457479,-0.01643967628479,-0.027712516486645,-0.028687821701169,0.0096896132454276,-0.033998548984528,0.02463811263442,-0.021881869062781,0.028580091893673,0.025380041450262,-0.0032426570542157,-0.0091154500842094,-0.024482559412718,-0.033508282154799,0.011860358528793,-0.022761456668377,-0.015020033344626,0.0014633669052273,-0.022805150598288,-0.017884386703372,-0.036076724529266,0.019135603681207,0.010898339562118,0.026656180620193,-0.042887091636658,-0.00037233249167912,-0.020769752562046,0.0015188575489447,0.012927326373756,0.010569617152214,-0.025314284488559,-0.017226776108146,-0.02451229095459,0.02701261267066,-0.030390465632081,-0.0046586859971285,0.012885186821222,-0.001821972313337,0.020032161846757,0.017415503039956,0.015173329040408,0.03921814635396,-0.037658054381609,-0.021505584940314,0.026876788586378,0.023164706304669,-0.024724638089538,0.015543473884463,-0.025681864470243,0.02300052344799,-0.015877617523074,-0.039328400045633,0.031316746026278,0.015661573037505,0.034997031092644,0.013961442746222,-0.02492456138134,-0.0093886973336339,-0.015497570857406,0.022488672286272,-0.0069317095912993,-0.021383510902524,-0.015240967273712,-0.035094615072012,0.0072947479784489,-0.0075026694685221,-0.043207105249166,0.024372082203627,0.03705669939518,0.0087550394237041,-0.005566889885813,0.029570201411843,0.04057502001524,-0.021065713837743,0.016051337122917,0.003981473390013,-0.01337365899235,-0.016450824216008,-0.031379360705614,-0.0097224302589893,0.051252350211143,-0.0017791779246181,-0.019174413755536,-0.029564213007689,-0.021082874387503,0.02087184228003,-0.011374309659004,-0.012296088971198,-0.041748065501451,0.022883292287588,0.032907608896494,0.012559401802719,-0.024911381304264,0.0088299382477999,-0.023632062599063,-0.0165483225137,-0.033584736287594,-0.021116115152836,0.039406415075064,-0.039552688598633,0.03401230275631,0.032170422375202,-0.0091494508087635,0.0013507495168597,0.023641847074032,-0.0068016247823834,0.027764277532697,0.00019537955813576,0.032044280320406,-0.015860922634602,-0.016491005197167,-0.014054793864489,-0.024474661797285,0.028840504586697,0.00013562338426709,0.015597944147885,-0.0070166629739106,-0.010949725285172,-0.022256534546614,0.016968041658401,0.0052614361047745,0.025487629696727,-0.015683453530073,0.00088147463975474,-0.027179587632418,0.018022503703833,0.00024682938237675,0.0055736918002367,0.019109720364213,0.034938354045153,0.02498104609549,0.033114228397608,0.0025743111036718,0.014479018747807,-0.0070623415522277,-0.017476489767432,0.019645689055324,0.031897976994514,-0.037005372345448,-0.011920277960598,0.025279905647039,-0.02523853816092,0.035706605762243,-0.005997849162668,0.032843019813299,0.039335753768682,-0.0014714858261868,-0.014057585038245,-0.013027045875788,-0.0013375895796344,0.014268576167524,0.0095051545649767,0.00093739590374753,-0.00077358377166092,0.0090514086186886,0.0016481427010149,-0.017439736053348,-0.0038618494290859,0.025382800027728,-0.026670316234231,-0.041771285235882,0.008878655731678,0.017944280058146,-0.01527254935354,0.029843645170331,0.03301765024662,-0.0075066052377224,0.01112656109035,-0.021697621792555,0.04675779491663,0.031282249838114,0.0019389536464587,0.022239232435822,0.010230456478894,-0.018402155488729,0.035943627357483,-0.0064584026113153,0.029179647564888,0.015628049150109,-0.00074390618829057,-0.005592655390501,-0.030943213030696,-0.035144917666912,0.014820393174887,0.010169118642807,0.0018601664341986,-0.0015854886732996,0.031055223196745,-0.016399677842855,-0.032991264015436,-0.014199461787939,-0.027318147942424,0.019400143995881,-0.0068947565741837,0.012995714321733,0.014537322334945,-0.023241050541401,-0.016531219705939,-0.018037144094706,0.026718180626631,-0.037092410027981,-0.0092859445139766,-0.015055658295751,0.012584758922458,0.016780966892838,-0.028549509122968,0.00060222839238122,-0.0035010629799217,-0.012793326750398,-0.019694035872817,-0.034354113042355,-0.025693044066429,0.035208161920309,0.023813370615244,-0.023573666810989,-0.01618891954422,-0.046034462749958,0.033488910645247,-0.041269153356552,-0.0090871686115861,-0.0011194624239579,-0.016761004924774,-0.021511116996408,-0.034890826791525,-0.013545750640333,0.0042187590152025,-0.052777115255594,0.022010894492269,0.0091001195833087,-0.025996625423431,-0.018045280128717,0.020247822627425,-0.027632296085358,0.0058423047885299,-0.0026031357701868,0.021590080112219,0.016987316310406,0.0081740049645305,0.0041961940005422,0.031109526753426,0.037064108997583,-0.011754231527448,-0.023720491677523,0.029971262440085,-0.014127004891634,0.025393782183528,0.0082841701805592,0.0095181884244084,-0.036362167447805,0.014322804287076,-0.014006545767188,0.010197516530752,0.021152541041374,-0.01438798289746,-0.00012201570643811,-0.026694564148784,-0.02307734452188,0.032207977026701,-0.016307651996613,-0.022674126550555,0.016167895868421,-0.010437628254294,0.021533647552133,-0.043654773384333,-0.041725110262632,-0.033781006932259,0.042190175503492,0.041499800980091,0.013847472146153,0.0076654572039843,0.0083139836788177,0.041395250707865,-0.024905411526561,0.0095377303659916,0.03827054053545,0.013641273602843,0.03640803694725,-0.019235970452428,0.025373173877597,0.022327030077577,0.032396849244833,-0.018817322328687,0.0014419938670471,-0.0059584104456007,-0.00076762452954426,0.0012700934894383,-0.020038833841681,0.024713695049286,0.060365792363882,0.013783622533083,-0.0069358916953206,0.0083593213930726,0.0026648030616343,0.019694862887263,0.032127719372511,-0.032520093023777,0.018790328875184,-0.005209025926888,0.022311894223094,0.033576380461454,-0.025683969259262,9.2006725026295e-05,-0.019963059574366,-0.0032897028140724,0.035049453377724,0.0026867422275245,-0.03118204139173,-0.028652887791395,-0.0077827055938542,0.0012752971379086,0.020460236817598,-0.019844722002745,-0.010736641474068,0.054493486881256,-0.0037037737201899,0.039902646094561,0.0050509204156697,-0.041744448244572,0.011932531371713,0.031123723834753,-0.0099496152251959,-0.037436224520206,-0.0083164591342211,0.034409560263157,-0.032455414533615,0.017891442403197,-0.0094663258641958,-0.040717519819736,0.027962582185864,0.033070791512728,-0.022349491715431,0.013804044574499,-0.019845370203257,-0.034275364130735,-0.0028304031584412,0.035448215901852,-0.028313610702753,-0.0012942265020683,-0.046601168811321,0.02709149941802,0.034686081111431,0.035140823572874,-0.0048890523612499,-0.019791133701801,-0.010979546234012,0.007164859212935,0.0039664432406425,-0.015683274716139,0.0018685186514631,-0.0036567125935107,-0.036992233246565,-0.02685004286468,-0.063055105507374,0.0041297390125692,0.043414734303951,-0.021605987101793,0.0015095684211701,-0.019080799072981,0.0066350204870105,-0.045100059360266,0.0098170954734087,-0.017046587541699,-0.0092853643000126,0.014896959066391,-0.0014831569278613,0.035767756402493,0.018775248900056,0.0056004789657891,0.0043114577420056,-0.0046480135060847,0.010587594471872,-0.01527485717088,-0.016191059723496,-0.034850563853979,-0.013271308504045,0.013628868386149,0.01545618660748,0.022315232083201,0.057961795479059,0.073503188788891,0.0060686888173223,0.0072554610669613,0.017402667552233,0.06012075766921,0.012523187324405,0.0069707208313048,-0.027988849207759,0.027832733467221,-0.0010701303835958,0.0050588059239089,0.01474988181144,0.0099459858611226,0.022833529859781,-0.017167691141367,-0.0061462614685297,0.016189862042665,0.010374080389738,-0.027368236333132,-0.029076656326652,-0.00096221163403243,0.045800596475601,0.017061183229089,-0.018995352089405,-0.018484275788069,-0.034050419926643,0.013754405081272,-0.0078231878578663,-0.0053040282800794,0.00465316651389,-0.0063430704176426,0.038331720978022,0.036716442555189,-0.017708582803607,0.0085248546674848,-0.02756012044847,-0.019236225634813,0.015342281199992,0.0183529201895,0.018117789179087,0.0048666796647012,0.050265744328499,-0.007789945229888,-0.031148871406913,-0.024622365832329,-0.0241455771029,0.042454905807972,-0.020369634032249,-0.019240166991949,0.02102242410183,0.008962469175458,-0.025285748764873,0.035683296620846,0.011985091492534,0.016331003978848,-0.0099599286913872,0.032004524022341,-0.006347531452775,-0.0054246517829597,-0.066277422010899,0.0093815792351961,0.039524987339973,-0.011232242919505,-0.017950451001525,0.044101864099503,-0.014540555886924,-0.0041313776746392,-0.011973080225289,0.00092215737095103,0.0044642528519034,0.0338124781847,0.029317412525415,-0.034276016056538,-6.7764180130325e-05,-0.02377630956471,-0.036835223436356,0.034705866128206,0.0076761795207858,0.015846377238631,0.023456253111362,0.0070688375271857,0.0079188803210855,-0.016810528934002,-0.022513143718243,0.0095244208350778,0.028917087242007,0.011493446305394,-0.027560126036406,0.041022699326277,0.016648281365633,-0.035341020673513,0.017506677657366,0.011196460574865,-0.0089841913431883,0.038109507411718,0.037953827530146,0.021989371627569,-0.020216891542077,0.016862045973539,0.0043792985379696,0.037824034690857,2.2226158762351e-05,-0.02188422717154,-0.046386353671551,-0.0026605997700244,-0.0027718669734895,-0.028193946927786,0.029669392853975,0.02925543114543,0.02991153858602,-0.025266958400607,0.016627784818411,-0.019881747663021,-0.021592680364847,0.031057771295309,0.029053626582026,-0.0040925112552941,0.024808663874865,-0.033404588699341,-0.029258530586958,-0.041074343025684,0.0058285184204578,-0.036400437355042,-0.018335090950131,-0.032531023025513,-0.016492025926709,0.01655337959528,-0.033594463020563,-0.013283729553223,0.026181813329458,0.0050446288660169,-0.0062378011643887,0.048241063952446,-0.020844204351306,-0.015244725160301,5.4675052524544e-05,-0.018517676740885,-0.018452603369951,0.069426499307156,0.019867500290275,0.033816203474998,-0.025354076176882,-0.023515254259109,0.016928978264332,-0.01401175186038,0.01567630469799,0.011231393553317,0.030292235314846,-0.0017120767151937,-0.032226230949163,0.01553410384804,-0.016405450180173,-0.042714044451714,0.030839553102851,0.015027767047286,0.030781019479036,-0.0063602146692574,0.0088362665846944,0.02446343190968,-0.00035801911144517,0.041017334908247,-0.0022373767569661,0.026739934459329,0.012842386029661,-0.012212405912578,0.01531823631376,0.006601098459214,-0.015984421595931,-0.02460228279233,-0.0026149160694331,0.0023078999947757,-0.032640777528286,0.00033023691503331,0.042016364634037,-0.0059316190890968,0.041764996945858,0.0017105004517362,0.00023966422304511,0.033716168254614,0.015582388266921,-0.017393574118614,0.033329792320728,0.034249536693096,0.032583154737949,-0.018383398652077,0.0069341016933322,-0.025951286777854,0.029123263433576,0.018422542139888,0.025839662179351,0.029424572363496,-0.045519839972258,-0.04737838730216,-0.065805546939373,0.027132017537951,0.01440011151135,0.034084115177393,0.014418229460716,0.027139121666551,0.0048605869524181,-0.011747029609978,-0.0069560506381094,-0.01234176568687,-0.029898412525654,0.039098531007767,-0.012823479250073,-0.041864436119795,0.0025796229019761,0.013338092714548,0.00060034630587325,0.02139113470912,0.0089832069352269,0.022774139419198,0.020747097209096,-0.033414535224438,-0.020417105406523,0.014524658210576,-0.0083006406202912,-0.0092514250427485,0.021348925307393,-0.011099126189947,0.036322373896837,0.020569304004312,0.036736108362675,-0.026007421314716,0.016773542389274,0.008848880417645,0.072831563651562,0.069631300866604,-0.032062724232674,-0.014932344667614,-0.039057292044163,-0.027426511049271,-0.049159590154886,-0.037315186113119,-0.0014893637271598,0.0038553688209504,0.019034715369344,0.010661105625331,0.027401190251112,-0.0094019351527095,0.017996275797486,0.039523337036371,0.022767078131437,-0.01544089242816,0.019785353913903,0.0038764101918787,0.028528245165944,0.040158115327358,0.0075923381373286,-0.01681955717504,0.0038425053935498,0.065581724047661,0.012921859510243,0.059687152504921,0.0036279137711972,-0.00029423684463836,0.029387624934316,0.03236523643136,-0.025116244331002,-0.009323057718575,0.018819388002157,0.012755653820932,0.023109449073672,-0.030779704451561,0.016492795199156,0.01687222160399,0.004536971449852,0.012697749771178,0.025096876546741,-0.053767304867506,-0.028590584173799,-0.033088129013777,0.032772786915302,-0.029758732765913,-0.0501768887043,-0.0083130216225982,0.030795713886619,-0.066670574247837,0.024235300719738,0.02910796366632,0.080388054251671,0.045603353530169,-0.035737987607718,-0.030024565756321,0.029662715271115,0.031063063070178,0.0061627114191651,-0.015149262733757,0.0021283337846398,-0.0070228781551123,0.037510138005018,-0.0041112429462373,-0.0083825550973415,-0.018972476944327,0.0083067994564772,0.0094209695234895,-0.0056218062527478,0.019194861873984,-0.027799278497696,0.040076527744532,-0.0076354183256626,0.060662891715765,-0.00043373540393077,-0.041252098977566,0.0069566457532346,0.031129060313106,-0.033586483448744,-0.039679270237684,-0.0011148565681651,-0.019590960815549,0.0073896674439311,-0.0048517594113946,0.027377240359783,-0.016519820317626,0.0041753901168704,-0.0034354783128947,0.004887982737273,0.019191430881619,0.020657986402512,0.01095091085881,0.030087433755398,0.020624121651053,-0.049930781126022,0.025379084050655,-0.022448267787695,-0.045520484447479,-0.031860388815403,0.0016981447115541,-0.026407720521092,-0.021850286051631,0.057382106781006,-0.0087014604359865,-0.023273885250092,-0.0083478223532438,0.023387406021357,-0.017788786441088,0.017244327813387,-0.054109949618578,0.059459120035172,-0.048293609172106,-0.0013024002546445,0.042938910424709,-0.027368139475584,0.027421195060015,-0.029586521908641,-0.058552321046591,-0.028511120006442,-0.00034914974821731,-0.024404339492321,0.041778553277254,0.020450323820114,0.015717756003141,0.0033412058837712,-0.047335390001535,-0.012562170624733,-0.018320590257645,0.0074679711833596,-0.022559436038136,-0.017324568703771,-0.0081703485921025,0.077800586819649,-0.025679621845484,-0.017116125673056,0.050993245095015,-0.027781834825873,-0.011016787961125,0.020482387393713,-0.015258955769241,0.02894239872694,-0.0081892171874642,-0.0059010554105043,-0.035867623984814,0.062851577997208,0.013310451991856,-0.015010097064078,0.0056284037418664,0.023575179278851,-0.064157128334045,0.020418619737029,0.024443414062262,0.033971223980188,0.026390463113785,0.068628631532192,0.025674348697066,-0.0079656019806862,-0.037126734852791,0.018823090940714,0.020492911338806,0.017365612089634,-0.0089817801490426,0.020983962342143,-0.055715881288052,-0.029967967420816,-0.055788733065128,-0.015579823404551,0.029829405248165,0.020583018660545,-0.0091829923912883,-0.016951514407992,-0.01355842128396,-0.015596090815961,-0.034132096916437,-0.0022816974669695,-0.027195015922189,0.03404564037919,0.016747800633311,0.045570630580187,-0.0030855482909828,-0.026866724714637,0.012532843276858,-0.042059894651175,-0.0083682900294662,0.022303881123662,-0.0018910120707005,0.03308517113328,-0.0038948063738644,0.0060012005269527,-0.038910992443562,-0.045942392200232,0.0094266980886459,0.037657879292965,0.056742209941149,0.030078364536166,-0.033500295132399,-0.0054869554005563,-0.019243640825152,-0.043894827365875,-0.013417514041066,-0.071201458573341,-0.0076472670771182,-0.036253962665796,-0.019797312095761,-0.018632443621755,0.043901961296797,-0.033725973218679,-0.035515483468771,0.02920901030302,0.02949196472764,-0.05169789865613,-0.035573359578848,0.0065987268462777,0.019015742465854,-0.029141254723072,0.018133969977498,-0.027565563097596,0.025145484134555,0.021638214588165,-0.011290654540062,-0.026465244591236,-0.01459145359695,0.065663784742355,-0.0038871916476637,0.011350167915225,-0.036643851548433,-0.031980015337467,-0.028603253886104,0.045381750911474,0.023459879681468,0.019477246329188,0.016004391014576,-0.01537801977247,-0.0022671318147331,-0.00042654236312956,-0.012930063530803,0.026945721358061,0.031584929674864,-0.026542227715254,-0.039670702069998,0.037274204194546,0.0041445693932474,0.010150941088796,-0.013916409574449,0.015825560316443,-0.0075027379207313,-0.032162345945835,-0.012756783515215,0.011551342904568,-0.011002530343831,0.029949828982353,-0.022152150049806,0.043610088527203,-0.020190531387925,0.013121575117111,0.025883940979838,-0.039124187082052,0.0019839534070343,0.0245451759547,0.014598241075873,0.022228434681892,-0.029265459626913,0.013292171061039,-0.049087360501289,0.04510759562254,0.0056430571712554,0.044910699129105,0.012437339872122,-0.0074597308412194,-0.0053433887660503,0.010162916965783,0.067221559584141,-0.0074604288674891,-0.04714647680521,-0.033702913671732,0.013420282863081,0.015725111588836,0.0019538749475032,-0.031770080327988,0.0028254999779165,-0.017682747915387,0.013427479192615,0.032288879156113,-0.012402258813381,0.0020887325517833,-0.0018363500712439,-0.024711521342397,0.031899318099022,-0.017564451321959,-0.0074902116321027,0.066209487617016,-0.035208772867918,0.0038112630136311,-0.062421031296253,-0.067991763353348,0.041610151529312,-0.012772274203598,-0.0072928238660097,0.0050327456556261,-0.0018740702653304,0.059146542102098,0.011163688264787,-0.031026808544993,0.0075871958397329,-0.0022965045645833,0.006594187580049,0.045061707496643,0.086704887449741,-0.044807188212872,-0.024369195103645,-0.034155935049057,-0.039815679192543,0.030859915539622,-0.004708026535809,0.043607018887997,-0.032991975545883,-0.032711111009121,0.026574494317174,-0.0033365071285516,-0.0017912011826411,-0.03309116140008,-0.0014699498424307,-0.01891085319221,-0.022403901442885,-0.043068736791611,0.0368358977139,0.048419535160065,-0.037719331681728,-0.054246470332146,-0.0060132755897939,-0.015580223873258,0.0048209759406745,0.0048392098397017,0.0057886941358447,0.019643886014819,-0.041408985853195,-0.001487402128987,0.038768343627453,0.028270822018385,-0.00093053741147742,-0.013068487867713,-0.0048408317379653,0.011250412091613,0.015797730535269,-0.014030855149031,0.034207660704851,0.038050837814808,-0.046175174415112,0.01196002215147,0.014209611341357,0.0084191299974918,0.015904625877738,-0.021898508071899,-0.011530003510416,4.8413228796562e-05,0.013961976394057,0.026082312688231,0.013140747323632,0.013821063563228,-0.0041907401755452,0.003567706560716,0.0066822585649788,0.0012290475424379,-0.013275224715471,-0.024223195388913,-0.002946971450001,-0.020052533596754,0.00088249472901225,0.032512504607439,0.018838819116354,0.026317140087485,-0.035831231623888,-0.037612486630678,-0.030499825254083,-0.016069866716862,-0.031827110797167,-0.0170255061239,0.00053047674009576,-0.0004314425168559,-0.0095869768410921,-0.035266485065222,-0.00018331484170631,-0.025100911036134,0.015808686614037,-0.00039446246228181,-0.0014741123886779,-0.032447647303343,0.012292962521315,-0.00085948361083865,-0.021037938073277,-0.027549523860216,-0.031072165817022,-0.0054792426526546,0.026780368760228,-0.00010584048868623,-0.033391114324331,-0.013534720055759,-0.031634252518415,-0.02980781160295,-0.0034075495786965,0.0087785283103585,-0.03413887321949,0.036587361246347,0.035708084702492,-0.0087143639102578,0.006987885106355,-0.0033618342131376,-0.0093986764550209,-0.002788198646158,-0.01542932074517,-0.032472997903824,-0.022538235411048,0.020576134324074,0.029135841876268,-0.0097461929544806,-0.00049129989929497,-0.0082965083420277,-0.0070237261243165,-0.027209835126996,-0.029671009629965,0.0040613193996251,-0.0036197267472744,-0.028208354488015,-0.033303327858448,-0.020043984055519,-0.012691314332187,0.0078789591789246,-0.017915155738592,-0.0039176791906357,-0.019750038161874,0.017514059320092,-0.028435034677386,-0.019299268722534,-0.0052435025572777,0.0065976497717202,0.017512444406748,-0.031000358983874,-0.0017883945256472,0.025673042982817,-0.035551760345697,0.010985692031682,0.0042491895146668,-0.031122433021665,0.031629707664251,0.0048935376107693,0.017269346863031,0.026373328641057,-0.035077150911093,0.014271665364504,0.0079769119620323,-0.0034644159022719,0.0034300368279219,-0.0055458322167397,-0.0075123896822333,0.033304531127214,-0.02602007612586,-3.5069460864179e-05,-0.027314722537994,0.016340129077435,-0.0054541598074138,0.020323300734162,0.036321338266134,-0.022464254871011,0.0084999091923237,-0.0053552342578769,0.028795154765248,0.0097832148894668,0.00091833277838305,0.021547492593527,0.014244945719838,0.0045111514627934,0.019337624311447,-0.0049144835211337,0.018858592957258,0.030313715338707,0.025385463610291,-0.034206546843052,0.0026150792837143,-0.0087449261918664,-0.0096692852675915,-0.0079692676663399,-0.026830147951841,0.00470931828022,-0.031141644343734,-0.03331783041358,-0.032559528946877,0.01621956191957,-0.019448695704341,0.022326653823256,-0.012865184806287,-0.017428502440453,0.028653295710683,-0.0021884099114686,-0.027605473995209,0.019991539418697,-0.026821380481124,0.0045375027693808,0.019541470333934,-0.036048773676157,0.01247828733176,0.0013755582040176,-0.032550379633904,-0.035195663571358,-0.016345759853721,0.030931193381548,0.020264336839318,-0.0017766417004168,-0.018103869631886,-0.031304661184549,0.0096972575411201,0.01157399918884,-0.0039093536324799,0.0028851896058768,-0.018046857789159,-0.0011920655379072,0.036986779421568,-0.013086874037981,-0.0087756989523768,-0.027584640309215,0.016985150054097,-0.035387624055147,0.0071320226415992,-0.0022213684860617,-0.0041607869789004,-0.019154550507665,-0.0010363046312705,0.012635095044971,-0.00020466977730393,0.017195882275701,-0.0038125417195261,0.0094574391841888,0.013113042339683,-0.020295621827245,-0.020691560581326,-0.0068709454499185,0.012479525990784,0.013503026217222,-0.016211057081819,0.026533985510468,0.019112348556519,-0.018733033910394,-0.028442429378629,0.01275138463825,-0.010964594781399,-0.020969390869141,-0.022154055535793,-0.0040458617731929,-0.018958820030093,0.00027581988251768,-0.021592482924461,0.017664302140474,0.0050918878987432,-0.0096945948898792,-0.016337767243385,-0.023775480687618,-0.016128581017256,0.007573863491416,0.035543281584978,-0.012375662103295,0.0066884234547615,0.0017907780129462,0.018934316933155,0.007922469638288,-0.016506906598806,-0.0068343980237842,-0.021019004285336,-0.021049665287137,-0.008840155787766,0.034569848328829,-0.028811629861593,-0.0058402386493981,0.025709772482514,0.0034890049137175,-0.0070614493452013,0.010278667323291,-0.014105040580034,0.028869612142444,-0.0038198428228498,0.017452549189329,0.014544864185154,0.007903503254056,0.0098596271127462,-0.031393319368362,0.022241247817874,0.032387416809797,0.0165701713413,0.024213418364525,-0.026966288685799,0.032331611961126,-0.0061932499520481,-0.024651473388076,-0.016606485471129,0.02870824187994,0.029802195727825,0.0026787237729877,-0.023265635594726,-0.010944076813757,0.025903236120939,-0.032417491078377,0.0091669950634241,0.02499501593411,0.026282386854291,0.012242157943547,-0.012365262024105,0.036926366388798,-0.00070777430664748,-0.011362652294338,0.0091370651498437,-0.012057604268193,-0.0047220825217664,0.022236267104745,0.02867854014039,0.0067149568349123,0.020556615665555,-0.033003352582455,-0.022273547947407,-0.027165604755282,0.021702066063881,-0.0082417130470276,-0.020946489647031,0.023591496050358,0.020649960264564,-0.029496539384127,0.016444701701403,0.027356937527657,0.0026176103856415,-0.0083600161597133,-0.0043547027744353,0.0093958945944905,0.020967917516828,-0.025881547480822,0.009508341550827,0.039420422166586,-0.024487914517522,-0.0161307528615,0.00015912909293547,0.015574517659843,0.0097123077139258,0.012782723642886,0.018262369558215,-0.0077157304622233,-0.019327497109771,0.033051870763302,0.020534133538604,0.0066071343608201,-0.037870019674301,-0.012356262654066,0.019820317625999,0.0041083171963692,0.019451890140772,0.0058431001380086,0.012300122529268,0.034383557736874,-0.027083797380328,0.021140346303582,0.010251336731017,0.0042568957433105,0.0098610557615757,0.014779019169509,-0.016237571835518,0.032770276069641,0.033540017902851,-0.029588723555207,0.016733281314373,-0.011633244343102,-0.037395428866148,-0.014730343595147,0.0024773359764367,-0.021467640995979,-0.034902054816484,-0.0097243003547192,-0.026253564283252,-0.018357453867793,-0.038777720183134,0.035276282578707,-0.013910951092839,-0.032402522861958,-0.031749814748764,-0.0085884043946862,-0.0010627687443048,-0.021551823243499,-0.028722206130624,0.026572570204735,0.0049511604011059,0.029429409652948,-0.013076202943921,-0.020214464515448,-0.0065962821245193,-0.02240676805377,-0.022524166852236,0.028541157022119,-0.030086543411016,0.033707778900862,0.014996445737779,0.016144981607795,-0.0038508493453264,-0.013632698915899,0.032943870872259,0.0073511279188097,-0.0097754830494523,0.0084344567731023,0.0084121581166983,0.027738533914089,0.019400399178267,-0.00063293060520664,0.021248860284686,-0.017733665183187,-0.0065890466794372,0.038662523031235,0.031349174678326,0.020245529711246,0.022326136007905,0.031658302992582,-0.012051128782332,-0.013349486514926,-0.01518811751157,0.016597729176283,-0.017125207930803,0.025894029065967,0.013187564909458,0.031022127717733,0.022357326000929,-0.018957434222102,-0.0049035367555916,-0.027922961860895,0.032681539654732,0.025333533063531,0.0077860658057034,0.010769046843052,0.0068668201565742,-0.0062726545147598,0.0012464110041037,-0.014638143591583,-0.040513843297958,-0.035014815628529,0.039307314902544,0.01395851559937,-0.011228515766561,-0.022498801350594,-0.022564662620425,-0.011604291386902,0.010232253931463,-0.024473644793034,0.0053999871015549,-0.0054427445866168,-0.011735581792891,-0.018286686390638,0.034398470073938,-0.0037668538279831,0.026650698855519,-0.031302772462368,0.022581085562706,0.022712735459208,0.01566063798964,-0.011788255535066,0.00058236566837877,-0.010063301771879,-0.0055584209039807,0.033105235546827,-0.0080309258773923,0.0057932934723794,0.031174032017589,-0.018478786572814,0.030168430879712,0.029075749218464,0.019227396696806,-0.021150941029191,-0.0026042356621474,-0.0024581104516983,-0.033936023712158,0.0014055060455576,0.016921473667026,-0.0379808396101,0.0091611556708813,0.0070507973432541,-0.0077979494817555,-0.012284838594496,0.0043979408219457,-0.03054984472692,-0.029623828828335,0.016734281554818,0.026999251917005,-0.030031496658921,-0.011295382864773,-0.021797750145197,0.0030727637931705,-0.0084947030991316,-0.016372790560126,-0.020529426634312,-0.013048212043941,-0.0040518776513636,-0.033140376210213,0.0017927862936631,0.0012531034881249,0.007947014644742,-0.02177057415247,-0.017331233248115,-0.025673666968942,0.00088313588639721,-0.036091320216656,-0.006108661647886,-0.031719196587801,0.038139026612043,-0.016849003732204,-0.011019820347428,0.031312227249146,-0.012988031841815,-0.028857985511422,0.021804977208376,-0.028413223102689,0.018313758075237,-0.011215459555387,0.032439723610878,0.02787908911705,0.0016364026814699,0.015752520412207,0.016886934638023,-0.036504305899143,-0.017811244353652,-0.006003440823406,0.0048558581620455,0.016748977825046,0.025191023945808,0.020987344905734,0.00045671258703806,-0.0070739635266364,0.013685586862266,0.0075198281556368,0.022396225482225,0.0017732437700033,-0.00013729394413531,0.012987907975912,-0.0020869467407465,-0.011273039504886,0.0051922146230936,0.0083224326372147,0.026422576978803,-0.031030243262649,0.032946459949017,-0.031288284808397,-0.00050184002611786,-0.024948226287961,-0.00196328968741,0.010687994770706,-0.0023336787708104,-0.019033256918192,-0.021627815440297,0.035251833498478,0.027910977602005,-0.026016265153885,-0.0059800324961543,0.039749749004841,0.034669607877731,-0.010567631572485,0.0047856364399195,-0.00064880755962804,-0.011083927936852,-0.012467144057155,0.011966944672167,0.00023938807134982,0.030760608613491,0.0066693504340947,0.0049306629225612,-0.018773233518004,-0.0094545129686594,-0.0087564336135983,-0.017549015581608,-0.03535608574748,0.024653848260641,-0.030405724421144,0.031456585973501,-0.024927593767643,0.014366620220244,0.027058716863394,-0.030345726758242,0.014885201118886,-0.032814253121614,-0.0075189368799329,-0.032053340226412,0.015441542491317,-0.022896198555827,0.026723448187113,0.0043646735139191,-0.028331592679024,0.035567950457335,-0.019414665177464,0.025205025449395,0.025465801358223,0.027093404904008,-0.025814430788159,0.015480045229197,0.014703100547194,-0.009678652510047,0.0062057171016932,-0.0072259865701199,-0.03080185316503,-0.012720611877739,-0.011763761751354,-0.035899311304092,-0.010723885148764,0.022945050150156,0.012782977893949,-0.015178320929408,-0.022346721962094,0.015658091753721,0.022726090624928,0.026234604418278,0.015146376565099,0.032040648162365,-0.0074275904335082,0.029857898131013,0.0036398267839104,0.020941702648997,-0.026996439322829,-0.012199515476823,0.030779767781496,0.014835735782981,0.0075394422747195,-0.010550734587014,-0.0071146949194372,-0.030709151178598,-0.028269615024328,0.018297307193279,-0.010991914197803,0.0049048601649702,0.0035375440493226,-0.025645406916738,-0.00098559516482055,0.021162856370211,0.0041729430668056,0.028252584859729,0.003017266979441,0.0040337252430618,0.014471752569079,0.0054771420545876,-0.0070889736525714,-0.0084869647398591,-0.011036706157029,-0.014055361039937,0.015347522683442,-0.008102485910058,-0.0040235468186438,-0.035681542009115,-0.014366695657372,-0.0057622324675322,0.021068967878819,-0.0078437533229589,-0.033619336783886,0.023975227028131,0.037623111158609,0.0029696740675718,-0.020985186100006,-0.0093766087666154,-0.0056616314686835,-0.027175933122635,0.030743207782507,-0.00038882656372152,0.026996057480574,-0.025558343157172,9.2805872554891e-05,0.014005401171744,0.021388674154878,0.021603202447295,0.018468299880624,-0.014589875005186,-0.028523484244943,-0.0059232311323285,0.032381653785706,0.0062190094031394,-0.013702604919672,-0.024436987936497,0.023037163540721,0.038562536239624,0.034048654139042,0.0094229467213154,-0.014511151239276,0.038907337933779,0.036017626523972,-0.010288690216839,0.029591623693705,-0.029472066089511,0.026252435520291,-0.0040053222328424,0.004173990804702,0.021459126845002,-0.024802478030324,-0.022200457751751,0.0016493009170517,0.0080680204555392,-0.0034044263884425,0.013025186024606,-0.032924897968769,0.021664127707481,0.0092371571809053,-0.029977494850755,-0.0039911130443215,-0.013186436146498,-0.028935328125954,0.020839508622885,-0.013871853239834,0.031582918018103,0.022383714094758,-0.0012236506445333,0.017007304355502,0.035612892359495,-0.0070044239982963,-0.0013084141537547,0.023536905646324,0.024385301396251,0.030440347269177,-0.010242960415781,-0.02243941091001,0.030910857021809,-0.012897605076432,-0.00080600823275745,0.0052168034017086,0.034333776682615,-0.0086924992501736,-0.019018203020096,0.036648277193308,0.024585897102952,-0.00735899573192,-0.021902065724134,-0.0077206939458847,0.02842166647315,0.020323790609837,-0.023549024015665,-0.012796135619283,0.022301303222775,-0.030345788225532,-0.0092130210250616,-0.0076392353512347,0.019999984651804,0.0063980761915445,-0.020346324890852,0.0016787104541436,-0.0040952283889055,0.025684699416161,-0.038016885519028,-0.026082573458552,0.035168383270502,0.0187614466995,0.0076345251873136,-0.012978930026293,0.021908890455961,0.035286292433739,0.0069698416627944,-0.0034129861742258,0.03373235091567,0.020999072119594,0.028943791985512,0.019236575812101,-0.02628049813211,-0.016232091933489,0.024124916642904,0.030937004834414,-0.0025434426497668,-0.0085684703662992,0.0061122537590563,-0.023143574595451,0.022274918854237,0.0066241365857422,-0.029240632429719,0.024234101176262,0.029161063954234,0.0031341372523457,-0.013983487151563,0.014318923465908,0.031104208901525,0.019372615963221,0.023252438753843,-0.017169767990708,-0.016768891364336,0.014395514503121,-0.021018866449594,0.020030710846186,0.033558003604412,-0.0062162014655769,0.018366318196058,0.0076866340823472,0.015846345573664,-0.0097888559103012,-0.026016168296337,0.0013773122336715,-0.0093492642045021,0.013822459615767,-0.027608288452029,0.023540267720819,0.012777406722307,0.0022048864047974,-0.032287687063217,0.0035756148863584,0.011363699100912,0.025976015254855,-0.0093800518661737,0.0097082844004035,-0.0022472257260233,0.010658015497029,-0.0078052971512079,-0.025689506903291,0.027394220232964,-0.032270036637783,-0.01092972792685,0.0066819917410612,-0.0041284700855613,0.010565658099949,0.0085278106853366,0.030348567292094,0.0028591293375939,-0.028354402631521,0.03547528013587,-0.0055935033597052,0.020064214244485,-0.027347085997462,0.010781269520521,-0.024470828473568,-0.0020114379003644,-0.0082217324525118,-0.012459149584174,0.022667951881886,-0.0047022555954754,-0.0069168582558632,-0.0050600161775947,0.033847074955702,-0.006586586125195,0.035645082592964,0.0011988362530246,0.00096748740179464,-0.027016937732697,-0.0024588727392256,-0.0090665239840746,-0.026482231914997,-0.021968636661768,0.0085111511871219,0.013405543752015,0.019916698336601,-0.036153197288513,-0.030657310038805,-0.017663393169641,0.024372100830078,-0.031700823456049,-0.0038356727454811,0.018422044813633,0.019224686548114,-0.018411671742797,0.024280393496156,-0.020702093839645,0.0013515530154109,0.026103097945452,0.035275068134069,0.00024847910390235,0.029629914090037,0.021225264295936,-0.0014613271923736,-0.023099245503545,0.022459970787168,0.016047429293394,-0.011486550793052,0.012494736351073,-0.022510591894388,0.00078473979374394,0.031662862747908,-0.0075839012861252,0.001268103136681,-0.0026061290409416,0.035081140697002,-0.026502605527639,-0.002356295241043,-0.01801217906177,-0.02060978487134,0.016388718038797,0.014257061295211,-0.0071528288535774,0.032501813024282,0.0035474798642099,0.036456167697906,-0.033530548214912,0.026818491518497,-0.035821799188852,0.021923903375864,0.01025212649256,-0.036626067012548,-0.01735046133399,-0.0031638329382986,0.0030626675579697,-0.028778940439224,-0.0092790117487311,-0.0078518213704228,-0.034043904393911,0.01475853100419,0.028178080916405,0.0071393931284547,0.0029594353400171,-0.021077448502183,0.0044228914193809,-0.019775530323386,-0.031302437186241,-0.012055849656463,0.0099692465737462,0.004670949652791,0.015298911370337,0.00038534949999303,0.024780012667179,-0.022926332429051,-0.027721600607038,0.022602889686823,-0.0063555520027876,0.025096068158746,0.0032535481732339,0.013602366670966,-0.019750902429223,0.021315902471542,0.032899349927902,0.039213895797729,0.034316871315241,0.034800112247467,0.0078332386910915,0.00052096223225817,0.014802720397711,0.032898969948292,0.021416634321213,-0.018016347661614,0.023452190682292,0.035110630095005,0.019359858706594,-0.0030670221894979,-0.022158827632666,0.0064597753807902,-0.016613615676761,-0.021506054326892,-0.011432461440563,0.0065557509660721,0.020611906424165,-0.0082062995061278,0.035362564027309,0.035902325063944,-0.01510576158762,-0.035744741559029,-0.014340486377478,0.017671136185527,-0.0070555503480136,-0.0014518880052492,0.0027040645945817,-0.02404623478651,0.034248240292072,-0.003421775996685,-0.022957528010011,0.0341702029109,-0.029217107221484,0.029924303293228,-0.012664588168263,0.0077183968387544,0.021185336634517,-0.0081596216186881,-0.020412474870682,-0.026729291304946,0.00079657934838906,0.032170500606298,-0.00068909378023818,-0.023196969181299,-0.029453491792083,0.029497388750315,0.026694929227233,0.025912242010236,-0.022685155272484,-0.018874125555158,-0.017322534695268,0.003367196302861,0.016860796138644,0.016156941652298,0.0078391982242465,0.036236234009266,0.020859276875854,-0.0091115357354283,-0.033397566527128,-0.034769434481859,0.0020331144332886,0.0076606925576925,0.026283141225576,-0.026233565062284,-0.0026860889047384,0.0018636891618371,-0.024189515039325,-0.018163083121181,0.0076192985288799,-0.0019730299245566,0.021984420716763,0.013835296034813,-0.023219175636768,0.014375513419509,-0.023214515298605,0.035788729786873,0.037033729255199,-0.020651359111071,0.035614978522062,-0.032496504485607,0.027742916718125,-0.035258159041405,-0.015676086768508,0.0056882747448981,0.010407264344394,-0.0015652030706406,-0.035333979874849,-0.0010715435491875,0.00441042939201,0.018153915181756,-0.016918463632464,-0.023514296859503,0.027035212144256,-0.0075651300139725,-0.0065932525321841,-0.032506614923477,-0.039413664489985,-0.026413019746542,-0.026696177199483,-0.019413089379668,0.017840860411525,0.014192651957273,-0.016391318291426,-0.020823823288083,0.016329800710082,0.012131314724684,-0.0068997829221189,-0.009017881937325,0.023861611261964,0.026502475142479,0.0042341616936028,-0.032395005226135,0.036037422716618,-0.0035543108824641,-0.028187409043312,-0.0099864229559898,0.030694952234626,-0.0015810834011063,0.019996643066406,-0.015762571245432,0.0084027471020818,-0.032451421022415,0.00067173078423366,0.0015746017452329,0.0057093193754554,0.014810804277658,-0.0017822857480496,0.026606237515807,-0.016606649383903,-0.0081776510924101,0.0013406416401267,-0.022912530228496,0.027578292414546,0.023649970069528,0.029274551197886,-0.0022338042035699,0.015274966135621,0.017025781795382,0.029947767034173,0.0053808633238077,0.0048534418456256,0.0097944010049105,-0.03689768910408,0.0020739883184433,0.029233485460281,0.02269934117794,0.02340523712337,0.030413791537285,-0.018892409279943,0.026536706835032,-0.02279987372458,0.01141663081944,-0.025358531624079,-0.032290857285261,-0.025004956871271,0.025327675044537,-0.0010860053589568,-0.0040455223061144,0.0049750073812902,0.019072862342,-0.032920636236668,-0.030347963795066,0.01058366522193,-0.035978648811579,0.039376359432936,-0.012066259980202,0.014848102815449,0.0055879834108055,-0.022671446204185,-0.0092512909322977,-0.017996676266193,-0.015999168157578,0.0067457463592291,-0.0083933919668198,-0.019351907074451,0.0026912051253021,-0.0064901686273515,-0.021487193182111,0.00017203853349201,0.03574750944972,0.027400553226471,0.028266737237573,0.017797475680709,0.037011191248894,0.018511021509767,-0.010284734889865,-0.023186396807432,-0.039196837693453,-0.029933890327811,-0.022358788177371,-0.037032652646303,-0.021429102867842,0.0095378775149584,0.017588512971997,-0.01625375635922,-0.010394558310509,0.020520040765405,-0.012333142571151,-0.020511785522103,0.023483902215958,0.031926982104778,-0.030978256836534,0.0031950201373547,-0.0061538591980934,0.0080494359135628,-0.0067231836728752,0.035092975944281,-0.022008381783962,0.047229491174221,-0.02936640381813,0.0022741723805666,-0.0298882573843,-0.0074944724328816,0.0040617850609124,0.021999321877956,0.016772808507085,-0.017828058451414,0.027564721181989,0.020715110003948,0.0255660507828,-0.039751634001732,0.030738184228539,-0.030714262276888,-0.0050701652653515,0.029376456514001,0.026674957945943,0.001300472067669,-0.028650755062699,-0.0089509766548872,0.036415837705135,0.0079644490033388,0.0057198479771614,0.010325251147151,-0.031295321881771,-0.0021952199749649,0.023623749613762,0.021774008870125,0.036981396377087,0.036541804671288,-0.0097248740494251,-0.0060047879815102,0.009583898819983,0.021449502557516,-0.018612632527947,0.019177488982677,0.027447098866105,0.011470187455416,-0.020046440884471,0.022461896762252,-0.011578231118619,0.0063060699030757,-0.0053555006161332,-0.035097897052765,-0.001713401870802,0.0011362080695108,-0.0088100610300899,-0.019717426970601,0.034471951425076,0.04457264021039,-0.02859372459352,-0.035159856081009,-0.0064139720052481,-0.02678338624537,0.002995997434482,0.0060144821181893,-0.030021466314793,-0.0046492828987539,0.0069419480860233,0.013718236237764,-0.017485778778791,0.051214944571257,-0.0088264960795641,0.026301708072424,-0.004372020252049,0.0267124325037,-0.022952197119594,0.036761019378901,0.020032068714499,0.0027244607917964,0.021423047408462,0.028990229591727,0.0011921633267775,0.024529926478863,-0.032904036343098,0.0074612479656935,-0.011111319996417,0.039354775100946,0.031082306057215,-0.014209341257811,0.030146783217788,-0.0017365437233821,-0.0034780376590788,-0.026393570005894,0.00089174957247451,0.014179357327521,-0.023005256429315,0.017455922439694,0.033202663064003,0.0096807228401303,-0.022947048768401,-0.011410099454224,0.017118545249104,-0.019113380461931,-0.012238288298249,-0.032682869583368,0.035664264112711,0.00065321358852088,0.012373149394989,0.012560397386551,-0.011954144574702,0.034711387008429,-0.025359388440847,-0.030347991734743,-0.024071495980024,-0.018318479880691,0.019910307601094,0.0041025779210031,-0.011856973171234,-0.00061948981601745,0.033006470650434,-0.010571898892522,0.025126880034804,0.025794981047511,0.01794315315783,0.011554660275578,0.032371897250414,0.0072962124831975,0.0027684529777616,-0.010755796916783,-0.0083038061857224,0.01390041410923,0.03293888643384,-0.0046032164245844,0.0082693491131067,0.031105268746614,-0.0031479359604418,0.0083066010847688,0.0048141535371542,0.019352560862899,0.044019669294357,0.03392930328846,-0.034151714295149,0.026107832789421,0.013973384164274,0.018832167610526,-0.033322554081678,0.032122395932674,0.00019791250815615,-0.0050756051205099,-0.019698150455952,0.014553344808519,0.036616496741772,0.02844213321805,-0.033900607377291,0.0069230832159519,-0.01883852109313,0.014048643410206,0.036280754953623,-0.025467675179243,0.024446358904243,0.010603664442897,0.035589583218098,-0.0018934878753498,0.027128165587783,0.03245347738266,0.021038740873337,-0.041923310607672,-0.0092634791508317,0.032599102705717,0.034200444817543,0.016937235370278,-0.00046328641474247,-0.025582322850823,0.023325541988015,-0.035330448299646,-0.0066740829497576,0.0074607394635677,0.018466925248504,0.023280384019017,-0.021100725978613,0.029616605490446,-0.032394383102655,-0.0085940854623914,-0.038773562759161,-0.0048574157990515,-0.038064491003752,-0.040844809263945,0.02331623993814,-0.00272650225088,-0.024615315720439,0.0028038194868714,0.024492690339684,-0.00056416034931317,-0.0060640457086265,-0.023699466139078,0.035509523004293,-0.037465024739504,0.0097528723999858,0.018469242379069,0.026122864335775,-0.029740240424871,-0.0089585036039352,0.020877188071609,0.010071557946503,0.0060683377087116,-0.034671813249588,-0.013535417616367,0.0030869771726429,-0.020831506699324,0.027810025960207,-0.017118807882071,-0.033403966575861,-0.0036435909569263,-0.0011382949305698,0.026784790679812,0.0066762771457434,0.0015374989015982,0.026950262486935,-0.01786632835865,-0.027919236570597,-0.0039500845596194,-0.014897759072483,0.0144123416394,-0.000722489960026,0.017738871276379,-0.010797659866512,0.019639674574137,0.01639867760241,0.030140779912472,0.029340658336878,0.0019930468406528,0.011106349527836,0.0022349064238369,-0.030050199478865,0.011504736728966,-0.019817994907498,-0.032411307096481,0.014648110605776,0.018014661967754,-0.026548307389021,-0.0042940028943121,-0.02710292302072,-0.020300395786762,0.027867615222931,-0.016730247065425,-0.011615135706961,0.017329568043351,-0.015001352876425,-0.015290387906134,-0.0019390063825995,-0.0045431344769895,0.0032269405201077,-0.036023609340191,0.032659381628036,-0.0034836051054299,0.0027652548160404,0.020062670111656,-0.024681909009814,0.0013341183075681,-0.0056332517415285,-0.031741000711918,0.017843602225184,-0.04126014560461,-0.035418294370174,0.011596838012338,0.018690569326282,-0.030660841614008,0.026100696995854,-0.01045127492398,-0.012555572204292,0.013331021182239,-0.0062614525668323,-0.03898835554719,-0.0080842021852732,-0.033844586461782,0.033083751797676,0.032818924635649,0.0068022543564439,0.030157601460814,0.021359007805586,-0.027377923950553,-0.031400416046381,0.02615805901587,0.00050116423517466,0.001425325521268,-0.0085270470008254,0.030226420611143,0.036278001964092,-0.0097910957410932,0.026871591806412,0.022913729771972,0.034867964684963,0.0081033259630203,-0.029692597687244,0.024701196700335,-0.036325834691525,-0.0081394715234637,0.012799737975001,-0.029517453163862,0.012127300724387,0.001367746735923,0.019972188398242,-0.01809411123395,0.026669640094042,0.0022798769641668,0.027779323980212,-0.024303443729877,0.01078762486577,-0.0052295411005616,0.027514537796378,-0.01675190590322,0.0088591100648046,0.022172432392836,-0.0099030742421746,0.011378454975784,-0.032747104763985,0.01825613155961,-0.0040597449988127,0.025537226349115,0.020482579246163,0.043297939002514,-0.014017831534147,-0.0076238350011408,0.021590948104858,-0.008314392529428,0.0060452818870544,0.035926807671785,-0.01063665561378,-0.015506283380091,-0.03382870927453,0.013220062479377,-0.015554558485746,0.01238769851625,0.030659833922982,0.0070249172858894,-0.0072945882566273,0.02735236287117,-0.012117510661483,0.010165700688958,0.032532673329115,-0.031628701835871,0.010826005600393,-0.010324670933187,0.0028840999584645,0.01847818121314,-0.016629014164209,-0.0012345176655799,-0.021925069391727,-0.0045658810995519,0.042283393442631,-0.018053593114018,-0.0099880397319794,0.024247370660305,0.021026788279414,0.01797435991466,-0.032232001423836,-0.028186395764351,-0.010027034208179,0.0045396517962217,0.025233894586563,-0.0040395855903625,-0.020654764026403,0.012996925972402,0.032961688935757,-0.010581504553556,-0.039184454828501,-0.013743606396019,-0.028520680963993,0.04075850918889,0.00051401642849669,-0.019263632595539,-0.031530395150185,-0.019471947103739,-0.037929896265268,0.017352551221848,0.0068236407823861,-0.038990441709757,0.026051718741655,-0.034430325031281,-0.023175729438663,-0.0064766290597618,0.02812471985817,-0.030332271009684,-0.027857881039381,0.0071361693553627,-0.028153013437986,-0.037701155990362,0.025897741317749,-0.028978215530515,0.0017850837903097,0.018846604973078,-0.018897073343396,-0.021996388211846,-0.020164828747511,-0.017430923879147,0.0068577690981328,-0.014594824053347,-0.032561969012022,-0.017310658469796,0.030087415128946,-0.024255465716124,-0.0093814535066485,0.030720695853233,-0.00074383651372045,0.032896183431149,0.011008088476956,0.018894283100963,0.027605667710304,-0.02715890109539,0.012551505118608,0.0046202926896513,-0.036303527653217,0.019091870635748,0.0067682298831642,0.029826238751411,0.011763043701649,0.01596424728632,0.031334180384874,-0.016121068969369,0.01022042799741,4.6742454287596e-05,-0.030303992331028,-0.0096851605921984,-0.017813811078668,0.013264742679894,-0.0075853136368096,-0.0015025718603283,0.025386612862349,-0.007291448302567,0.03345911949873,-0.017144247889519,0.030897993594408,-0.014942166395485,-0.010598205029964,0.018543338403106,0.029299587011337,-0.020286900922656,-0.019517054781318,0.029879869893193,-0.030434673652053,-0.027120297774673,0.0072206286713481,0.036197561770678,-0.010775418020785,0.013306732289493,0.015854194760323,0.012641127221286,0.017796669155359,0.034545224159956,-0.029049601405859,0.017813332378864,-0.014885594137013,0.027420111000538,0.014444653876126,0.0025670449249446,0.011538890190423,-0.036870159208775,-0.0071841678582132,0.020901130512357,0.023280763998628,-0.0049372566863894,-0.022183917462826,-0.019811308011413,-0.027674976736307,0.033248841762543,-0.012568795122206,0.00062519201310351,-0.029207600280643,0.0046612415462732,0.012364165857434,-0.0048752087168396,-0.032437313348055,0.023441603407264,-0.021852687001228,0.035576686263084,0.020244723185897,-0.037909980863333,-0.02695151232183,-0.028397032991052,0.032696858048439,-0.032599300146103,0.022760901600122,0.016586346551776,0.0060635241679847,-0.012283518910408,-0.0027962387539446,0.00068147369893268,-0.032594598829746,-0.01192488335073,-0.0088418917730451,0.0048688524402678,-0.0062768743373454,-0.0089218132197857,0.033811260014772,-0.0058351717889309,-0.014327691867948,-0.0027591630350798,-0.0068481625057757,0.009210204705596,-0.022380206733942,-0.030369326472282,-0.010997124947608,-0.00046472848043777,0.0047418968752027,-0.018450777977705,0.022416640073061,-0.027358857914805,0.003267249558121,-0.021725513041019,-0.03139815106988,0.0066137937828898,-0.034321632236242,-0.024149497970939,-0.022653132677078,-0.020488834008574,0.019927771762013,-0.010111754760146,-0.020416220650077,-0.029514769092202,-0.032359037548304,-0.020399700850248,0.023312291130424,0.010250257328153,-0.012142239138484,-0.024366477504373,0.0064090741798282,0.0013958001509309,0.031656485050917,-0.0055412254296243,0.0090269949287176,-0.0028238471131772,-0.018072605133057,-0.01849371381104,0.012783344835043,0.010228519327939,0.012384818866849,-0.016872609034181,0.01981003023684,-0.014884650707245,0.03517647087574,0.011059241369367,0.037029571831226,0.012144343927503,0.019626578316092,0.030074579641223,0.0063952365890145,0.00015618109318893,-0.0020768742542714,0.036039154976606,0.032393306493759,0.018887193873525,-0.027155704796314,0.022184874862432,0.0053017763420939,0.013104339130223,0.0023306349758059,0.040727201849222,0.012007870711386,0.0083858482539654,-0.024464502930641,-0.0093343360349536,0.033483829349279,0.021541561931372,-0.035599835216999,-0.02068910934031,0.022391840815544,-0.043855331838131,-0.010104722343385,-0.036246296018362,0.0061245285905898,-0.038274291902781,0.015958057716489,0.0022913336288184,-0.0031381745357066,0.022970378398895,-0.0077358889393508,0.0098104747012258,-0.00060782168293372,0.03059720993042,-0.023619405925274,0.016004716977477,0.028001395985484,-0.037214104086161,-0.021625487133861,0.039189446717501,-0.027494119480252,0.0042059724219143,0.038694750517607,0.015101627446711,-0.0052856835536659,-0.022474346682429,0.0082094455137849,-0.019205320626497,-0.020112635567784,-0.029042366892099,0.011289992369711,0.016938351094723,0.02531355433166,-0.033880766481161,-0.015678299590945,0.020513257011771,0.036092113703489,0.034686375409365,0.0011831265874207,0.032061018049717,-0.027117853984237,0.016725113615394,-0.0065182927064598,0.0076651419512928,0.0046937689185143,0.005049142986536,0.023203123360872,0.0044229603372514,-0.030607333406806,-0.013028873130679,0.030974548310041,0.020125482231379,-0.025661274790764,0.024598659947515,0.007580837700516,0.005598715506494,-0.010601981543005,-0.01948749832809,0.00074079056503251,-0.026634214445949,0.033829394727945,0.0039981636218727,-0.0098883016034961,0.034655809402466,-0.0024873891379684,0.016932483762503,-0.035083211958408,0.0327940993011,0.040214493870735,-0.033848188817501,0.02671043202281,0.030732370913029,0.01046297699213,-0.032692801207304,-0.030654700472951,-0.0028543011285365,-0.025713289156556,0.010210055857897,0.034669958055019,-0.03614704310894,-0.032969042658806,-0.024720018729568,0.0036778792273253,0.016125548630953,0.029455348849297,0.013958562165499,0.010988189838827,-0.0098571330308914,-0.0074482494965196,0.010984911583364,0.020515186712146,-0.0068641607649624,-0.0067668417468667,0.0018598436145112,-0.015290651470423,-0.0062598115764558,-0.014501275494695,-0.013261950574815,-0.0016732433577999,0.030578127130866,0.023219751194119,0.017751606181264,0.0033320728689432,-0.026008881628513,-0.0028814158868045,-0.025742243975401,0.025257971137762,0.032197132706642,0.025701707229018,0.002823033137247,0.012246220372617,0.02201241441071,0.010809128172696,-0.0012669158168137,0.0093035213649273,-0.031138218939304,-0.025783814489841,-0.013141129165888,0.040626395493746,0.015206774696708,0.012825163081288,0.0050628148019314,-0.015145926736295,0.0048214290291071,-0.032071385532618,0.032492518424988,-0.011462301015854,-0.012784480117261,0.026537545025349,-0.0079467697069049,0.025362534448504,-0.019544113427401,0.011317399330437,0.035633739084005,-0.022964704781771,-0.0097134206444025,0.0028038215823472,0.034951604902744,-0.028199443593621,-0.0033922106958926,-0.026915306225419,0.031695794314146,-0.030200118198991,-0.014490533620119,-0.016133680939674,0.01156843546778,0.018405063077807,-0.027675040066242,0.013484378345311,-0.021507397294044,0.016690492630005,-0.028343848884106,-0.031333073973656,-0.022928945720196,0.018462978303432,0.018992733210325,0.046626258641481,0.010641232132912,-0.0012682797387242,0.039974495768547,0.0067205093801022,0.033972807228565,-0.0077326665632427,-0.030725233256817,0.02344923838973,-0.0043326788581908,0.0056144571863115,-0.014086662791669,-0.0003394313971512,-0.02042387612164,0.0016393793048337,0.0075229741632938,0.0088615342974663,0.022109033539891,0.0068041682243347,-0.030641006305814,0.0079851262271404,-0.034759271889925,0.0043529290705919,0.015134658664465,0.0094433454796672,-0.019999412819743,-0.019372530281544,0.034091953188181,-0.0080261826515198,0.006891462020576,0.010017456486821,0.022414341568947,-0.019574156031013,-0.037646535784006,-0.011069902218878,-0.023912815377116,-0.0025052088312805,-0.00401377864182,0.03038196451962,0.042747437953949,0.014951235614717,-0.031860943883657,-0.029845576733351,0.0071340128779411,-0.023684212937951,0.018686879426241,0.01832758449018,-0.0047975592315197,0.026002226397395,0.013043598271906,-0.020085016265512,0.037133757025003,-0.010782306082547,0.020023556426167,0.023453051224351,0.030633272603154,0.033891536295414,-0.0010696909157559,-0.031722467392683,0.014721683226526,0.014083142392337,-0.015768652781844,-0.030551621690392,0.0040637445636094,-0.012847626581788,-0.0058524874038994,-0.02049183472991,-0.037647590041161,-0.027165651321411,0.017055232077837,-0.022377122193575,-0.0096531044691801,0.032292660325766,0.0059242774732411,-0.031196903437376,0.050779215991497,0.034526810050011,0.021752985194325,0.025695977732539,0.0026581252459437,0.011369479820132,-0.0058141811750829,2.1087276763865e-05,-0.053337439894676,-0.019757447764277,0.032608717679977,0.028680704534054,-0.036018114537001,0.022730957716703,-0.0182382799685,0.011979281902313,-0.0092628067359328,-0.010008369572461,0.016346113756299,0.0052173831500113,0.024632483720779,0.022484047338367,-0.032258663326502,0.0015654417220503,-0.016768977046013,-0.011396531946957,-0.025906041264534,-0.034989397972822,0.026893993839622,-0.014531484805048,0.047726958990097,-0.017872685566545,0.031589590013027,-0.03888151049614,0.0010988297872245,-0.013529296033084,-0.022426154464483,-0.0035565181169659,-0.024320859462023,-0.025140579789877,0.0047709550708532,-0.0054421611130238,0.048114735633135,0.034942761063576,0.023399457335472,-0.018531259149313,0.022432124242187,0.025309534743428,0.002813077531755,0.033073876053095,0.00076956884004176,-0.031468898057938,0.0054859439842403,-0.030797526240349,-0.034604586660862,0.002172875450924,-0.026793867349625,-0.030940404161811,-0.008031340315938,0.03106096200645,0.017835702747107,-0.02876590564847,0.011365069076419,0.042331125587225,0.02844300493598,-0.015605928376317,-0.031919710338116,0.0094990422949195,-0.0049044643528759,-0.01945923641324,0.023290416225791,-0.018087979406118,0.028649525716901,0.027686769142747,0.012202971614897,-0.036714322865009,0.022721730172634,-0.0089135393500328,-0.014442801475525,-0.014464561827481,-0.022328076884151,0.009720578789711,0.010661879554391,-0.014853816479445,-0.031048625707626,0.023681998252869,0.011315050534904,0.031446374952793,-0.0046908063814044,-0.03461591899395,-0.022784803062677,0.037007547914982,0.0019628750160336,-0.011680879630148,-0.022767594084144,0.014476696960628,0.021449750289321,-0.0068158395588398,-0.04377968236804,-0.0094191776588559,0.0089829079806805,-0.019236672669649,-0.0069777839817107,0.018796788528562,0.039185397326946,0.034765027463436,-0.0099981818348169,0.024793680757284,0.025028022006154,0.0044793994165957,-0.0060592005029321,-0.0068458933383226,0.0091815618798137,0.020086461678147,-0.031020134687424,-0.023669579997659,-0.028658328577876,-0.038281243294477,0.030333837494254,0.023129573091865,-0.02680997364223,-0.025015950202942,0.0032190079800785,0.01925178989768,-0.0030171584803611,-0.010931922122836,-0.033000614494085,0.042584285140038,-0.0018076134147123,-0.031952623277903,-0.0169120375067,0.0049056983552873,0.048986069858074,-0.019451983273029,0.020072707906365,0.011699114926159,-0.024632936343551,-0.022088594734669,0.01957899145782,0.0039318478666246,-0.0063106929883361,0.0050417212769389,0.0045410161837935,0.0048208422958851,0.032963328063488,0.029256485402584,-0.017309846356511,0.013268097303808,-0.011926810257137,0.018634287640452,-0.032572969794273,-0.0066851577721536,-0.018960669636726,-0.031138500198722,0.026491029188037,0.037702288478613,-0.032559528946877,0.032493069767952,0.012022195383906,0.011582169681787,-0.030896237120032,0.014728031121194,-0.029270073398948,0.00070683530066162,-0.017808953300118,0.013491963967681,0.044066336005926,0.012411028146744,-0.00708077987656,-0.021862834692001,-0.0092132072895765,0.017193073406816,0.032698806375265,-0.0049092755652964,-0.052722997963428,-0.029137093573809,-0.017897333949804,0.020128045231104,-0.033273208886385,-0.025873215869069,-0.00558389024809,0.033423222601414,0.019796699285507,-0.02401459030807,0.0083494950085878,0.025123592466116,-0.020272459834814,0.011176357977092,0.01904427818954,-0.012311669066548,-0.030239904299378,-0.031034512445331,-0.011177556589246,-0.023623879998922,0.010988468304276,0.025822509080172,-0.012898733839393,-0.0024677745532244,0.014277227222919,-0.0044044312089682,-0.0034827617928386,-0.011375002563,0.013738489709795,0.021596701815724,-0.0022914577275515,0.028684871271253,0.011052905581892,0.037044811993837,0.025811925530434,0.021614905446768,-0.0098071973770857,0.034970175474882,0.034948956221342,-0.0096853924915195,0.0080059580504894,0.0031347468029708,0.030449083074927,0.035946108400822,-0.018642220646143,0.019856130704284,0.020697748288512,-0.036965176463127,-0.033335205167532,-0.019656866788864,0.0099738519638777,0.0306664891541,-0.045058291405439,-0.037835784256458,-0.0090404935181141,0.027827052399516,0.020830221474171,0.012830154038966,0.019278498366475,-0.033055931329727,0.026369312778115,-0.024797199293971,-0.019616676494479,0.033151783049107,-0.017470179125667,-0.037410993129015,-0.0048680040054023,0.00090879475465044,0.023137619718909,0.027901297435164,-0.026950782164931,-0.0078192399814725,-0.0044561410322785,0.025140078738332,-0.0025203875266016,0.035428673028946,0.0040305526927114,0.031952876597643,0.012198467738926,0.041770599782467,-0.0032293626572937,0.016324993222952,-0.032424349337816,-0.010434328578413,-0.015225580893457,0.028111599385738,-0.010405529290438,0.011866863816977,-0.025925913825631,0.039029642939568,0.02970508299768,0.023728115484118,0.018365416675806,0.0058184368535876,0.027997326105833,0.010481120087206,-0.016950692981482,0.019799644127488,-0.004615762270987,0.045847319066525,-0.032383516430855,-0.036463744938374,0.014348212629557,-0.0084808049723506,0.037401340901852,0.026408230885863,-0.013251543976367,-0.0075632128864527,0.014481853693724,-0.019331332296133,-0.017815692350268,0.0062284418381751,0.020629271864891,-0.016986649483442,-0.00769985280931,-0.030200993642211,-0.028615480288863,0.028370557352901,-0.013176907785237,0.0032417627517134,0.023741791024804,0.0078241545706987,0.013487322255969,-0.030556263402104,-0.033221993595362,0.0085658151656389,-0.018270291388035,0.012443522922695,-7.0213580329437e-05,-0.032516613602638,-0.01270667091012,-0.017116753384471,-0.026561338454485,0.035859774798155,0.0023697670549154,-0.024197895079851,-0.012787821702659,-0.03212084621191,-0.022399803623557,0.0043281950056553,-0.0038022450171411,-0.025739170610905,-0.029201772063971,0.015653029084206,-0.018981510773301,-0.028187436982989,-0.0059732929803431,0.0045823371037841,0.010569095611572,-0.018393233418465,0.0030527138151228,0.026618717238307,-0.013111575506628,0.013113488443196,0.022860400378704,0.026506053283811,-0.0088970689103007,-0.0058256066404283,-0.001413494697772,0.017448369413614,-0.0071112001314759,0.01429292652756,-0.022993529215455,0.038166031241417,0.0049967519007623,-0.022229600697756,0.022711077705026,-0.027436265721917,0.00030715338652954,-0.027940155938268,-0.011607619933784,-0.02568119764328,0.026588825508952,-0.0027960664592683,0.02476910687983,0.027017278596759,-0.0038233241066337,-0.0010248991893604,0.015825394541025,-0.017470292747021,0.032060895115137,-0.0099368477240205,-0.029000509530306,-0.031753033399582,0.026608929038048,-0.00068392034154385,-0.0091433878988028,-0.018744107335806,0.026306366547942,0.023060977458954,-0.018683748319745,0.0034776045940816,0.016151692718267,-0.0043292613700032,-0.0096433535218239,0.0012846087338403,0.010155416093767,0.016387304291129,-0.010147603228688,0.020304223522544,-0.023702580481768,0.014788089320064,0.029138926416636,-0.0029351261910051,-0.030351042747498,0.031615197658539,0.021258903667331,-0.034697219729424,0.031687498092651,-0.017016293480992,-0.0017929465975612,-0.014242371544242,0.0365110039711,0.0045553618110716,0.002782799070701,-0.007200141903013,-0.025089140981436,0.011931103654206,-0.014461539685726,0.026903061196208,-0.017068471759558,-0.032599706202745,-0.0025463933125138,-0.0067027164623141,-0.010702092200518,-0.02925998903811,-0.018025515601039,0.022242583334446,-0.036416258662939,-0.013778203167021,-0.02279675193131,0.010594403371215,0.024571700021625,0.018897974863648,0.024965580552816,-0.013723410665989,-0.018630523234606,-0.014813068322837,0.0050665475428104,-0.033511180430651,-0.015980556607246,-0.026269875466824,0.028558157384396,-0.029693357646465,-0.023487141355872,0.012647134251893,-0.034047480672598,-0.02253639139235,0.012416381388903,-0.0054308194667101,0.012062729336321,0.0095647573471069,-0.025757307186723,-0.035960458219051,-0.0079003870487213,-0.017085997387767,-0.0088651329278946,-0.0070434673689306,0.00070045882603154,-0.0084726726636291,-0.021254533901811,0.025073410943151,0.016570588573813,-0.026160452514887,0.021969864144921,0.027442466467619,0.013078241609037,-0.025939241051674,-0.015062070451677,0.01209157705307,-0.0034695256035775,-0.027967043220997,0.01915598474443,-0.020094662904739,0.014177983626723,0.010292982682586,0.012348342686892,0.032336730509996,0.0049963458441198,-0.01721852645278,0.036231894046068,-0.013857277110219,0.0065785860642791,0.028383832424879,0.017687536776066,0.0072665456682444,0.03641390427947,0.018756426870823,0.032595928758383,0.023931859061122,0.029588557779789,-0.015438916161656,-0.0080986395478249,0.0087705031037331,0.033061593770981,-0.03467757999897,0.034676849842072,0.0035907342098653,-0.0093752788379788,-0.01400709617883,-0.030458182096481,-0.033758047968149,0.028928939253092,0.0032311251852661,0.0076848813332617,0.0063677136786282,0.016567828133702,0.00021902154549025,-0.010200577788055,-0.016783516854048,0.034072674810886,-0.012427115812898,0.02541339956224,0.0062179984524846,-0.016542129218578,0.030366839841008,-0.034492943435907,-0.019207838922739,0.015398850664496,0.00039938132977113,-0.0028299307450652,-0.028608383610845,0.010013522580266,0.0010610315948725,0.034170743077993,0.015518861822784,0.033821232616901,-0.032204695045948,-0.0057398276403546,0.021878199651837,-0.033562652766705,0.0076551935635507,-0.016795225441456,0.016230642795563,-0.030935354530811,0.018764238804579,0.029573820531368,0.002240318339318,0.023681234568357,-0.0096007063984871,0.017800955101848,0.0013474697479978,0.028154708445072,0.023002125322819,-0.0016794295515865,-0.0079768812283874,0.024054216220975,-0.03563093021512,-0.012241988442838,-0.014228798449039,0.022219896316528,-0.0061788274906576,0.0085807852447033,0.022665504366159,0.013486820273101,-0.011016064323485,0.014927138574421,0.024836026132107,-0.021066008135676,-0.0058957580476999,0.035478509962559,0.0055805938318372,0.0060693458653986,0.020197380334139,-0.030942743644118,0.036364115774632,-0.0016247677849606,-0.017268531024456,-0.013195183128119,-0.0011336881434545,0.019604979082942,0.0330940335989,-0.0055873459205031,-0.02323354780674,0.028175491839647,-0.033038318157196,0.0073446114547551,-0.036650817841291,-0.019006600603461,-0.01912047713995,-0.0024380940012634,-0.021708307787776,0.0068562170490623,0.017435010522604,0.034664895385504,0.019588565453887,0.017422340810299,-0.013771314173937,-0.0012909575598314,-0.028472566977143,-0.025110069662333,0.014956180937588,-0.0046617826446891,0.0063937893137336,-0.015949357300997,-0.0058456771075726,0.015039013698697,0.03120225481689,0.00076338363578543,0.030533093959093,-0.015183886513114,0.011894156225026,-0.027484448626637,0.034172080457211,-0.010743744671345,0.026537885889411,-0.03456948325038,0.010390728712082,-0.011107219383121,0.024878580123186,-0.0362528860569,-0.021404787898064,-0.017654897645116,-0.032390628010035,-0.0071209720335901,-0.012490455061197,0.01076733507216,-0.020483393222094,0.0087091391906142,-0.031290795654058,0.01719618961215,-0.035033378750086,-0.02948765270412,-0.00044152766349725,-0.025161163881421,0.016063280403614,0.017016401514411,0.0039027801249176,-0.013404611498117,-0.0066715856082737,-0.029872484505177,0.024025667458773,0.012920099310577,0.016024863347411,0.003168934257701,-0.013598734512925,-0.026775570586324,0.017953937873244,0.0068146158009768,-0.032265640795231,-0.012936816550791,-0.014123489148915,0.0021949417423457,0.032408755272627,-0.036458656191826,-0.017391864210367,0.013904201798141,0.0143071282655,-0.013425517827272,0.024366121739149,-0.026930250227451,-0.0027838856913149,0.036033187061548,-0.028797509148717,0.00020135552040301,-0.036826629191637,0.0072648087516427,-0.0071832234971225,-0.024896854534745,-0.02256365865469,0.02895226329565,0.020569885149598,0.014879119582474,-0.018447197973728,-0.012544105760753,-0.0024458128027618,-0.021840482950211,-0.035300120711327,0.027667803689837,-0.035474378615618,-0.032790508121252,0.0096932705491781,-0.011914672330022,-0.02841324172914,-0.036487106233835,0.020520688965917,0.0029441348742694,-0.0054433839395642,0.030367989093065,-0.034891031682491,0.021648010239005,-0.029965218156576,-0.032945431768894,0.0050218342803419,0.0028989254496992,0.017353188246489,0.026958102360368,0.027457872405648,-0.005151177290827,0.0052627781406045,0.019806247204542,0.017265643924475,0.011842451058328,0.010614883154631,0.023629959672689,0.0080865807831287,0.011507086455822,-0.011316153220832,0.02345916070044,-0.00055631605209783,-0.0064501543529332,-0.016828689724207,-0.02637792378664,0.026458263397217,0.01675802282989,0.024427747353911,0.029905714094639,0.022827222943306,0.019244203343987,0.0089229363948107,0.0046394551172853,0.03398760035634,0.03266916051507,0.0031189119908959,0.023760112002492,-0.0077565982937813,-0.021704578772187,-0.034854792058468,0.022852744907141,-0.014222148805857,0.025759194046259,-0.033094026148319,0.034234661608934,0.016281448304653,-0.036005292087793,-0.013936404138803,0.0087402081117034,0.015239243395627,-0.013903414830565,0.019023278728127,0.0162621922791,-0.029453808441758,-0.021375896409154,0.028345882892609,0.026459362357855,-0.016851838678122,0.018524538725615,-0.03596768528223,0.020027788355947,-0.01579912006855,0.021475000306964,-0.032812859863043,-0.02968281134963,0.020863151177764,-0.016660194844007,0.027493972331285,0.0034479675814509,0.01622604764998,-0.0077304351143539,0.035250544548035,-0.00040158833144233,0.022616371512413,-0.0017464887350798,0.00013608724111691,-0.019482832401991,-0.023113558068871,0.029739659279585,-0.026700815185905,-0.0071771624498069,0.027226503938437,0.026909649372101,0.034446757286787,0.03479241207242,0.03184300661087,-0.01371050439775,-0.027645854279399,-0.020106578245759,0.03515262901783,0.034362155944109,0.011309538967907,0.026264660060406,-0.01091087795794,0.0056563639082015,-0.020223932340741,0.027693327516317,0.0046554869040847,-0.0087284874171019,-0.032132469117641,0.036308147013187,0.011013058945537,0.010850865393877,0.0031679498497397,-0.0075873574241996,-0.0017297284211963,0.032536443322897,-0.026937913149595,-0.0067659709602594,0.0074624023400247,0.019099157303572,-0.034056171774864,0.033897634595633,0.034528743475676,-0.0070778359659016,0.010104107670486,0.021408097818494,-0.022863421589136,0.0023202439770103,0.028699627146125,0.03121948428452,0.0070721730589867,0.035324640572071,-0.013474746607244,0.016073822975159,-0.032467465847731,0.036617167294025,0.0053603327833116,-0.033134400844574,0.028240283951163,-0.019334146752954,-0.011494698002934,-0.005573682487011,0.030147528275847,-0.032143779098988,0.0052678342908621,0.029151638969779,-0.011544031091034,-0.03380724042654,0.0092649944126606,-0.025392731651664,-0.0015782879199833,-0.0047036060132086,0.026863200590014,0.017170231789351,0.019046440720558,-0.027263520285487,-0.020286172628403,-0.0095586571842432,-0.026028886437416,-0.012710840441287,-0.015531224198639,0.024504959583282,-0.023956928402185,-0.032071720808744,0.0081751197576523,0.0018400360131636,-0.021498717367649,-0.029234115034342,0.022705497220159,0.01801760494709,0.013707462698221,0.011941449716687,0.015631863847375,-0.03320500254631,0.022213578224182,0.030128758400679,0.027204960584641,-0.010377842001617,0.015443187206984,-0.028422253206372,0.023186633363366,-0.018397316336632,0.022074997425079,0.010823490098119,-0.016177719458938,-0.016395976766944,0.035457745194435,-0.02235166542232,-0.029351243749261,0.014301432296634,-0.0083207031711936,-0.03095974214375,0.036409452557564,0.036124687641859,0.036107450723648,-0.016341634094715,0.00093895546160638,-0.016145028173923,-0.019805470481515,0.018091892823577,0.019194791093469,-0.031433295458555,0.03642189130187,0.025613548234105,0.012298190034926,-0.0019094032468274,0.0023626694455743,-0.028739500790834,-0.0019755999092013,-0.025840941816568,0.022058438509703,0.014790679328144,0.025292215868831,0.013762000016868,-0.0084290066733956,-0.0098433252424002,-0.0090346438810229,0.017987282946706,-0.034891989082098,-0.022375918924809,-0.021472869440913,-0.012591663748026,-0.024389518424869,-0.0014047924196348,-0.0071588652208447,-0.014364985749125,-0.03362488001585,-0.023334203287959,0.0089758029207587,0.0089025897905231,0.027888087555766,0.003400654764846,0.0094396909698844,0.021772714331746,0.025304799899459,0.0057489369064569,-0.021228455007076,-0.021705022081733,0.033473800867796,-0.030169472098351,-0.022216821089387,-0.00023016810882837,-0.036450520157814,-0.021788310259581,0.028678799048066,-0.020146302878857,0.008202307857573,0.029698016121984,-0.017423775047064,0.016506191343069,0.003392634447664,-0.018041212111712,-0.025447614490986,0.032701328396797,0.016218759119511,-0.028154369443655,-0.024175379425287,-0.030062193050981,0.00087068963330239,-0.0045444425195456,-0.010173936374485,-0.01705733127892,-0.00010271950304741,-0.030861837789416,-0.031634256243706,0.01683016680181,-0.014160237275064,0.012278999201953,0.01995974034071,0.002497699810192,0.031088512390852,0.029294872656465,0.00058968761004508,-0.035667836666107,-0.026315102353692,-0.027379775419831,0.014994531869888,0.029452195391059,-0.025527087971568,0.016521815210581,-0.035236686468124,0.0048241401091218,-0.015787297859788,-0.017515391111374,0.006194869056344,0.027785195037723,-0.0047620558179915,-0.0017784867668524,0.022117991000414,-0.013068901374936,-0.031031331047416,0.0079722227528691,0.01206727232784,0.018629493191838,0.011564121581614,0.018936388194561,-0.015433551743627,0.0042926254682243,-0.015524704940617,0.016344411298633,-0.024305650964379,-0.013912036083639,-0.036768984049559,0.0009821318089962,0.0050428905524313,7.2395356255583e-05,0.033773232251406,0.032731682062149,-0.0056804954074323,-0.017210153862834,-0.016297895461321,-0.0077803796157241,-0.0015885169850662,0.00782510638237,-0.033286284655333,0.031727846711874,0.0046738008968532,0.020185396075249,0.0089704655110836,0.017169456928968,0.035308867692947,-0.0021206543315202,0.006809716578573,-0.0047800992615521,-0.026597823947668,0.035706136375666,-0.008360305801034,-0.0059773125685751,-0.01993315294385,-0.03118852339685,-0.021928897127509,-0.0038863099180162,0.0075546526350081,0.030498538166285,0.015022159554064,0.020248979330063,0.01338773034513,0.014646436087787,-0.026053057983518,-0.020126251503825,0.0070466944016516,0.036127623170614,0.03662633523345,-0.014153472147882,0.021013222634792,0.002460716990754,-0.032605916261673,0.0082402741536498,-0.033595483750105,-0.020724071189761,0.0064951833337545,0.0070313699543476,0.013445443473756,0.020053584128618,0.018375791609287,-0.00011589619680308,0.0061493339017034,0.0076462780125439,0.015818132087588,0.012754020281136,-0.0098876729607582,0.013292812742293,0.01815096847713,0.024096809327602,-0.0015776890795678,-0.023757142946124,-0.014398668892682,-0.0044887238182127,0.036577943712473,0.018091700971127,0.0042251092381775,0.0018243483500555,0.0067888596095145,0.024046186357737,0.011118408292532,0.029073162004352,0.00032624931191094,-0.032610964030027,0.0044664414599538,0.01435330323875,-0.02983951382339,-0.018223557621241,-0.023431517183781,-0.034865908324718,0.031641289591789,-0.029898975044489,-0.028677523136139,0.0055407476611435,-0.0099114021286368,0.027079910039902,-0.026722302660346,0.0032685454934835,-0.0087593225762248,0.026998257264495,0.01509153842926,-0.0035957300569862,-0.02325813472271,-0.021573768928647,-0.020361898466945,-0.0068270745687187,0.0030296242330223,0.033696629106998,-0.0017516340594739,-0.029844371601939,-0.023360915482044,-0.0049105659127235,0.0058402619324625,0.014673721976578,-0.033736769109964,0.0071259061805904,0.0064900373108685,-0.0019738350529224,0.013720254413784,-0.013835417106748,0.03041466139257,-0.0064607127569616,-0.033802825957537,0.013305703178048,-0.022903716191649,-0.015029262751341,-0.012411445379257,0.0081808855757117,-0.024949403479695,-0.0031520007178187,-0.0093016466125846,0.0060377935878932,0.02532123029232,0.018679618835449,0.033594030886889,-0.02802955918014,-0.023197120055556,0.016092084348202,0.018124055117369,-0.012910268269479,0.022449556738138,0.018228398635983,0.0033546024933457,-0.057772804051638,-0.035526763647795,0.012280142866075,0.032157819718122,0.02811586856842,0.0023471431341022,0.025753578171134,-0.013248728588223,0.031479429453611,-0.035944052040577,-0.022675558924675,0.017721274867654,-0.04469707980752,-0.0029445036780089,-0.0054447199217975,0.015288819558918,0.0092785069718957,-0.0023654797114432,-0.028907254338264,-0.018166637048125,0.0010704160667956,0.016256716102362,0.023266326636076,0.012928280048072,-0.024357978254557,-0.032847043126822,0.027292026206851,-0.012509295716882,0.0064369118772447,0.022527430206537,-0.01773764565587,-0.037525672465563,0.0095832478255033,0.032877024263144,-0.0022137332707644,-0.096668072044849,0.0083857327699661,0.018238773569465,-0.024331158027053,0.023193774744868,0.033999726176262,-0.010131405666471,0.0053619807586074,-0.036745686084032,-0.023570641875267,-0.023378612473607,0.030668875202537,-0.0019000467145815,-0.013999365270138,0.0063249175436795,0.025548497214913,0.037545412778854,0.0073065087199211,0.012970956042409,-0.0068577798083425,-0.013698382303119,-0.0064948750659823,-0.026385452598333,-0.0034313190262765,-0.020913308486342,0.048920139670372,0.028956724330783,-0.047912899404764,0.0018877703696489,0.023386538028717,0.024876480922103,-0.038142330944538,-0.015516969375312,0.028684703633189,0.028353588655591,-0.024551004171371,0.019975170493126,-0.0033576365094632,-0.031472232192755,0.014960892498493,0.0018628012621775,0.033007439225912,0.028430147096515,0.012244184501469,-0.0058754659257829,0.0024684162344784,-0.019150039181113,0.019966004416347,0.00065988639835268,0.038604836910963,0.016487466171384,-0.036633029580116,-0.006177494302392,-0.028903432190418,-0.0088806878775358,-0.0078157754614949,-0.030957089737058,-0.058148734271526,-0.023439347743988,0.0078017408959568,-0.0069755217991769,0.042391989380121,-0.018383711576462,0.024243721738458,0.023687236011028,-0.0024049829225987,0.0092218639329076,-0.036980219185352,0.036541290581226,-0.024499099701643,-0.0094128241762519,0.015827473253012,0.052629061043262,0.035789754241705,0.037836827337742,0.015356382355094,-0.0027452746871859,0.018464768305421,-0.0065064779482782,-0.028060313314199,0.032103169709444,0.027426240965724,-0.0015943660400808,-0.025209592655301,-0.044406350702047,0.028028920292854,-0.021423926576972,0.0080250287428498,-0.010668537579477,0.040204171091318,0.011803867295384,-0.056672934442759,0.0075497548095882,0.011249786242843,-0.020437991246581,-0.0073044132441282,-0.056102644652128,0.00095930270617828,0.040252760052681,0.031652741134167,0.0071966266259551,0.023784372955561,0.025247285142541,-0.0043497779406607,-0.044975012540817,0.031177867203951,0.034791756421328,-0.014661657623947,0.04541440308094,0.017735922709107,0.012253755703568,0.018705843016505,0.013071747496724,0.035485848784447,-0.037923507392406,0.015914941206574,0.0094888303428888,-0.02553997002542,-0.0068999323993921,-0.018003894016147,-0.017758071422577,-0.030383050441742,-0.0063396627083421,0.026647062972188,-0.018176348879933,0.02196791395545,0.011113992892206,0.027039466425776,0.060271970927715,0.026985006406903,0.0058468361385167,0.0036526406183839,0.044117160141468,0.039592236280441,0.021273465827107,0.014345341362059,-0.026217451319098,-0.041800763458014,-0.016159657388926,0.010368360206485,-0.034874219447374,-1.8241829820909e-05,-0.00021696949261241,0.023254076018929,-0.016089456155896,-0.060419343411922,0.02776332385838,0.026855751872063,-0.03110852278769,0.015471988357604,0.017331659793854,-0.0024456104729325,0.0049049961380661,-0.010968826711178,-0.03101085498929,0.0048043504357338,0.013183988630772,-0.022801166400313,0.027258729562163,-0.0039678276516497,0.0072630359791219,0.0049897795543075,-0.011658146046102,0.031257782131433,0.029900453984737,0.033107835799456,0.012899307534099,-0.0019683500286192,0.021504750475287,-0.003623238299042,-0.047658480703831,-0.015689065679908,0.0050210529007018,-0.035294007509947,0.010825754143298,0.01577203348279,-0.015377392992377,0.016754098236561,-0.010914482176304,0.015241635963321,0.025094956159592,0.0039849956519902,-0.046698786318302,0.002007958246395,-0.020229177549481,-0.0053692832589149,-0.0143140880391,-0.035005915910006,0.031290460377932,-0.028303787112236,0.0066140121780336,0.017490446567535,0.04219913855195,-0.0015589848626405,-0.051994778215885,-0.030247254297137,0.00039637146983296,0.050710920244455,-0.036779597401619,0.032982479780912,-0.0025591419544071,-0.024633087217808,0.015442291274667,0.017635229974985,-0.044821977615356,-0.03667763248086,0.0085205901414156,0.010520173236728,-0.042722884565592,-0.011693175882101,-0.0010999953374267,0.015222306363285,0.00014049798483029,0.00079850992187858,-0.025411747395992,-0.054279886186123,-0.020937966182828,-0.0010529356077313,-0.017590453848243,0.0091629205271602,-0.026787184178829,-0.0050934315659106,0.014983895234764,0.016252841800451,-0.027482083067298,0.00487179774791,-0.017164804041386,-0.065348945558071,0.024060342460871,-0.024459613487124,-0.02406613714993,0.012904327362776,-0.026154095306993,-0.049215361475945,0.02524645999074,0.035487677901983,-0.0098492261022329,-0.0060476013459265,-0.036086473613977,-0.015529463998973,0.0056296694092453,0.044649869203568,-0.010681388899684,0.041190557181835,-0.010759850032628,-0.019266797229648,0.021837882697582,-0.024715946987271,0.024194037541747,-0.020813383162022,-0.018731873482466,-0.013196658343077,-0.013835336081684,-0.0068685240112245,-0.0009693248430267,-0.018757877871394,0.023484762758017,0.012929678894579,0.021179629489779,0.040002673864365,-0.024560859426856,-0.039768062531948,0.023517550900578,0.0064074448309839,-0.011081679724157,-0.0069443802349269,-0.043633610010147,0.032938219606876,-0.0091980313882232,0.056505270302296,-0.01993453502655,-0.0083366092294455,-0.041797883808613,-0.010648505762219,0.012473820708692,0.021549291908741,-0.018043765798211,0.014880668371916,-0.021186359226704,-0.020244659855962,-0.015644213184714,0.046981383115053,-0.022312251850963,-0.020462844520807,-0.014763326384127,-0.027903581038117,-0.048581685870886,0.00276248017326,0.020244970917702,0.022370567545295,-0.0024297423660755,0.023490281775594,-0.010528449900448,-0.033982552587986,0.0053921979852021,0.00063121749553829,0.0066848746500909,0.026410533115268,-0.015471611171961,-0.00022794856340624,-0.0081881228834391,-0.047255028039217,-0.037706736475229,0.00018343888223171,0.023644253611565,0.0097415558993816,-0.010312453843653,0.013304161839187,-0.039620850235224,-0.0017427470302209,0.030864054337144,-0.027634715661407,-0.0083453897386789,0.025450518354774,0.024787597358227,0.0042978534474969,-0.031026089563966,0.015228608623147,0.010669283568859,0.034931570291519,-0.029449667781591,-0.0075564794242382,-0.023845925927162,0.035842943936586,-0.029174609109759,-0.017532464116812,0.022085217759013,-0.022415898740292,0.012132103554904,-0.065906196832657,-0.029917428269982,0.034566376358271,-0.003642960684374,-0.014338192529976,0.038967043161392,-0.061109311878681,-0.024859247729182,0.038374725729227,-0.014502657577395,-0.009884137660265,-0.023258233442903,0.016230868175626,0.01150131970644,-0.011202530004084,0.008004954084754,0.02057384327054,0.0076203867793083,0.048212952911854,0.015655592083931,-0.019761294126511,-0.0465905405581,-0.0095200892537832,0.074258685112,0.058963537216187,-0.025994850322604,-0.01566669344902,-0.0085735898464918,-0.078405983746052,-0.047469042241573,0.010471788235009,-0.025756055489182,0.005355357658118,0.012174738571048,-0.024284280836582,-0.021356858313084,-0.036211520433426,-0.050700172781944,0.032330110669136,0.056300774216652,0.037582293152809,0.046841856092215,-0.02824292331934,0.004407234955579,0.05111476033926,0.020683655515313,0.0012083402834833,0.09987285733223,0.055894866585732,0.07105441391468,-0.052562594413757,0.0059336056001484,-0.017583331093192,0.021855941042304,0.030774477869272,-0.019862089306116,0.049197670072317,0.027547754347324,-0.068247050046921,-0.031490568071604,0.012323030270636,-0.02543262951076,0.03766006603837,-0.020458374172449,0.012762278318405,-0.020621811971068,0.013180541805923,-0.0069855460897088,0.04718004912138,-0.0019797417335212,0.037353213876486,-0.0073120254091918,0.03671370819211,-0.031846154481173,0.0070409784093499,-0.0049125547520816,0.10145826637745,0.003704788396135,0.011725414544344,-0.014433151111007,0.014601995237172,-0.048540554940701,-8.9854642283171e-05,0.012130863964558,-0.043069388717413,0.035678051412106,0.007703943643719,0.0048771048896015,-0.031911909580231,0.0031956993043423,0.041472874581814,0.013972711749375,0.022904811426997,-0.014996874146163,-0.030233295634389,0.035875733941793,-0.011311985552311,0.012964693829417,-0.023435248062015,-0.024011915549636,0.011413433589041,-0.021811900660396,0.018966732546687,-0.042521834373474,0.035592965781689,1.019703631755e-05,-0.011482800357044,0.046370651572943,-0.023324219509959,0.025034993886948,0.019515765830874,-0.029864525422454,-0.042866300791502,0.0042307684198022,0.0037960659246892,0.0095558185130358,-0.02622726932168,0.022672174498439,0.013079356402159,-0.047362025827169,0.02850803732872,-0.046261571347713,-0.030811887234449,0.041958063840866,-0.0099167246371508,-0.0023775966838002,-0.024510091170669,0.017880646511912,-0.025968594476581,0.014608783647418,-0.035997852683067,-0.001584876794368,-0.021683918312192,0.026468276977539,0.04018310457468,-0.003494203556329,0.084481805562973,-0.045510370284319,0.038166753947735,0.035827424377203,0.039249043911695,0.026066992431879,0.013723739422858,-0.016912441700697,0.0096631534397602,-0.050355363637209,-0.027546415105462,-0.037647102028131,-0.042490057647228,-0.0031405882909894,0.018250856548548,0.020021636039019,-0.022714551538229,0.044061604887247,-0.016060998663306,0.0030315704643726,-0.0050036059692502,-0.042845241725445,0.013230826705694,0.0011382211232558,0.012724427506328,-0.00405557686463,-0.023746572434902,0.0099229114130139,0.028703982010484,-0.0048819850198925,0.047773376107216,0.016025077551603,0.023268356919289,-0.037114452570677,0.0079157613217831,0.029270702973008,0.017483666539192,-0.031256411224604,0.029197189956903,-0.017563013359904,0.026511734351516,-0.032774925231934,-0.0056716813705862,-0.026053469628096,0.0061218370683491,-0.0085527747869492,0.0058380886912346,0.020458549261093,0.064932800829411,-0.023736586794257,0.09052387624979,-0.039024025201797,-0.0080261621624231,0.0064053116366267,0.027773056179285,0.0015565439825878,-0.020404161885381,-0.027716558426619,0.015966536477208,0.020482588559389,-0.033198893070221,-0.034331005066633,-0.020859021693468,0.024753706529737,0.03094975836575,0.0024597425945103,0.030062455683947,0.028803905472159,-0.0064424900338054,0.0044218488037586,0.0049849967472255,-0.033713903278112,-0.0016362033784389,0.0128567321226,0.027286300435662,-0.046885281801224,-0.034023437649012,-0.044949907809496,-0.0036632029805332,-0.0049654631875455,0.0017286485526711,0.022845981642604,0.016009816899896,-0.007300213444978,-0.0043799239210784,0.0023975414223969,-0.0057353903539479,0.016402889043093,-0.018152073025703,-0.026533622294664,0.018863776698709,0.071444384753704,0.00094466673908755,0.044268053025007,0.012910507619381,0.019780466333032,-0.030826346948743,0.042215265333652,-0.02364788018167,-0.011188055388629,0.01531689427793,0.042175736278296,0.026384511962533,0.03505851328373,0.021569449454546,-0.046519834548235,0.041184820234776,0.0098602082580328,-0.0064345616847277,-0.02538126334548,0.03319987654686,0.021899236366153,0.031376205384731,-0.031901247799397,-0.070069305598736,0.013836084865034,0.024081688374281,0.010978042148054,-0.041990853846073,0.02861513197422,-0.019555622711778,0.048362262547016,0.0056557729840279,-0.0031241485849023,-0.076767839491367,0.044483628123999,0.054563712328672,-0.0255774743855,-0.040059067308903,0.034188531339169,-0.060638286173344,0.016386788338423,-0.0010545272380114,-0.0080842133611441,-0.042186457663774,0.039457976818085,0.00331956660375,0.022211950272322,0.00023434025933966,0.013762600719929,0.031925648450851,-0.0033911527134478,0.042308121919632,-0.010148849338293,0.037156634032726,-0.013517007231712,0.0024134141858667,0.011874624527991,-0.016243664547801,0.035668112337589,-0.025407841429114,0.023019161075354,-0.024589590728283,-0.0060991956852376,0.029060110449791,-0.027902459725738,0.0098832212388515,0.022889755666256,0.025864377617836,-0.029668008908629,0.013384081423283,0.006273047067225,-0.0081631988286972,-0.026567148044705,-0.036472614854574,0.046850308775902,0.010706453584135,0.030187113210559,-0.003015405498445,0.007807687856257,-0.013834442943335,-0.038549665361643,0.011175589635968,-0.012494133785367,0.02439140714705,0.02366004139185,0.025677120313048,0.0301493704319,-0.0087046818807721,0.039046585559845,-0.0042095957323909,-0.026044052094221,-0.046326126903296,-0.026949632912874,0.031306345015764,-0.0094662569463253,0.0077413795515895,-0.0021688709966838,0.0299764405936,0.029965249821544,-0.035181615501642,-0.007740946020931,-0.0090569201856852,0.023661559447646,-0.055238824337721,-0.033998891711235,-0.0073442682623863,-0.022464368492365,-0.013195256702602,0.035994131118059,0.014043543487787,-0.023692445829511,0.016432473435998,-0.028187299147248,-0.023202415555716,0.033155545592308,0.02893984131515,0.024890741333365,-0.030062362551689,-0.0036186736542732,-0.013550432398915,0.024089086800814,-0.097011230885983,0.03062299080193,-0.01227652374655,-0.015514658764005,-0.06964897364378,-0.031863190233707,-0.061576690524817,0.032130792737007,-0.020591422915459,0.020250137895346,-0.017348438501358,0.07263321429491,-0.021866990253329,-0.02024707570672,-0.020780520513654,-0.007676990237087,0.050586950033903,-0.039811912924051,0.046793457120657,0.0038377954624593,0.018956208601594,-0.063522771000862,-0.015841089189053,-0.0029731716495007,-0.0076489527709782,0.00014673214172944,-0.022045861929655,0.0022863207850605,0.024322770535946,0.015136000700295,-0.024253379553556,-0.0031672369223088,0.01557301916182,-0.028435118496418,-0.021528266370296,-0.013861742801964,-0.030990537256002,-0.026954254135489,-0.029472319409251,0.0018130851676688,0.036243349313736,-0.0017996586393565,0.0070313741452992,0.011528601869941,-0.0094064585864544,-0.030343336984515,-0.029918283224106,-0.031617626547813,0.014966386370361,0.02621410600841,0.030881086364388,0.0046848473139107,0.026775982230902,-0.0045251250267029,-0.035092756152153,-0.018002586439252,0.024458890780807,0.032576955854893,-0.029975594952703,-0.00099710340145975,0.021804125979543,-0.023325432091951,0.0002169868821511,0.020109426230192,0.0032590683549643,-0.0044310935772955,-0.017473125830293,-0.029049942269921,0.023421309888363,0.0029949175659567,0.027113514021039,0.029143750667572,-0.024315414950252,-0.035684652626514,-0.0083853080868721,-0.0037136906757951,0.020225025713444,0.02755263261497,0.02683287113905,-0.0084251239895821,-0.01931888051331,-0.035494368523359,-0.0076861353591084,0.027559837326407,-0.014187920838594,-0.033850036561489,0.029110584408045,-0.02202813141048,0.033096414059401,0.0054543823935091,-0.018215825781226,-0.021268635988235,-0.03070898912847,0.02917192876339,-0.0092734033241868,0.0012541075702757,0.0084450989961624,-0.015718242153525,-0.018957426771522,-0.024482592940331,-0.024011939764023,0.024834871292114,0.033199995756149,-0.017799565568566,-0.014116046018898,-0.026915991678834,-0.037249337881804,0.0048927403986454,0.022533984854817,-0.01211974862963,-0.015474240295589,0.0095600858330727,-0.017974069342017,-0.022172518074512,-0.033723570406437,0.011044745333493,0.0086169978603721,-0.010057683102787,0.0095898816362023,0.024549517780542,-0.016559092327952,0.01427305676043,-0.021394060924649,-0.033815961331129,-0.018396697938442,0.00076457147952169,0.0043007177300751,0.010486893355846,-0.023368896916509,0.013743357732892,0.023209704086185,0.016038961708546,-0.036161813884974,0.035305272787809,0.009375206194818,0.0059332614764571,-0.024071499705315,0.031791653484106,0.019420260563493,0.023528762161732,-0.026014802977443,0.033788107335567,-0.016760226339102,-0.029759993776679,-0.0018445178866386,-0.014880769886076,-0.029435904696584,-0.011221216991544,0.012280289083719,0.002947854809463,0.0022748308256269,-0.0075559755787253,-0.031092574819922,0.012732771225274,0.014803824946284,0.024894939735532,-0.002862261608243,-0.0092986775562167,0.005011978559196,0.023472987115383,0.032822828739882,0.02641143836081,0.031443450599909,-0.0081925736740232,0.037324998527765,0.023885117843747,0.021137645468116,-0.0064637693576515,-0.012894273735583,-0.0090085603296757,-0.0048999493010342,-0.013692126609385,-0.0243279337883,-0.023162964731455,0.040987316519022,-0.014420130290091,-0.015932437032461,-0.001878097653389,-0.0040419246070087,0.0085643865168095,-0.018531681969762,-0.024206832051277,-0.001621313393116,0.02328735217452,0.00037450628587976,-0.010786002501845,-0.031154563650489,-0.014361349865794,0.025379067286849,0.0014706834917888,0.030480939894915,-0.013272020965815,-0.020448781549931,-0.026536993682384,0.031225057318807,0.012066856957972,0.030737703666091,-0.012239611707628,0.015190743841231,0.015157750807703,-0.0055473493412137,-0.018987938761711,0.014601071365178,-0.00066618493292481,0.010981447994709,0.012866210192442,-0.035435397177935,-0.032763104885817,0.0072224074974656,0.025790760293603,-0.012986371293664,-0.030104670673609,-0.031968683004379,0.0064456588588655,-0.0057758586481214,-0.036467134952545,-0.026136429980397,-0.023675367236137,0.0097823552787304,0.034777168184519,0.026425421237946,0.0062866606749594,-0.01054818648845,-0.028244214132428,-0.01549750007689,0.029737768694758,0.019224470481277,-0.0069553861394525,-0.022005770355463,0.023312296718359,0.033914584666491,0.0026473663747311,0.0067582847550511,-0.029596073552966,0.028159083798528,0.003342849900946,-0.027990749105811,-0.024949546903372,-0.0013269643532112,-0.013151267543435,0.0056190327741206,-0.010320611298084,-0.0011110028717667,0.012629628181458,-0.022291315719485,0.010529985651374,-0.026894863694906,-0.0069757914170623,-0.0022219505626708,0.011317396536469,0.020603772252798,0.03502468764782,0.018737332895398,-0.015040446072817,-0.013567812740803,0.016784088686109,-0.0075379409827292,-0.016271254047751,0.019885517656803,0.0026546027511358,-0.010749113745987,-0.014761469326913,-0.0017747662495822,-0.025914773344994,-0.00011229571100557,0.0010747878113762,-0.024723920971155,-0.030048720538616,-0.0020636531990021,0.012719660066068,0.034741003066301,-0.010169383138418,-0.011949309147894,0.0073779812082648,-0.012093889527023,-0.0090021602809429,0.015251373872161,0.0035926478449255,-0.028396360576153,0.045060656964779,-0.031826037913561,-0.0046492586843669,0.029628627002239,0.029608117416501,-0.017473014071584,0.0048074573278427,0.029802486300468,0.0038486223202199,0.0012009813217446,0.037443157285452,-0.025983607396483,0.0044804560020566,-0.022335628047585,0.031688239425421,0.010798790492117,0.022768607363105,0.028799736872315,-0.025015557184815,-0.016010778024793,-0.025128029286861,0.028898136690259,0.015689240768552,-0.022871177643538,-1.1397902198951e-05,-0.011476713232696,-0.0044199577532709,0.0053269923664629,0.02360013127327,-0.0071612484753132,-0.033005829900503,-0.019010419026017,0.014754604548216,0.0086823385208845,0.030780110508204,-0.010817671194673,-0.0040754936635494,0.015140897594392,0.034678936004639,-0.021498100832105,0.0091510526835918,-0.0097708776593208,0.017143225297332,-0.020656177774072,0.013792658224702,-0.029959909617901,0.028330383822322,0.019366296008229,0.0016722192522138,0.011000731959939,0.002720448654145,-0.012802977114916,0.016648005694151,-0.02118319645524,0.025100570172071,-0.036980774253607,-0.003254976356402,0.032533142715693,-0.025726471096277,0.039357639849186,-0.0048395148478448,0.0052248844876885,0.010342873632908,-0.013290273956954,-0.026445845142007,0.012022703886032,0.018180798739195,0.014785432256758,-0.0015363066922873,-0.031810816377401,0.040530893951654,0.026169903576374,-0.0061299656517804,0.035761538892984,0.0077917734161019,0.018418096005917,0.01048191357404,-0.003633726388216,0.0067061511799693,0.01116343960166,-0.011621478013694,0.0088901873677969,0.031045947223902,0.030527854338288,-0.023239225149155,0.00028982976800762,0.033137749880552,-0.025255646556616,0.030521411448717,-0.0021067552734166,0.023431880399585,0.024356547743082,-0.017486976459622,0.0022652272600681,0.029423141852021,0.017984420061111,0.0022135560866445,0.022790206596255,-0.012869603000581,-0.0055402060970664,-0.0063179149292409,-0.034155707806349,0.025902766734362,-0.018783455714583,-0.015567688271403,0.024161664769053,-0.012896079570055,0.02257333137095,-0.0047625540755689,-0.015480286441743,0.014098073355854,0.024022972211242,-0.036925155669451,-0.026409581303596,-0.03012584336102,-0.0058167465031147,0.0026075071655214,0.02368432469666,0.034004099667072,-0.0021756433416158,0.031105604022741,0.015302868559957,0.035480167716742,-0.034043401479721,0.0076454509980977,0.019054448232055,-0.010481903329492,0.032437399029732,0.0241181794554,-0.038486950099468,0.031656123697758,-0.017216006293893,-0.024213427677751,-0.0081683117896318,0.011724136769772,-0.029218308627605,-0.018509812653065,0.032411023974419,0.029048565775156,-0.023950373753905,-0.021248042583466,0.028439845889807,-0.017642304301262,-0.027884071692824,-0.020373295992613,-0.04184890165925,-0.012940463609993,0.018054898828268,0.0051979729905725,0.020320320501924,0.012226165272295,-0.0078933704644442,0.027921484783292,-0.010823939926922,0.021254619583488,0.013241463340819,-0.03091673925519,0.020388768985868,-0.0021470431238413,-0.0072269472293556,-0.002477427246049,0.004190044477582,-0.014236900024116,0.024611769244075,-0.011247737333179,-0.023187531158328,0.025391617789865,0.04460184648633,0.043438192456961,0.012746079824865,-0.017618533223867,0.016811331734061,0.011514959856868,0.015966635197401,0.011704279109836,0.018275748938322,-0.0031223627738655,0.0081660272553563,-0.031671620905399,-0.014555835165083,0.03843779489398,0.030461400747299,0.017518324777484,-0.028260990977287,-0.015825908631086,-0.045483943074942,0.015565875917673,0.0091841025277972,-0.0044780666939914,-0.011156868189573,-0.041837330907583,-0.0060094213113189,0.0036607056390494,0.029130747541785,0.0262963604182,-0.033689569681883,0.016562081873417,0.051365952938795,0.034791197627783,-0.021727943792939,-0.0016396265709773,0.0073452075012028,-0.038351938128471,0.023804446682334,0.033885169774294,0.018355999141932,0.022739075124264,-0.0012531017418951,-0.0081775262951851,0.03565289825201,-0.019959781318903,-0.035721972584724,-0.017045045271516,-0.014340538531542,0.012410392053425,0.005837787874043,-0.00050345878116786,0.031597681343555,0.010806825011969,-0.024909269064665,0.029891334474087,0.043015386909246,0.029031967744231,0.0025581151712686,0.03173840418458,-0.026310736313462,0.020698377862573,-0.026797782629728,-0.0041632116772234,-0.021546503528953,-0.0015296771889552,-0.020863197743893,-0.039881151169538,0.0022441621404141,0.0028432565741241,0.016292095184326,-0.0051154685206711,0.011446600779891,0.01262329518795,0.017651854082942,0.018073940649629,0.030983839184046,-0.039520636200905,-0.0094092087820172,0.013078520074487,0.029814448207617,-0.033104225993156,-0.037785638123751,-0.012945992872119,0.022351752966642,0.0031161594670266,-0.021631302312016,-0.014974226243794,-0.0080662975087762,0.035168580710888,0.005511456169188,-0.004156956449151,-0.03065736964345,0.011491330340505,-0.030938442796469,-0.0018388202879578,0.032040540128946,0.0084039717912674,-0.025916565209627,-0.03717915341258,-0.003077975474298,-0.01463458687067,0.026296673342586,-0.029219338670373,-0.00076404307037592,-0.0087319063022733,-0.0055435816757381,0.017803082242608,-0.028198678046465,0.034073621034622,-0.017236696556211,-0.0007091352599673,-0.014047318138182,0.006885998416692,0.011404984630644,0.014789850451052,0.022816566750407,0.015681941062212,-0.0015537805156782,0.037579260766506,0.036622293293476,0.0029979252722114,0.018832691013813,0.02102892100811,0.029647452756763,0.033361803740263,0.03003085963428,-0.023751014843583,-0.0083801681175828,0.024617504328489,-0.024769516661763,0.030635951086879,0.024589624255896,0.024326359853148,0.030804434791207,0.0056976675987244,0.013646240346134,0.032321888953447,0.027045007795095,0.022908536717296,-0.033689115196466,-0.01477238163352,-0.00051102531142533,0.0021880774293095,0.024942245334387,-0.010335971601307,-0.0077104181982577,0.01097278855741,-0.019919579848647,0.015456235036254,-0.013794638216496,-0.023446505889297,-0.010737336240709,-0.0052558337338269,0.022979754954576,-0.026917234063148,0.029001256451011,-0.013824508525431,0.027538157999516,-0.016678852960467,-0.0060677458532155,-0.029402254149318,0.020853126421571,0.010399926453829,0.018195087090135,-0.020329689607024,0.021938554942608,-0.016278095543385,-0.02613659016788,-0.035550732165575,0.0047954604960978,-0.0059496341273189,0.034745011478662,-0.03999587520957,-0.0099131660535932,0.037704363465309,0.03593822196126,0.029831657186151,0.03814835101366,-0.011162935756147,-0.032167471945286,-0.0020122032146901,0.033318568021059,-0.0029957944061607,-0.017797568812966,-0.022924089804292,-0.0006201074575074,0.038126569241285,-0.023796740919352,0.022186072543263,-0.0083705270662904,-0.025021040812135,-0.027359275147319,-0.011643496342003,0.015661705285311,0.00670394487679,-0.033347606658936,-0.021055679768324,0.039751399308443,0.019619265571237,0.012477880343795,-0.01023356616497,-0.014694915153086,-0.016059782356024,0.030712570995092,-0.023087983950973,0.028857540339231,-0.01032211817801,-0.028912167996168,-0.036659069359303,-0.013158660382032,0.042801033705473,-0.022529315203428,-0.025766337290406,-0.0057788379490376,-0.025188401341438,0.030117502436042,-0.0095390873029828,0.028060276061296,-0.016806945204735,-0.031825084239244,0.034008000046015,-0.03645958006382,-0.017385724931955,-0.011767379008234,0.0024758842773736,0.012141449376941,-0.028455343097448,-0.0098929796367884,0.028988601639867,-0.0084180412814021,0.028483621776104,-0.020802695304155,-0.01219257991761,-0.0300960149616,0.015662999823689,0.027201781049371,0.0021868133917451,-0.01871700771153,0.024124577641487,0.056584525853395,0.034322135150433,-0.029961111024022,0.0061461389996111,0.0067144697532058,0.022305738180876,0.0049482379108667,0.0025841540191323,0.0020196023397148,-0.023913167417049,-0.0049674385227263,-0.029223121702671,-0.01178827509284,-0.0043259831145406,0.030772102996707,-0.02353684976697,-0.020624043419957,-0.040510229766369,-0.016682576388121,-0.013071623630822,-0.0013390464009717,-0.013859486207366,-0.0076454565860331,0.0072854491882026,-0.02641816996038,-0.030695648863912,0.023918332532048,0.0062746698968112,0.0020346189849079,0.03009887970984,0.0036763395182788,-0.0067534986883402,0.044191058725119,-0.0022438885644078,-0.018762854859233,-0.01238704379648,0.018560521304607,-0.027311155572534,0.0065754535607994,0.022845601662993,0.029589945450425,-0.011067488230765,0.0029834320303053,0.020516717806458,0.012415856122971,-0.0062672821804881,0.031726714223623,0.018882744014263,0.026371963322163,0.0075964271090925,-0.015947617590427,-0.016471609473228,0.023101283237338,0.0064745773561299,-0.0041209002956748,0.0026561068370938,-0.036815587431192,-0.0040210275910795,-0.020826043561101,-0.038774594664574,0.015377293340862,0.010539873503149,-0.017533151432872,-0.030343197286129,0.010659620165825,-0.022878730669618,0.024110207334161,0.030573412775993,-0.0095447925850749,0.0060703651979566,-0.01403939910233,0.0058476887643337,0.006334749981761,-0.0049606077373028,-0.00097520655253902,-0.007569557055831,-0.0032517712097615,0.031102044507861,0.018808826804161,0.0013996806228533,-0.032007668167353,-0.022853685542941,-0.032916128635406,-0.026448104530573,-0.020638575777411,-0.010663944296539,-0.031642857939005,-0.0099277533590794,0.012490707449615,-0.00091543165035546,-0.024294933304191,0.0097311586141586,-0.032132852822542,0.0049079516902566,-0.0090386662632227,0.0068853553384542,-0.023064401000738,0.0010546838166192,0.012900367379189,-0.027051966637373,-0.023901363834739,-0.023292938247323,0.036466527730227,-0.024827776476741,-0.033262111246586,0.022016309201717,-0.024128511548042,0.030290307477117,-0.0094518829137087,-0.032089795917273,0.026213770732284,0.0080582611262798,-0.0063108992762864,0.0092466613277793,0.0048830900341272,-0.0057057314552367,0.022628286853433,0.021863406524062,0.011705003678799,0.018525052815676,-0.022345338016748,-0.023619180545211,-0.02883056551218,-0.017577350139618,-0.021661614999175,-0.032231483608484,-0.028982823714614,-0.03088603913784,-0.025008046999574,0.018476847559214,-0.015566187910736,0.0299406722188,-0.033435069024563,-0.028873879462481,-0.011452279984951,-0.0073942369781435,-0.031410001218319,-0.019886180758476,0.032640442252159,-0.0094183133915067,0.00847786385566,-0.033741690218449,0.0094446958974004,0.022281117737293,0.033960919827223,-0.025987677276134,-0.023479027673602,-0.038932558149099,0.0037795202806592,0.036701951175928,0.031051002442837,-0.01606322452426,-0.016158485785127,-0.024370396509767,-0.015177464112639,-0.024619437754154,-0.0097994059324265,-0.013649124652147,-0.0015288590220734,0.028894018381834,0.013014293275774,-0.0111601408571,-0.035774566233158,-0.026218973100185,0.029814820736647,0.0099807837978005,0.006485793273896,0.019184565171599,-0.0264129973948,0.006712210830301,0.028111301362514,0.034490402787924,0.01363284420222,-0.026808120310307,0.022545823827386,0.019747970625758,0.030128370970488,-0.01567623205483,0.0096276504918933,-0.015648916363716,0.013088398613036,-0.031932048499584,-0.022104747593403,0.0012302054092288,0.014471242204309,-0.0173284355551,-0.013914482668042,-0.0037909320089966,-0.024631587788463,0.031177304685116,0.010634578764439,-0.021171484142542,0.021493997424841,-0.036984808743,-0.035036664456129,0.031443733721972,0.028615236282349,0.035149950534105,-0.028015332296491,-0.023903995752335,0.016538431867957,-0.0078963469713926,0.033234558999538,0.021174930036068,0.011128197424114,0.0024672634899616,0.013952758163214,-0.018852788954973,-0.022137843072414,-0.026879340410233,-0.037117540836334,-0.0067075798287988,0.020641848444939,0.028597366064787,-0.020681461319327,-0.0043632877059281,0.003881246317178,-0.023129716515541,-0.021981319412589,0.018328310921788,-0.015390666201711,-0.0070382724516094,-0.03493271023035,-0.003326966194436,0.018601765856147,0.024030799046159,0.012288264930248,-0.010094086639583,0.017978550866246,0.022672113031149,-0.0044614402577281,0.031904865056276,0.030355526134372,0.00086078001186252,-0.022152164950967,0.011914260685444,0.014699696563184,-0.019446641206741,0.034969832748175,0.01527513936162,0.02970021776855,-0.016065513715148,0.0064998888410628,0.029742281883955,0.0075454157777131,0.020582918077707,-0.0010664258152246,-0.033657789230347,-0.019557407125831,-0.028280401602387,-0.037762936204672,0.015273254364729,-0.0073232003487647,0.020019369199872,-0.0062947790138423,0.0217260196805,0.029927818104625,0.032282527536154,0.0023624741006643,0.0133226076141,0.02788345143199,-0.012876156717539,-0.030237935483456,0.0089118015021086,0.028101477771997,-0.032573197036982,-0.019610254094005,-0.0062644719146192,-0.021844193339348,0.0073287738487124,-0.03041934594512,0.022771056741476,-0.0063903098925948,-0.01798876747489,-0.0041594277136028,-0.003372895764187,0.0016804758924991,0.012171007692814,-0.012815638445318,-0.0065193735063076,0.0029686384368688,-0.017381692305207,-0.021168624982238,0.0074765202589333,0.019665170460939,0.034546881914139,-0.0025058360770345,-0.021777614951134,0.0017593731172383,-0.019054222851992,-0.0099494149908423,0.0060688774101436,-0.0087500251829624,-0.012629417702556,0.028449133038521,-0.031268712133169,-0.0024358467198908,0.032061636447906,-0.033087003976107,-0.018207687884569,-0.027953643351793,-0.015224645845592,0.027432573959231,0.025475570932031,-0.028713345527649,0.0075953314080834,0.010454407893121,0.016948511824012,0.010487519204617,0.010060758329928,0.0017646363703534,0.0095913279801607,0.0045078936964273,-0.038080353289843,-0.025032425299287,-0.019600100815296,0.020919635891914,0.0054253926500678,-0.022695410996675,-0.013712347485125,-0.032136276364326,0.016603942960501,0.0028013312257826,0.0074779698625207,0.024620587006211,-0.016280699521303,0.021359188482165,0.0076254257000983,-0.022296663373709,0.025673843920231,-0.023228820413351,-0.011616218835115,0.02457757294178,0.034880541265011,-0.0052494183182716,0.034240934997797,0.031372558325529,-0.0097253527492285,-0.0081059783697128,0.0068016406148672,-0.034426879137754,-0.012891232036054,0.0026379299815744,0.0081196958199143,0.031273316591978,-0.0028297838289291,0.03253074362874,0.016373677179217,0.0010012455750257,0.0059481118805707,-0.03763236105442,0.032971367239952,0.028359161689878,0.023239653557539,0.01038471236825,0.0076772370375693,0.019624890759587,0.0035102672409266,-0.021450825035572,-0.0013377591967583,0.0067520486190915,0.0201485902071,-0.032571613788605,-0.006561120506376,0.027001256123185,-0.0021939277648926,-0.026790872216225,-0.025041729211807,0.00025236009969376,-0.031123431399465,0.0006428430788219,0.010416261851788,-0.013074310496449,0.021412996575236,0.02233330719173,-0.0010595021303743,0.027970174327493,-0.011107132770121,0.020415659993887,-0.030286472290754,-0.020011596381664,0.025048604235053,0.032508336007595,-0.016940208151937,0.0067522330209613,-0.013884068466723,0.019221881404519,0.0073944586329162,0.028960965573788,-0.0062570041045547,-0.022864373400807,0.0039314581081271,-0.011074448935688,0.016851715743542,0.029028968885541,-0.033420562744141,-0.0063208690844476,0.030853003263474,0.022691637277603,0.017644822597504,0.032917324453592,0.0061450763605535,0.0024365023709834,0.021455788984895,-0.031029351055622,-0.035967838019133,-0.021626705303788,-0.0076981564052403,-0.016204044222832,0.02695170789957,-0.017767369747162,-0.0099135534837842,0.019880827516317,0.019042542204261,-0.0089288651943207,-0.017419632524252,-0.0075302934274077,0.036140602082014,0.025685325264931,0.010684926062822,-0.018752668052912,0.023608699440956,-0.032513242214918,-2.3111537302611e-05,0.013342736288905,0.014942611567676,-0.0040831910446286,0.034517243504524,-0.020642435178161,0.0042880740948021,0.033272981643677,-0.025673866271973,-0.02010010369122,0.012925949878991,-0.031493369489908,0.013793088495731,-0.00051977997645736,-0.030030742287636,-0.019468825310469,-0.0164261944592,8.1791564298328e-05,-0.028341930359602,-0.018349900841713,-0.026857351884246,-0.011500965803862,0.0059113358147442,-0.022398579865694,0.021311951801181,-0.0094938883557916,0.026304215192795,0.014404803514481,-0.022160457447171,-0.0095531269907951,0.02112004160881,0.028935562819242,0.026788054034114,0.00080267299199477,-0.0048332591541111,0.030860226601362,-0.022232891991735,0.016217159107327,0.035639252513647,0.014464084990323,-0.0073229619301856,0.010289061814547,-0.017835957929492,0.043812368065119,0.026988061144948,-0.016545798629522,0.021422931924462,0.026407673954964,0.018945097923279,-0.0024129771627486,0.01034664362669,-0.0020678727887571,-0.017224434763193,0.020030528306961,-0.02619918435812,-0.041956014931202,0.021260341629386,0.014150158502162,-0.017165713012218,-0.016404686495662,0.030779266729951,0.0023023055400699,-0.005481026135385,0.020567812025547,0.0088605247437954,0.039385411888361,-0.024895455688238,0.020429579541087,0.023325823247433,0.0085821878165007,-0.027942491695285,-0.03489662706852,0.0016416239086539,-0.0072349929250777,0.036978501826525,0.0096745463088155,0.0094561688601971,-0.025896813720465,0.026436354964972,-0.0073884120211005,-0.018450601026416,0.012165910564363,0.03533436357975,-0.034983053803444,0.0071020033210516,0.0025264406576753,0.0019722383003682,0.0099801858887076,-0.020970651879907,-0.018741374835372,0.0038954420015216,-0.025327749550343,-0.017373517155647,-0.011269068345428,0.0037820802535862,-0.013585273176432,-0.010499994270504,0.030763152986765,0.030020076781511,-0.02700561657548,-0.029554819688201,-0.041230496019125,0.021825946867466,0.031388565897942,-0.0074979062192142,-0.0086064552888274,0.0059965252876282,-0.0023438022471964,0.014091528952122,-0.015813967213035,-0.0050569586455822,-0.031295094639063,-0.011146013624966,0.0025590050499886,-0.016242174431682,-0.014326456002891,0.0092519866302609,0.028459200635552,-0.031548298895359,0.004523697309196,-0.014380421489477,-0.025977214798331,0.0082272635772824,-0.0013344008475542,-0.0053447275422513,-0.023882228881121,-0.010972471907735,-0.0084957918152213,-0.025874340906739,0.022240040823817,-0.022249296307564,-0.029713364318013,-0.010423985309899,0.0040003596805036,-0.030054550617933,0.039000909775496,0.00010302226291969,0.0076415673829615,-0.011860275641084,0.018082149326801,0.010936145670712,-0.033051449805498,0.028174145147204,0.017784589901567,0.026273986324668,-0.018783751875162,-0.025540594011545,0.0017726323567331,-0.039743896573782,0.011898104101419,-0.0059018768370152,0.018277859315276,0.024440851062536,-0.0083362609148026,0.021128676831722,0.0040579605847597,0.031494963914156,-0.0079589039087296,0.016633676365018,0.020096069201827,-0.016955805942416,-0.028276646509767,-0.010189399123192,-0.012635989114642,-0.0055664675310254,-0.0022317222319543,0.017338484525681,0.024918969720602,-0.026043388992548,0.01356188300997,0.0046090516261756,-0.015588949434459,0.02836812287569,0.022226506844163,0.016118796542287,0.0093830525875092,0.016207290813327,-0.032507717609406,0.0099971545860171,-0.031271904706955,0.039536699652672,-0.033412724733353,-0.021253529936075,0.015764178708196,0.031816519796848,-0.022421782836318,-0.028738994151354,-0.0072338497266173,0.0067715803161263,0.011278211139143,-0.015681879594922,0.021981697529554,-0.034253366291523,0.020034374669194,0.033124934881926,-0.033712688833475,-0.005193242803216,-0.0072008264251053,0.017867520451546,-0.0047816359438002,-0.0022582290694118,0.00087803235510364,-0.017854610458016,-0.029437905177474,0.002588804345578,0.021334720775485,-0.0073537100106478,-0.034957256168127,-0.0094996010884643,0.024616891518235,0.013456670567393,-0.0024175783619285,-0.017237443476915,-0.013170660473406,0.037342324852943,-0.015716563910246,-0.03223891928792,0.025593001395464,0.0040159239433706,0.030992036685348,0.011610911227763,0.014152102172375,0.002977560274303,-0.00023492469335906,0.032525315880775,-0.019869299605489,-0.017556035891175,0.010714107193053,0.019688460975885,0.015526086091995,0.0039672744460404,-0.024133956059813,0.026563981547952,-0.0034651323221624,-0.0059634852223098,0.028133291751146,0.0070007876493037,-0.006178711540997,-0.004755072761327,-0.041216816753149,-0.026735743507743,-0.02531760558486,-0.0014073003549129,-0.0024858338292688,-0.0022945764940232,0.0059788622893393,0.019100084900856,-0.01215676125139,-0.0061872401274741,-0.0090656159445643,-0.0031939174514264,-0.0072697694413364,0.028845246881247,0.026379583403468,0.015127695165575,-0.017126657068729,-0.024067409336567,0.046794537454844,-0.005965652409941,0.015812085941434,-0.029450649395585,-0.020364986732602,0.021145641803741,-0.0087488871067762,0.027997814118862,-0.00065217592054978,-0.033307712525129,-0.017671164125204,0.0022551871370524,0.012579201720655,-0.015184745192528,0.030281851068139,0.044825796037912,-0.0039685498923063,-0.020688811317086,0.019434528425336,0.019935565069318,-0.020318804308772,0.02049377374351,0.012694835662842,0.022068668156862,0.03736125677824,-0.019325334578753,-0.012977957725525,0.010381918400526,0.019180225208402,-0.016214078292251,-0.0031644927803427,0.011973817832768,-0.01250471919775,-0.02428344078362,0.019383773207664,-0.0048288158141077,0.015252435579896,-0.029575603082776,0.0020626995246857,-0.015126183629036,-0.017607079818845,0.029781820252538,0.02200280316174,-0.0068296841345727,0.0055787116289139,-0.018883498385549,-0.0093451766297221,-0.02158685401082,-0.033001326024532,0.034670140594244,-0.00080424675252289,-0.020248161628842,0.02536522783339,-0.014916884712875,0.017916018143296,0.00017560546984896,-0.0031259125098586,-0.043526228517294,-0.02520040050149,0.022236594930291,-0.011002491228282,-0.021637996658683,0.027733197435737,0.031578999012709,0.037037376314402,-0.041995719075203,-0.031359829008579,-0.031226245686412,-0.0079895816743374,-0.0083969198167324,0.0010429066605866,-0.033249575644732,-0.0073186163790524,0.0079033821821213,-0.021069152280688,0.0027340198867023,0.032348860055208,-0.037374198436737,-0.0086073074489832,-0.0178506039083,-0.005795132368803,-0.030077707022429,-0.034321408718824,-0.019374247640371,-0.021995963528752,-0.00093623041175306,0.029406433925033,0.024087285622954,0.029689287766814,0.023082349449396,-0.021239038556814,0.00018540059681982,-0.018103158101439,0.025118116289377,0.014593832194805,-0.028382705524564,-0.033706843852997,0.0306415874511,-0.014822910539806,0.036186959594488,0.0032012544106692,-0.0060349982231855,0.010608643293381,0.02521506883204,-0.017870981246233,0.010479941964149,-0.022340646013618,0.031262863427401,0.025406053289771,-0.0070319543592632,0.009047775529325,0.033079292625189,0.044433705508709,-0.0089214760810137,-0.024568945169449,-0.012151431292295,-0.021259285509586,0.010656445287168,0.031080389395356,0.029139421880245,0.012454126030207,0.009252866730094,0.012726195156574,0.025401901453733,0.035960342735052,-0.028377303853631,0.006650953553617,-0.006204932462424,-0.020027937367558,0.023163763806224,-0.0036949040368199,0.028433457016945,0.0058916215784848,-0.041692797094584,-0.031777147203684,-0.027002805843949,-0.01555769238621,-0.014908383600414,0.028317069634795,0.014024324715137,-0.011027085594833,0.036671828478575,-0.040945712476969,-0.018292931839824,-0.027913404628634,-0.016649121418595,0.022794838994741,-0.012239363975823,-0.004500160459429,-0.013922200538218,0.020617119967937,0.030232079327106,0.036428980529308,0.028158070519567,-0.017728360369802,-0.036507532000542,0.026666648685932,-0.01023967564106,-0.028755931183696,0.0097578903660178,0.010730651207268,0.038663871586323,-0.032913826406002,-0.035103369504213,0.028403280302882,-0.00071003520861268,0.018460346385837,-0.0022712973877788,-0.0051598632708192,0.044010575860739,0.036573149263859,-0.0041195647791028,0.012589167803526,-0.016758698970079,0.040618453174829,-0.028553197160363,-0.017751602455974,0.020193191245198,0.013047982007265,-0.041331704705954,0.0015121803153306,0.0021995983552188,0.0087980590760708,-0.007083716802299,-0.022792110219598,-0.03514176979661,-0.0025009955279529,-0.0025149425491691,0.037600331008434,-0.00012645289825741,0.0067206020466983,0.0062545891851187,0.0068203238770366,0.013636263087392,0.022672791033983,0.0057624354958534,-0.029899325221777,0.0010878873290494,-0.024424586445093,-0.010123548097908,0.029400972649455,-0.030089095234871,0.028603794053197,-0.010971590876579,-0.0099026663228869,-0.035994175821543,0.023300442844629,-0.0039422432892025,-0.017198376357555,-0.0034749754704535,-0.028846435248852,0.041835255920887,0.044289831072092,0.026573600247502,0.0035749541129917,-0.030219931155443,-0.026629561558366,0.0047939764335752,0.010785030201077,-0.0025836070999503,0.014158112928271,-0.032448008656502,-0.026327908039093,-0.015611157752573,0.014932018704712,0.017893793061376,-0.014708407223225,-0.01286352891475,0.0013081541983411,0.0031812621746212,-0.0069331196136773,-0.028998238965869,-0.029363121837378,0.017252672463655,0.006935060955584,-0.025333845987916,-0.017540609464049,0.029976319521666,-0.031422272324562,-0.019863160327077,-0.015889612957835,-0.00048869336023927,0.013837684877217,0.011160514317453,0.029534364119172,-0.0014993265504017,-0.016651388257742,0.037327274680138,0.022626141086221,-0.0088703781366348,0.0042380946688354,-0.012781388126314,-0.0047592287883162,0.042513906955719,0.022431755438447,0.00014441245002672,0.02985075302422,-0.0035574298817664,-0.010538758710027,-0.017854575067759,0.015787288546562,-0.0006275592604652,-0.014907281845808,0.019493928179145,-0.016201168298721,0.011788076721132,-0.023503521457314,-0.028825148940086,-0.018341302871704,-0.00858592428267,-0.013636158779263,-0.042854033410549,-0.013437851332128,0.019307602196932,0.0016821714816615,-0.0043848124332726,0.0067441039718688,0.03786426782608,0.034898791462183,-0.014298386871815,0.039811432361603,-0.012178916484118,-0.018682835623622,-0.036057814955711,-0.0083117801696062,0.031205860897899,-0.029560104012489,0.041661769151688,-0.020761959254742,-0.015575587749481,0.041018027812243,0.046111259609461,-0.037130035459995,-0.0082100257277489,-0.031453777104616,0.0050888019613922,-0.033987417817116,0.0090170679613948,-0.0035100178793073,0.0043060840107501,0.0050339549779892,-0.015697784721851,0.012520485557616,-0.019229939207435,0.040234565734863,0.029389977455139,-0.0085426215082407,0.0066316043958068,0.0025983159430325,-0.027523817494512,-0.016314079985023,0.0088643431663513,-0.022305727005005,-0.015915278345346,-0.025817660614848,0.036202248185873,0.027184722945094,0.039796657860279,0.036127779632807,0.015644237399101,-0.0028152198065072,-0.010646985843778,0.018969478085637,0.020477186888456,0.017723118886352,-0.02890020981431,0.013858648948371,0.01512204669416,-0.01258406508714,0.0087169175967574,-0.019324205815792,-0.0040368190966547,-0.003987732809037,-0.0089811999350786,-0.019182713702321,0.034204352647066,-0.0032291079405695,-0.0012900969013572,0.0071283956058323,0.020386453717947,0.014317973516881,0.02312826924026,0.010059021413326,0.035641942173243,0.04481753334403,-0.023497132584453,-0.031845793128014,-0.015555379912257,-0.022794058546424,0.013656468130648,-0.035792715847492,0.032193344086409,-0.007041500415653,-0.0099679976701736,-0.018817061558366,-0.0059862448833883,0.02872658520937,-0.0059286123141646,0.021427189931273,-0.018167585134506,-0.021953750401735,0.031365230679512,-0.0095202056691051,0.034988265484571,-0.039018731564283,0.011628827080131,-0.0044157891534269,-0.0061227800324559,0.016313748434186,-0.020878627896309,-0.018999133259058,0.036594271659851,0.035164654254913,0.017356911674142,-0.021047437563539,-0.029938301071525,0.010870073921978,0.016050733625889,0.028394389897585,0.032866645604372,-0.013909168541431,-0.033949676901102,-0.025204388424754,0.025810657069087,-0.0070537058636546,-0.031946986913681,0.0052514090202749,-0.020921619608998,0.028292253613472,0.029355326667428,0.022436520084739,0.0011511981720105,0.019513634964824,-0.024118553847075,0.027737447991967,0.01221642550081,-0.014678843319416,-0.015872299671173,-0.031837370246649,0.023771174252033,-0.0093768807128072,-0.035064682364464,-0.0031639081425965,-0.0020558042451739,0.036972243338823,0.00082514731911942,0.016275230795145,-0.0096208890900016,0.0099645955488086,0.021308962255716,0.026231626048684,-0.01827241666615,0.035923276096582,-0.029884217306972,0.024122694507241,0.0042250524275005,0.027619542554021,0.026686137542129,0.011623249389231,-0.006403970066458,0.014969332143664,0.022447675466537,0.021336745470762,-0.03358693048358,-0.034059930592775,0.037749253213406,0.02754569798708,-0.014286236837506,0.0070639462210238,0.0084937643259764,-0.014145959168673,0.013228259980679,0.024829484522343,-0.010726836510003,0.016607068479061,0.0093040447682142,-0.0065251672640443,0.017006440088153,0.022663626819849,0.01672499999404,0.020132476463914,0.014349795877934,0.038178443908691,0.010630436241627,-0.035357784479856,-0.0048893443308771,-0.022162586450577,0.015337981283665,0.021081393584609,0.041845105588436,0.0013547228882089,-0.002334086690098,0.028785830363631,-0.013526853173971,0.010912828147411,-0.015594113618135,-0.023719476535916,0.021916657686234,-0.012875863350928,-0.028865339234471,0.0280557051301,0.02117739059031,-0.011947691440582,0.012886578217149,0.031454749405384,0.00031904072966427,0.004327367991209,-0.0090403035283089,0.011389307677746,0.009409892372787,-0.035456404089928,-0.0017107216408476,-0.023446349427104,-0.01472058147192,-0.031047660857439,0.023831753060222,-0.0073342835530639,0.032874796539545,-0.0040818629786372,-0.024569287896156,0.011991856619716,0.028080755844712,-0.013696259818971,-9.2936294095125e-05,0.0277059096843,0.018248213455081,0.023335350677371,-0.015327365137637,-0.043535329401493,-0.034323710948229,-0.01098473649472,-0.040926959365606,-0.024200985208154,0.011556950397789,-0.017909409478307,0.034709461033344,0.031070113182068,0.028121756389737,-0.0072090295143425,-0.0075776088051498,-0.011369633488357,0.032736800611019,0.02649243734777,-0.018095223233104,0.0046374853700399,0.018839264288545,-0.032288309186697,0.039386302232742,0.0020331949926913,-0.024610586464405,0.014858561567962,-0.01845752261579,-0.03169996291399,0.031625878065825,-0.01496849860996,0.03009020537138,-0.030885780230165,-0.0020242989994586,-0.044101912528276,0.021325204521418,0.020652811974287,0.020527578890324,-0.020516194403172,-0.033938344568014,0.01738771609962,-0.025298135355115,0.021185284480453,-0.036454010754824,-0.036308173090219,0.02291408367455,-0.0033090994693339,0.019485123455524,0.034986164420843,0.02678813226521,0.038571249693632,-0.035090919584036,-0.0051896199584007,0.0049220845103264,-0.032110553234816,-0.015952536836267,-0.018345454707742,-0.0079480642452836,0.0090013295412064,0.021550917997956,-0.014449616894126,-0.045069977641106,-0.033380322158337,0.035356093198061,0.0028404344338924,-0.01922514103353,-0.013367251493037,0.028025981038809,-0.0062234071083367,0.029914913699031,-0.046334251761436,-0.067808620631695,0.051247477531433,-0.025545569136739,0.051351845264435,0.038112103939056,-0.013383321464062,0.0064224940724671,0.019587216898799,-0.03904228284955,-0.0092965746298432,-0.019613532349467,-0.024943558499217,-0.039181299507618,0.020773701369762,0.040227025747299,-0.032685656100512,-0.010046508163214,-0.033659193664789,-0.010346010327339,-0.037805929780006,-0.010434797033668,0.030257249251008,-0.012655572965741,-0.016429869458079,-0.04245912283659,-0.025633443146944,-0.071273855865002,0.0025503903161734,-0.02063824608922,-0.037988126277924,0.0020076485816389,0.0023677451536059,-0.059757094830275,-0.03783730044961,0.017653465270996,0.0076767904683948,-0.023639863356948,-0.0094759287312627,-0.047727219760418,0.0094541311264038,-0.026945041492581,-0.026482556015253,-0.0044928607530892,0.041736107319593,0.0039768042042851,-0.020817590877414,0.035946112126112,-0.0039103743620217,0.0073192729614675,-0.024648394435644,-0.019014824181795,0.022627133876085,0.028195418417454,-0.0025889202952385,0.029893508180976,-0.0075663807801902,-0.059289984405041,0.10683391243219,0.024509260430932,0.044029120355844,-0.0010543260723352,0.043377235531807,0.0064182477071881,0.020716290920973,-0.0046275877393782,0.021760975942016,-0.0012203787919134,-0.053755350410938,-0.034274555742741,0.013585138134658,-0.040749613195658,-0.015424546785653,-0.0063974196091294,-0.019300473853946,0.027868425473571,-0.017206836491823,-0.00030562619213015,-0.03476694598794,0.042136888951063,-0.023199573159218,0.016164366155863,-0.012467232532799,0.036451049149036,-0.027301736176014,-0.0016936220927164,0.0010155600029975,-0.021052878350019,0.051431629806757,0.0022018365561962,0.028928682208061,0.012173641473055,0.0027752299793065,0.032300230115652,-0.038203120231628,-0.024477845057845,0.012650138698518,0.0070355609059334,-0.0045245094224811,-0.0011569617781788,-0.00028945712256245,0.0028961640782654,-0.0025220606476068,0.015404929406941,-0.01801254414022,0.0080705480650067,0.012652054429054,0.023574886843562,-0.012368362396955,-0.024707689881325,-0.011653674766421,0.0023616007529199,-0.037015438079834,0.053166583180428,0.026514925062656,0.0086701391264796,0.01276205573231,-0.0057542128488421,0.045774359256029,-0.03113186173141,-0.013401048257947,0.015066305175424,-0.042316984385252,0.034899897873402,0.0042920764535666,0.0099241295829415,0.028231624513865,-0.019238904118538,-0.044877786189318,-0.025655554607511,0.012386543676257,0.037503067404032,-0.01705764606595,-0.0093060098588467,-0.019469888880849,-0.033475071191788,0.027170682325959,0.015987494960427,0.026920339092612,0.0091116661205888,-0.028649060055614,-0.014430594630539,-0.017649678513408,0.034770779311657,0.011554484255612,0.0072480891831219,-0.026822861284018,-0.021425547078252,-0.013229981064796,-0.032980229705572,0.0005168859497644,-0.011434331536293,-0.028911622241139,-0.015906512737274,-0.01534930896014,0.059835061430931,-0.024396359920502,0.033545292913914,0.013613112270832,0.005316917784512,-0.027150643989444,0.0094766449183226,-0.014487287029624,-0.042164191603661,0.035119749605656,-0.014176206663251,0.017708372324705,-0.019537404179573,0.0056249531917274,-0.021061349660158,-0.0007058258051984,-0.017477845773101,-0.013027833774686,-0.019050765782595,-0.021280277520418,0.040435448288918,0.028548039495945,0.0047410139814019,0.019089205190539,0.017593508586287,-0.0050555733032525,0.017458068206906,-0.0063953287899494,-0.023255111649632,-0.015134741552174,-0.019166370853782,-0.0013929925626144,-0.04541914910078,0.0050043724477291,-0.033669080585241,0.011616263538599,0.019825221970677,0.050618890672922,-0.024514738470316,0.010887050069869,-0.022366398945451,-0.004919839091599,0.019434640184045,0.0031074434518814,-0.01497769728303,0.020888492465019,-0.015708765015006,-0.0024344865232706,-0.0054667284712195,0.01557607576251,0.028477054089308,0.019904168322682,0.0044325976632535,-0.0035997345112264,-0.015917263925076,-0.024873295798898,0.032843314111233,0.043858841061592,0.027240755036473,-0.0066953459754586,-0.0028027456719428,-0.0086001977324486,0.020319923758507,-0.012945577502251,0.032152362167835,-0.013959011994302,0.0050097722560167,0.01353105250746,0.0017134331865236,0.0022422932088375,-0.02542918920517,0.013447786681354,0.036863297224045,0.026594838127494,0.025492398068309,0.022353671491146,-0.0046175848692656,-0.014626075513661,0.033061437308788,-0.032054278999567,-0.023925490677357,0.04482364654541,0.018569955602288,-0.010689151473343,0.039420247077942,0.0048021688126028,0.030158342793584,-0.014018207788467,0.04988382011652,0.024619936943054,-0.01040069386363,-0.039840810000896,0.0070485859178007,0.031181205064058,-0.033702563494444,-0.036486398428679,-0.0059491498395801,-0.01960757933557,0.0092795426025987,0.041846409440041,-0.010139407590032,0.015080612152815,0.024331083521247,-0.010077938437462,-0.026081845164299,0.011221117340028,-0.0042381240054965,0.0013617167714983,0.045230090618134,-0.032971456646919,-0.00209910585545,0.016549250110984,-0.022138327360153,0.0024769343435764,-0.0077649392187595,0.033370420336723,0.0072649433277547,0.016115890815854,0.015571474097669,0.013143141753972,-0.0095389690250158,0.014513915404677,-0.00076894904486835,-0.039482343941927,0.013232873752713,-0.00077935092849657,0.032285545021296,0.015172117389739,-0.00129565957468,-0.001518944860436,0.023098198696971,0.048014145344496,0.010531243868172,-0.0066029727458954,0.0036701997742057,-0.021355023607612,-0.01899310387671,0.0196802765131,5.4955249652267e-05,0.031650748103857,-0.013449022546411,0.049177058041096,0.0043513863347471,-0.030441228300333,0.020970715209842,-0.003300771350041,-0.0071089207194746,-0.00093172158813104,-0.017691602930427,-0.03739357739687,-0.0069298790767789,-0.01711505278945,0.026048563420773,-0.0065058106556535,-0.011850378476083,0.028013767674565,-0.012735205702484,-0.042032092809677,-0.012208472937346,0.025049986317754,0.021259957924485,0.011546180583537,-0.01216359063983,-0.0073282541707158,-0.011311057023704,-0.047345954924822,-0.020670153200626,0.015017595142126,0.033154617995024,0.0063424203544855,0.035167813301086,-0.0058644842356443,0.037483736872673,-0.029214082285762,-0.0088593559339643,0.00079541851300746,0.045007038861513,-0.041097488254309,0.023311726748943,0.00084045121911913,-0.015671437606215,-0.013853083364666,0.016940306872129,-0.034558586776257,-0.0021769413724542,-0.021187832579017,-0.024662366136909,-0.028403922915459,-0.013411123305559,0.017326667904854,0.0011478289961815,0.02535393461585,-0.0012441567378119,0.021850110962987,0.015437941066921,0.034695897251368,0.0016614955384284,0.036894831806421,0.028867976740003,0.0077744810841978,0.03212820366025,0.008005402982235,0.010053745470941,-0.014420277439058,0.033795695751905,0.022844491526484,0.035821728408337,-0.0017324400832877,0.0070898500271142,-0.0034680650569499,0.0097446758300066,0.0053099235519767,0.034810692071915,0.033987767994404,0.009698043577373,0.028639450669289,0.023582426831126,-0.029866514727473,0.028178261592984,-0.027661077678204,0.014912149868906,0.017463961616158,0.015368636697531,-0.0034255543723702,-0.030390579253435,-0.02326038107276,0.032969947904348,0.024572459980845,0.015283127315342,0.00078236171975732,0.0064091328531504,0.014084700495005,-0.0098555814474821,-0.039289362728596,-0.017926272004843,-0.0083341170102358,-0.001802270533517,0.00044650639756583,0.014204537495971,0.028565943241119,0.024645581841469,0.034522548317909,-0.017191266641021,0.017498508095741,0.037270713597536,-0.011709144338965,0.0032433229498565,0.040671456605196,0.0051242876797915,-0.012368742376566,0.0054795951582491,0.022551352158189,-0.0091863609850407,0.030085599049926,0.0075499624945223,-0.029746452346444,4.5700817281613e-05,-0.036447871476412,-0.012091415002942,0.020928345620632,0.026878267526627,0.015358097851276,0.022354686632752,0.028018020093441,0.002559254411608,-0.021389912813902,-0.01311207935214,0.032686222344637,-0.025052616372705,0.020244566723704,-0.0072811432182789,0.0068858889862895,0.036012906581163,-0.0031641041859984,0.021428991109133,0.037486877292395,0.0071684587746859,0.02666050940752,0.028824776411057,-0.029904596507549,-0.043924052268267,-0.018128152936697,0.019229363650084,0.0087803285568953,0.0090702483430505,0.018522823229432,-0.013019850477576,0.03443692997098,-0.032703727483749,0.012269264087081,0.037682205438614,0.022899007424712,-0.0040086326189339,0.0040183970704675,-0.032371137291193,0.0027070248033851,0.021394060924649,0.00084095075726509,0.019456282258034,-0.015370888635516,0.0080392370000482,-0.054423194378614,-0.035081919282675,-0.024562638252974,0.03970418125391,-0.010872260667384,-0.012135875411332,0.022349327802658,-0.015754032880068,0.015682170167565,-0.026506831869483,-0.0061008557677269,0.034714035689831,0.019012289121747,0.013382845558226,-0.00021709057909902,-0.026213210076094,0.039662357419729,-0.025063075125217,0.021639879792929,-0.030896224081516,0.034028653055429,-0.039004538208246,-0.0094123343005776,0.032668445259333,0.027701746672392,-1.5448207705049e-05,0.051411207765341,0.0024705920368433,-0.0017712987028062,0.011383635923266,0.0028644688427448,-0.037773586809635,0.022983457893133,-0.0031105948146433,0.011644442565739,-0.015528307296336,-0.0019052549032494,0.046973831951618,0.033122628927231,-0.0075741875916719,-0.012871525250375,-0.027665924280882,-0.0022195167839527,-0.0175059158355,-0.037229184061289,-0.0067493207752705,-0.0037940037436783,-0.053424533456564,0.021978927776217,0.0085736298933625,-0.0054044960997999,0.02359146438539,0.02022971585393,-0.026434479281306,-0.0017367501277477,-0.0033856134396046,0.013452146202326,-0.013929614797235,-0.0075778807513416,0.00283137941733,0.033358801156282,-0.0034534344449639,-0.026657443493605,-0.032654620707035,-0.015859046950936,0.0079886838793755,0.033329360187054,-0.010036993771791,-0.036426197737455,-0.014351706951857,-0.036981787532568,-0.030552394688129,0.004059100523591,-0.011581087484956,-0.018197437748313,0.02294802851975,-0.02555650472641,0.025085275992751,-0.035153944045305,-0.028862977400422,-0.0074168490245938,-0.0023591776844114,0.010803079232574,0.035172246396542,0.012525479309261,-0.0013786783674732,-0.018596785143018,-0.013295857235789,-0.015187696553767,-0.027195379137993,0.034776460379362,-0.036327008157969,-0.0090884985402226,-0.0088175218552351,0.0056623728014529,-0.005411793012172,-0.029974944889545,0.022806219756603,0.014707738533616,0.01256691198796,-0.030003340914845,0.020155962556601,-0.02633523195982,0.041597492992878,-0.029241990298033,0.037048064172268,0.0005633810069412,0.035873044282198,0.010056612081826,0.013800944201648,-0.0085395453497767,-0.031633120030165,-0.010855993255973,0.023797875270247,-0.020647641271353,0.013359454460442,0.02218615822494,-0.039449714124203,-0.010684035718441,-0.017931709066033,-0.0062297671101987,0.012559759430587,0.018661400303245,0.034092880785465,-0.013783949427307,-0.028597904369235,-0.027236618101597,0.029491569846869,0.016104567795992,-0.029483573511243,0.03735725581646,-0.011330643668771,-0.0086898282170296,0.035547040402889,-0.010671435855329,-0.03156840801239,0.014833297580481,0.0025797395501286,0.020160280168056,-0.032772589474916,-0.04194200783968,0.036225613206625,0.050941307097673,-0.025227267295122,0.020226074382663,0.016148261725903,0.019320892170072,0.0067866714671254,0.031113440170884,-0.00049085868522525,0.0092837130650878,0.02565691433847,0.021508203819394,0.015710482373834,-0.02736589871347,-0.00091259542386979,0.026731552556157,-0.045344848185778,-0.046761654317379,0.012448075227439,0.004729313775897,-0.033886626362801,0.015365534462035,0.011301907710731,0.031748879700899,0.0080676469951868,0.016050610691309,0.022566743195057,-0.0087188268080354,0.033597510308027,-0.0083082430064678,-0.0067140702158213,0.015617083758116,-0.031340062618256,0.0055749826133251,-0.016922751441598,0.0060996864922345,-0.010672499425709,-0.034962236881256,0.0052587888203561,0.032511100172997,0.01489457115531,-0.0017619204008952,0.017732959240675,-0.016427965834737,-0.0018319872906432,0.01838044449687,-0.033307548612356,0.025675218552351,0.022028900682926,-0.0094230165705085,0.010272413492203,0.021328765898943,0.02776712179184,0.032041613012552,0.027184586971998,-0.0059028887189925,0.020495755597949,-0.0041888607665896,-0.027472902089357,-0.029754726216197,0.025443505495787,0.001007841899991,-0.025565683841705,0.018604384735227,0.028597081080079,0.012774941511452,0.024554861709476,0.031858339905739,-0.015086931176484,0.017258387058973,-0.016534730792046,-0.0039282245561481,0.032738674432039,-0.017300324514508,0.025095863267779,0.0081636440008879,-0.023714179173112,-0.019039181992412,0.026034958660603,0.02789025940001,0.02148530818522,-0.03346885740757,-0.0049439938738942,0.023983802646399,0.01780079305172,-0.020032169297338,0.011272451840341,-0.031367652118206,0.018063707277179,0.012880774214864,0.021284518763423,-0.035560701042414,0.0022262793499976,0.031608831137419,-0.012325652875006,-0.0063179340213537,-0.01656536012888,-0.022133124992251,-0.014458049088717,-0.03446563705802,0.021859975531697,0.0097911888733506,0.018611781299114,0.047534804791212,-0.030261311680079,0.028242371976376,0.026030840352178,0.028200710192323,0.019059745594859,0.0083556724712253,-0.05212089791894,-0.028372257947922,0.014673723839223,-0.035967234522104,0.022804135456681,-0.022962732240558,-0.01767810806632,-0.019882967695594,-0.032912969589233,-0.037830986082554,-0.048743460327387,-0.0062315324321389,0.027588104829192,0.0055264760740101,0.02863016538322,0.035662170499563,-0.013645707629621,-0.016495775431395,-0.0030118527356535,0.016681412234902,-0.0051561114378273,-0.03770424425602,-0.013441994786263,-0.042147070169449,-0.020960003137589,0.038927968591452,-0.0075473678298295,-0.034692145884037,-0.016442565247416,-0.021443538367748,-0.0029073611367494,0.025536669418216,0.017166767269373,-0.033034861087799,-0.0058802915737033,-0.0041587869636714,-0.044336430728436,-0.021410489454865,0.044407855719328,-0.010569248348475,0.021825393661857,-0.03039425611496,0.033178750425577,0.01130129955709,0.009132576175034,0.021121740341187,-0.0078181158751249,-0.016391905024648,-0.011634725145996,0.015901073813438,0.033147215843201,0.034571927040815,0.035642977803946,0.02845473587513,-0.038437180221081,-0.025593435391784,-0.030974872410297,0.030704205855727,-0.035673554986715,-0.022909322753549,0.027215352281928,0.0062874886207283,-0.021539025008678,-0.017793813720345,-0.02287276275456,0.064448125660419,-0.013244876638055,0.015873109921813,0.023249376565218,-0.0072329118847847,0.023495778441429,0.029850332066417,0.01564159989357,-0.032621517777443,0.011356725357473,-0.02767720259726,0.056578870862722,-0.03024504519999,-0.014067284762859,-0.052858505398035,0.032490860670805,0.0035892024170607,0.02927890047431,0.0052083642221987,-0.0054812030866742,-0.012317836284637,-0.046027537435293,0.050856452435255,-0.029779750853777,-0.0012718858197331,-0.0175506696105,-0.0018041714793071,-0.021908011287451,-0.020152406767011,-0.030749836936593,-0.01010231487453,0.038612965494394,-0.012189162895083,-0.024111770093441,0.002190759871155,-0.02827257476747,-0.00097132893279195,-0.032966833561659,-0.0087014548480511,-0.027479201555252,-0.02180883474648,0.013166225515306,-0.048712778836489,0.033434212207794,-0.027831319719553,-0.035268649458885,0.0083880368620157,-0.0066837170161307,0.0098131932318211,-0.028436150401831,-0.028139878064394,0.037494849413633,-0.042661372572184,0.031392861157656,-0.010665640234947,0.022566072642803,0.019314365461469,0.0017861002124846,0.019753189757466,-0.044295765459538,0.029454551637173,-0.033502973616123,0.022810833528638,0.0075908377766609,-0.027128791436553,0.029035653918982,-0.0037554570008069,0.0089670307934284,-0.0041131563484669,0.021504199132323,-0.034503117203712,-0.0079884007573128,-0.041498504579067,-0.017025075852871,-0.013507382944226,-0.032202064990997,-0.0096939112991095,-0.018694756552577,0.016685051843524,-0.010575126856565,0.023698737844825,0.035973086953163,-0.028821231797338,0.012501395307481,-0.016288289800286,0.0218855291605,-0.020984873175621,-0.011954203248024,0.012119418941438,0.01212673727423,0.012154438532889,-0.0022354868706316,-0.0058587351813912,0.034952938556671,-0.032325252890587,-0.0010055731981993,0.028941839933395,-0.013446498662233,-0.0059004644863307,-0.019886028021574,0.027323314920068,0.014879630878568,0.013694855384529,0.026855915784836,0.013282203115523,0.025279581546783,-0.015196101740003,-0.032899372279644,-0.0098048411309719,0.02434890717268,0.010268094949424,-0.0080006439238787,-0.029886279255152,0.00099672900978476,-0.025982473045588,-0.045815240591764,0.017315646633506,-0.000329170958139,-0.015349078923464,0.0079034958034754,-0.038483064621687,0.029312575235963,0.018305590376258,0.0060314508154988,0.029491316527128,-0.040306378155947,0.01295676920563,-0.006548919249326,-0.036049418151379,-0.029636453837156,0.021934142336249,0.00018143355555367,0.025874285027385,0.026243021711707,-0.02705536223948,0.016448646783829,-0.007304267026484,-0.011477934196591,0.0099417241290212,-0.025999134406447,-0.033821910619736,0.01615677960217,-0.023342162370682,-0.014455322176218,-0.00060438911896199,-0.024992138147354,-0.041731398552656,0.021481728181243,-0.027375107631087,-2.0309907995397e-05,-0.023302847519517,0.024050844833255,-0.035163834691048,-0.026959884911776,0.034061595797539,0.0078530739992857,-0.0042079510167241,0.0043449588119984,0.0097991144284606,-0.02770047262311,-0.00047863615327515,-0.055642440915108,0.040217664092779,-0.0052347308956087,0.010908965952694,-0.0069240243174136,-0.036763343960047,-0.028559839352965,-0.0080307088792324,-0.0099541824311018,0.041016325354576,0.037126660346985,0.038443803787231,-0.017988922074437,0.019691128283739,0.0084302853792906,-0.018489483743906,0.032906878739595,-0.017620151862502,0.028887515887618,0.027796087786555,0.03846736997366,-0.0017586895264685,-0.040345031768084,-0.019274417310953,-0.004088812507689,0.014359878376126,-0.057408537715673,0.010592829436064,0.025757057592273,-0.040212836116552,0.0021702866069973,0.00083178217755631,0.0085070189088583,-0.0050547369755805,0.030820772051811,-0.033022981137037,0.0097500644624233,0.008378922007978,-0.020996797829866,-0.027068266645074,0.010821669362485,-0.063589461147785,0.0090058511123061,0.018277008086443,0.027278620749712,0.016354132443666,0.0022268665488809,-0.012124435044825,-0.048633564263582,0.0039741499349475,0.01948830857873,0.0096970563754439,0.013158028945327,-0.017705090343952,0.020748058333993,-0.033374447375536,-0.0085065439343452,-0.048486672341824,0.03112118691206,0.00029535740031861,-0.0086642615497112,-0.02694932743907,0.012665778398514,0.010352327488363,-0.011669063940644,-0.017696542665362,0.018450291827321,0.013236053287983,-0.028028128668666,-0.035782102495432,-0.0331093929708,0.003427122021094,-0.016586964949965,-0.038115777075291,-0.015106765553355,0.048275545239449,-0.0044305771589279,-0.02908243983984,-0.0028059540782124,-0.0062583107501268,-0.034705277532339,0.0038620396517217,0.0032082123216242,0.014129615388811,0.019277779385448,0.021632751449943,-0.0067804348655045,0.021178914234042,0.0084003340452909,0.0078314607962966,0.012008927762508,-0.069318436086178,0.01375041808933,0.0087242899462581,0.011898624710739,-0.047069914638996,-0.0035295740235597,0.039092801511288,0.052210751920938,0.020546406507492,-0.0062404288910329,0.04199780896306,-0.029510166496038,0.02330775745213,0.01190026756376,0.019976582378149,-0.023287810385227,-0.020377406850457,-0.0059738135896623,-0.0078029930591583,-0.019457558169961,0.029782170429826,-0.00045769300777465,-0.0077275773510337,0.011018749326468,0.062181036919355,-0.013702074065804,0.019115500152111,-0.0082635087892413,0.049430727958679,-0.0023222207091749,0.009459269233048,-0.014985106885433,0.0031552352011204,0.018088797107339,-0.0040875235572457,-0.018586236983538,-0.029565420001745,0.0085164532065392,-0.011233334429562,0.031892336905003,-0.016751224175096,0.0056900037452579,0.0047545307315886,0.0012520372401923,0.0085058584809303,-0.027895037084818,-0.027846287935972,-0.017544437199831,-0.020587904378772,0.0093039534986019,-0.026238987222314,0.033854104578495,0.014158915728331,0.031617447733879,-0.035791825503111,0.016801672056317,-0.0089823370799422,-0.012834214605391,-0.011363189667463,0.02846685051918,-0.03683940321207,-0.051262211054564,0.0078196441754699,-0.0063663329929113,0.034936312586069,-0.023487031459808,-0.0092208832502365,-0.029598915949464,0.015751080587506,-0.0042582699097693,-0.019797310233116,-0.038570828735828,-0.014676217921078,-0.0085110357031226,0.025388613343239,-0.0032443380914629,-0.044474344700575,0.026829764246941,-0.0010757407872006,-0.036939360201359,-0.00015960252494551,0.00032714536064304,-0.027650024741888,0.0037961581256241,0.018549390137196,-0.011367644183338,-0.0050120507366955,0.022072557359934,0.030058389529586,0.013268664479256,0.05042364820838,0.0046782931312919,-0.0019697137176991,-0.009808074682951,-0.010918555781245,0.038776177912951,0.012519374489784,-0.023260476067662,-0.038707423955202,0.035589721053839,-0.036697037518024,-0.0053747314959764,-0.021101558580995,-0.025473166257143,0.023439200595021,0.016334345564246,-0.015821225941181,-0.0018323452677578,-0.018328413367271,-0.013049770146608,-0.019540706649423,0.0049838172271848,0.029937198385596,-0.038035176694393,0.023664714768529,0.036246724426746,0.011227532289922,-8.6434185504913e-05,0.012260405346751,-0.023573763668537,0.035692755132914,0.0090518621727824,-0.027214664965868,0.031486712396145,-0.017445221543312,0.0090227192267776,-0.0037574102170765,-0.0070747132413089,-0.014245898462832,-0.0095208920538425,-0.0045694932341576,0.011161526665092,0.0028986211400479,-0.048016235232353,-0.0044098105281591,0.049423199146986,0.017247384414077,0.021803138777614,0.034428164362907,0.0060341884382069,-0.012632449157536,-0.015615374781191,0.0089224278926849,0.020167410373688,-0.017166120931506,0.015205387026072,0.01384465675801,0.0006590781849809,-0.0089628649875522,-0.015643363818526,-0.025249626487494,-0.029279166832566,0.01733073592186,0.012292412109673,0.019349299371243,0.00043102318886667,0.036613143980503,0.023622456938028,-0.0047585805878043,-0.032723817974329,0.043163374066353,-0.013984704390168,-0.017631959170103,0.035752292722464,-0.034767657518387,0.0022435537539423,-0.032763965427876,0.0056688557378948,0.021860813722014,-0.0044106431305408,-0.0028547772672027,-0.043235652148724,0.008598705753684,-0.018978508189321,0.0021971180103719,-0.014384029433131,0.02504089102149,0.0409892834723,0.068100772798061,-0.002425451297313,-0.031514164060354,0.0087137445807457,0.002941861981526,-0.02725088968873,0.038195382803679,0.024980364367366,0.032862644642591,-0.021864699199796,-0.011945843696594,0.013756337575614,-0.0027066345792264,-0.00038053368916735,-0.043015532195568,0.0074010198004544,-0.017752330750227,-0.023927243426442,0.00066338869510219,0.03142187744379,0.012540149502456,0.01275887247175,-0.023177789524198,-0.0018071369268,-0.049144197255373,0.029022032395005,-0.0062102270312607,-0.044095784425735,-0.023234846070409,0.016905855387449,-0.019459843635559,-0.0076589337550104,-0.044923320412636,0.022331476211548,0.002405772684142,0.012357937172055,-0.015629129484296,0.0015476252883673,0.031383041292429,0.0092669045552611,0.037377089262009,-0.0046704802662134,0.035378985106945,0.01465686224401,0.019756635650992,-0.0086567597463727,-0.02591217122972,-0.036390487104654,-0.010302977636456,-0.030238460749388,-0.02784532494843,-0.021951848641038,-0.022697914391756,0.0045212884433568,-0.0003362231364008,-0.0056392033584416,-0.015608039684594,0.015997232869267,0.007618029601872,0.024450298398733,-0.041086178272963,-0.018470676615834,-0.01578670553863,0.013138463720679,0.019190678372979,-0.027011400088668,0.028531596064568,-0.015368047170341,-0.0067714001052082,0.045081336051226,0.0067522027529776,-0.011259329505265,-0.0089867739006877,0.01883183978498,0.011738157831132,0.023778425529599,-0.015683455392718,-0.037517555058002,0.02492312900722,0.034086767584085,0.0048417318612337,0.045630730688572,0.028843216598034,0.017867814749479,0.033509075641632,-0.020311655476689,0.004786363337189,0.014499142765999,0.026232333853841,0.0025508680846542,-0.013304529711604,-0.015087657608092,-0.029313836246729,-0.031624104827642,0.027149682864547,0.02737770229578,0.0071525922976434,-0.0072250319644809,-0.016024876385927,-0.019213831052184,-0.040590412914753,0.042121279984713,1.1310161426081e-05,0.021624147891998,-0.025962345302105,0.0097734173759818,-0.0010492282453924,-0.0033134806435555,-0.039594430476427,-0.003197702113539,-0.0011109570041299,-0.013091992586851,0.00049920164747164,0.010812126100063,0.018848057836294,-0.033740721642971,-0.022923661395907,-0.0073865302838385,0.014861112460494,-0.017847141250968,0.010438680648804,0.03709565103054,0.032266173511744,-0.02223658375442,0.00043939746683463,0.0056906286627054,0.0050357189029455,0.011702840216458,0.035786002874374,-0.0058942018076777,-0.028650170192122,-0.0041031925939023,0.018946457654238,0.019428472965956,0.021665861830115,0.016086168587208,0.026769800111651,-0.040829703211784,-0.025167223066092,0.026899432763457,0.0050014778971672,0.011411290615797,-0.029803566634655,0.030621586367488,0.021491054445505,0.011528936214745,0.034089334309101,-0.0018309389706701,-0.016100760549307,-0.038040190935135,0.026450544595718,0.0054309330880642,0.0032826359383762,-0.029676517471671,-0.034828275442123,0.0066138715483248,-0.015277244150639,0.023669620975852,-0.020602567121387,0.0020960874389857,0.012764358893037,-0.02332896925509,0.015739150345325,0.0093091037124395,-0.024442117661238,0.028586765751243,0.0094276340678334,0.020588330924511,-0.02342988923192,-0.034644275903702,0.0038556479848921,0.028546575456858,0.03561082482338,-0.021087821573019,0.035382449626923,0.018614510074258,0.0031045677606016,-0.036170445382595,0.0040034586563706,0.006636259611696,0.0021509218495339,0.012137616053224,-0.020850360393524,-0.028880789875984,-0.013588553294539,0.02643764950335,0.039949163794518,0.034522030502558,-0.047061044722795,-0.0010827328078449,-0.029332876205444,0.034456547349691,-0.033304244279861,-0.026188896968961,-0.0274922195822,-0.019766576588154,-0.013518516905606,-0.033829588443041,0.0044138412922621,0.036237318068743,-0.020644811913371,-0.052824549376965,0.038732524961233,-0.013546652160585,0.0023302235640585,-0.0124133201316,-0.022351142019033,-0.032880548387766,0.02168788202107,-0.016657598316669,-0.00035891644074582,0.017106270417571,-0.020395096391439,0.01943932287395,-0.011920442804694,0.022037174552679,0.020353304222226,-0.010691532865167,0.024788247421384,0.015165355987847,-0.03943270072341,0.031538359820843,0.018568832427263,0.02124316804111,-0.0094138626009226,-0.0053368583321571,0.010665155015886,0.023580765351653,-0.027245303615928,0.029042745009065,-0.0036471805069596,-0.005299536511302,-0.022589480504394,-0.013592755421996,-0.012565882876515,-0.028109695762396,0.008166242390871,0.016974616795778,-0.013585152104497,-0.018157672137022,-0.010966720059514,0.004901229403913,0.035206720232964,-0.012503919191658,-0.0069231069646776,-0.023065183311701,0.005193819757551,0.0012277374044061,-0.0069933659397066,-0.025683043524623,-0.022780241444707,-0.017736811190844,-0.012190938927233,0.0011576279066503,0.00088725704699755,0.046006977558136,0.046556390821934,0.036137714982033,-0.02136106044054,-0.030560065060854,0.017188671976328,-0.044879697263241,-0.031189417466521,-0.031508423388004,-0.0065656015649438,-0.0089013176038861,0.053444363176823,-0.029998790472746,-0.0035184235312045,-0.044360302388668,-0.025835582986474,0.035966660827398,-0.019364919513464,0.022967910394073,-0.007513533346355,-0.01354449801147,0.012865512631834,0.017055466771126,6.5626751165837e-05,-0.0027643241919577,0.020540678873658,0.022477705031633,0.031141426414251,0.011207277886569,-0.0014538801042363,0.026653274893761,-0.0028853591065854,-0.0042035151273012,0.020259404554963,0.034025065600872,0.026007859036326,-0.0081713767722249,0.026958826929331,-0.047455307096243,-0.0070393434725702,-0.042705185711384,0.03440510854125,0.036239191889763,-0.018203675746918,0.027496559545398,-0.038210768252611,0.021505130454898,0.022824613377452,-0.012789691798389,0.035285484045744,0.0099904853850603,-0.0098349563777447,0.0093373004347086,0.035586919635534,0.0092578614130616,-0.0087134782224894,-0.013226280920208,0.018738094717264,0.022425085306168,0.01493789255619,-0.011627255938947,0.017109902575612,-0.012569982558489,-0.010378426872194,-0.041005626320839,0.058437306433916,0.034224767237902,-0.035664208233356,-0.02510154619813,0.021452391520143,0.023775024339557,0.0011576628312469,0.053000539541245,0.0089816125109792,-0.0060008782893419,0.012643019668758,-0.029555145651102,-0.0045604845508933,-0.034338049590588,0.026811016723514,0.0010837437584996,-0.017437838017941,-0.044311258941889,0.03225389495492,-0.023835070431232,0.015673846006393,0.011746430769563,0.073493599891663,-0.01878060027957,-0.023353086784482,-0.039640679955482,0.019311567768455,0.009817655198276,0.05737416818738,0.023083414882421,-0.010067366994917,-0.002687968313694,0.012969677336514,0.0042143692262471,-0.024426255375147,-0.030764546245337,-0.015856338664889,0.013572783209383,-0.023025190457702,-0.031061301007867,-0.021544814109802,0.016713462769985,0.010559324175119,0.0083559537306428,-0.0039710467681289,-0.013698576949537,0.033257730305195,0.0026449880097061,0.071149364113808,-0.0049145743250847,0.0099623147398233,0.045648250728846,0.016224173828959,-0.039689667522907,-0.009089395403862,-0.0044113448821008,-0.047167420387268,-0.010356886312366,-0.0024763243272901,0.0110391555354,0.015382994897664,-0.0094170887023211,0.072956800460815,0.010746067389846,-0.022751055657864,0.010911996476352,-0.013959211297333,-0.032975222915411,0.023097917437553,0.025807987898588,0.016808854416013,0.030236288905144,-0.024438904598355,0.034926246851683,0.014667527750134,0.015656568109989,-0.031139431521297,-0.0053427815437317,0.01478751283139,-0.016125787049532,-0.013850960880518,-0.015305509790778,-0.011354290880263,0.022646721452475,-0.022680938243866,0.007805023342371,-0.059643670916557,0.0021260930225253,-0.026458855718374,-0.0082067176699638,0.046595759689808,-0.085143893957138,-0.029374169185758,0.021613946184516,0.047933537513018,-0.014275670051575,0.019862107932568,0.021559808403254,-0.025330921635032,-0.019937830045819,0.035213809460402,-0.034276351332664,0.052336130291224,-0.020506063476205,0.010227181948721,-0.010602416470647,-0.027847489342093,-0.0032238471321762,0.01994807086885,-0.061517562717199,-0.026121808215976,0.025827566161752,0.026942448690534,0.036908820271492,0.040462866425514,0.0095446445047855,-0.02087464928627,0.0032259849831462,0.03599763289094,-0.0099896136671305,0.023633988574147,-0.025134457275271,0.0043655163608491,0.047456845641136,-0.017412478104234,-0.012112747877836,0.0017296196892858,-0.020021352916956,0.062436074018478,0.035861141979694,-0.008316277526319,0.012398367747664,-0.067000530660152,0.021007541567087,-0.041282158344984,-0.010806201025844,-0.010583635419607,-0.0055472208186984,0.062656909227371,-0.01791663095355,0.0225769598037,0.0048277177847922,0.0079001877456903,-0.037132687866688,0.0050803865306079,-0.0032573030330241,0.050703771412373,0.031732626259327,-0.03284839913249,0.014384234324098,0.0061987722292542,-0.0045099649578333,0.00053522537928075,-0.056378081440926,0.022383477538824,-0.021638413891196,0.015376635827124,0.0039265472441912,-0.029937461018562,-0.0058172252029181,0.0055063557811081,-0.0045882673002779,-0.010053253732622,-0.0052600898779929,0.01512835919857,0.020782651379704,0.016987016424537,0.019972389563918,-0.0013126945123076,-0.0053215017542243,0.037821300327778,0.011222239583731,-0.028905326500535,0.044976342469454,-0.021022008731961,-0.0039476724341512,0.033967800438404,-0.039635691791773,0.0095057785511017,0.0085730021819472,0.024533672258258,-0.01685343682766,0.039906591176987,0.056747633963823,0.013340028002858,-0.007582017686218,0.0064798458479345,0.061460353434086,0.11014883965254,0.023699706420302,0.017152186483145,0.022884547710419,-0.01319944113493,0.053939931094646,0.0047260071150959,0.0023679230362177,0.019406639039516,0.012705490924418,-0.035159483551979,0.0036057198885828,0.032900892198086,-0.021011844277382,0.039301175624132,-0.035127814859152,0.03986395150423,-0.034925300627947,-0.017940958961844,-0.021070785820484,0.021279990673065,-0.060946471989155,-0.039618659764528,0.037428680807352,0.015156295150518,-0.039241593331099,-0.036648485809565,0.016921795904636,0.058219812810421,0.0047585107386112,0.0024069389328361,-0.012311697937548,-0.030874121934175,0.01131266541779,-0.014018603600562,0.0063358047045767,-0.042362987995148,0.0053858337923884,-0.0262640286237,0.024423083290458,0.02199725061655,0.014344462193549,0.015338668599725,-0.018719533458352,-0.0043718828819692,-0.0013087709667161,0.039240345358849,-0.0059330202639103,-0.012967690825462,0.025375569239259,-0.0044262185692787,0.018446460366249,-0.011887230910361,0.013694913126528,0.036218017339706,-0.00016804394545034,-0.033904887735844,0.020303685218096,0.017757846042514,0.0053517236374319,0.0029713325202465,0.024755517020822,-0.01678991317749,0.032102514058352,-0.019321482628584,0.031979214400053,0.021691901609302,-0.02393764257431,0.033354382961988,-0.048382919281721,0.013455427251756,-0.051708735525608,0.0106838401407,0.020542029291391,0.02081274241209,0.001328585203737,0.0049009840004146,0.009083709679544,0.023347739130259,-0.025046249851584,-0.015689874067903,0.014262990094721,-0.027022331953049,-0.016523197293282,0.00029644195456058,0.013683391734958,0.033327829092741,-0.029131123796105,-0.038493096828461,0.0049618915654719,-0.0077245440334082,-0.02634091116488,-0.037956155836582,-0.045373860746622,0.038100831210613,-0.02486914768815,-0.014971810393035,0.030041018500924,-0.025622554123402,-0.0054973945952952,0.034831956028938,0.031872365623713,0.01782051473856,0.017049850896001,0.031036326661706,0.031777773052454,-0.026739411056042,-0.0019337147241458,0.0085064899176359,0.031545177102089,0.026015073060989,0.01192475669086,-0.022178964689374,0.051802363246679,0.0081177139654756,-0.012624967843294,-0.0070706875994802,-0.026522679254413,0.025049166753888,-0.024435881525278,-0.026706097647548,0.017495412379503,-0.029779281467199,-0.019444083794951,-0.012042851187289,0.010426737368107,-0.016996927559376,0.001569107407704,-0.00021802741684951,0.033964224159718,-0.027774844318628,0.031532876193523,-0.011218796484172,-0.026730405166745,0.018951451405883,-0.027965093031526,0.0044341860339046,-0.0060966783203185,0.022081030532718,0.018489647656679,-0.020098686218262,0.035523738712072,2.8941278287675e-05,-0.027144419029355,-0.03154606744647,-0.015717070549726,0.036033775657415,-0.010703421197832,-0.037173289805651,-0.015183013863862,-0.017156763002276,-0.022360654547811,0.0076355277560651,0.0063201361335814,0.0037909992970526,-0.014449045062065,0.0038449689745903,-0.01863881573081,0.0035633281804621,0.016833929345012,0.018459716811776,0.016662213951349,-0.0086532663553953,0.0057054725475609,0.0046043004840612,0.025025181472301,0.018301988020539,-0.028559781610966,0.0026911762543023,0.037222504615784,-0.00029609503690153,0.020235499367118,0.0049389102496207,-0.0044323871843517,-0.0078148487955332,-0.030667155981064,-0.011852294206619,0.0098878312855959,0.033868107944727,0.020615547895432,-0.012875067070127,0.017401510849595,-0.019624046981335,0.010273423045874,0.035303588956594,0.010149715468287,-0.037199299782515,0.03511168807745,-0.014147257432342,-0.02311123162508,-0.0099847177043557,-0.016224713996053,-0.030138589441776,-0.010082924738526,0.033645391464233,-0.0032568743918091,-0.0082505429163575,0.00011841456580441,-0.021368954330683,0.018344273790717,-0.0083400206640363,-0.03137544542551,0.027935110032558,0.013015213422477,0.035866253077984,-0.0067969956435263,-0.0010946486145258,0.034568808972836,-0.011214071884751,0.017404567450285,0.014842193573713,-0.024331474676728,-0.027132174000144,0.0026082615368068,-0.019106267020106,-0.014370125718415,0.0062771975062788,-0.025667957961559,-0.039013270288706,-0.038770779967308,0.031678080558777,-0.020333794876933,0.0018328846199438,-0.025732258334756,-0.0054424242116511,0.015985550358891,-0.02059162594378,-0.011501604691148,-0.016726551577449,0.029215186834335,0.0026569187175483,-0.0087351044639945,0.0060576540417969,-0.0044344440102577,0.0049456809647381,0.0038446481339633,-0.022625543177128,-0.0017076794756576,-0.0026381921488792,0.013402123004198,-0.033906739205122,-0.039966009557247,-0.027163634076715,-0.00072664313483983,-0.01087281294167,0.0023369984701276,0.0096244141459465,0.024409079924226,-0.029143502935767,0.018558626994491,-0.026185169816017,-0.017080131918192,0.027257222682238,-0.0072835120372474,-0.037241652607918,0.037898220121861,-0.018610522150993,-0.0041463309898973,-0.012470385059714,0.012045618146658,-0.030740646645427,0.020785592496395,-0.019756179302931,0.024877527728677,0.0046196458861232,0.023083932697773,-0.027735903859138,0.0020577304530889,0.035079728811979,-0.030240837484598,0.02841068059206,0.030331173911691,0.016774114221334,0.0115936845541,-0.0070012435317039,-0.031214993447065,-0.004543683025986,-0.018406253308058,-0.00073596718721092,0.030424289405346,0.038320448249578,0.029313227161765,-0.016256555914879,-0.011878077872097,0.00034905623761006,-0.015807809308171,-0.020988607779145,0.019694505259395,0.017400212585926,0.043141141533852,-0.032260499894619,-0.013722672127187,0.029683947563171,0.0071691633202136,0.029237404465675,-0.0080784317106009,-0.018869565799832,0.023346563801169,-0.023117367178202,0.014834800735116,-0.038513354957104,-0.034060597419739,0.015327913686633,0.033929854631424,0.030709605664015,-0.035911604762077,-0.01603189483285,0.020729031413794,0.00041831686394289,0.0042122425511479,0.0071025774814188,0.037189591675997,-0.0092707937583327,0.014092699624598,0.018337771296501,0.031881518661976,0.01564608886838,0.030632616952062,-0.006166526582092,0.02818863466382,-0.0037912549450994,0.027955258265138,0.032141212373972,0.020283974707127,0.03293701261282,0.027805702760816,-0.0045212367549539,0.0025702421553433,-0.017520196735859,-0.0020541390404105,0.0059371963143349,0.027490772306919,0.023576404899359,0.028062932193279,0.014610008336604,-0.0040820380672812,0.017976511269808,0.016845153644681,0.021856386214495,-0.034087773412466,0.024122541770339,-0.023946847766638,0.0027701689396054,-0.020404590293765,-0.015278552658856,-0.033583246171474,0.019166998565197,-0.009563785046339,0.022737437859178,-0.021738750860095,0.0019861476030201,0.0046416097320616,-0.0052165128290653,0.0026683649048209,-0.0146564533934,-0.030472891405225,0.03541561216116,-0.0024525637272745,-0.0083300117403269,0.035940017551184,0.025531617924571,-0.0011483035050333,-0.015164382755756,-0.031166383996606,0.018647383898497,-0.005105166696012,-0.0039997021667659,0.019713640213013,-0.032780732959509,-0.038590755313635,0.025669915601611,-0.030526962131262,0.0031372581142932,0.03325691819191,-0.037753242999315,-0.0062412181869149,0.017674716189504,0.015207419171929,0.010513653978705,0.029227342456579,-0.0081045618280768,0.010759185068309,-0.013859658502042,-0.031282786279917,-0.020465482026339,-0.0070217889733613,-0.02589175850153,-0.011803327128291,0.032558586448431,0.020423121750355,0.034338071942329,0.023845905438066,-0.024791959673166,-0.014186370186508,-0.033108901232481,-0.0096870791167021,-0.035066805779934,-0.024882515892386,0.0099933790042996,0.014932619407773,-0.010431158356369,0.032867189496756,0.041722841560841,-0.041119769215584,-0.0061277090571821,-0.022272644564509,0.026992686092854,-0.012098834849894,0.001008010818623,-0.0041628745384514,0.0022947650868446,0.016247609630227,0.021990861743689,-0.0032056756317616,0.03382807970047,-0.022966124117374,0.010821087285876,0.020429288968444,0.035928159952164,0.017088811844587,0.020942138507962,0.00015292306488845,0.0222541783005,0.0076983403414488,0.033048033714294,-0.0048803738318384,-0.0092888260260224,0.025956697762012,-0.0083592645823956,0.037404969334602,0.022995172068477,0.036901269108057,-0.010558437556028,0.011354083195329,0.034986086189747,-0.014250976033509,-0.010987940244377,0.0057353340089321,-0.014368203468621,-0.023120947182178,-0.0038153182249516,0.01484502106905,0.0022154850885272,-0.031317375600338,-0.021714352071285,-0.00017541338456795,0.0060540740378201,0.028750332072377,0.0051506455056369,-0.0034769517369568,0.0029581466224045,0.028047954663634,0.024773156270385,0.0055096666328609,0.024756846949458,-0.0065456246957183,0.0042225392535329,-0.017582044005394,0.026348745450377,0.023563742637634,-0.0047020744532347,-0.015900380909443,0.025686740875244,0.0050772684626281,-0.008800714276731,0.033075142651796,0.026132417842746,-0.0082033528015018,-0.029402209445834,-0.019058303907514,0.024343261495233,-0.0073247873224318,0.020999412983656,-0.0073907948099077,-0.014755793847144,0.016119357198477,-0.017451904714108,0.013178588822484,0.022251321002841,0.025422587990761,0.037442535161972,0.035999704152346,0.00042466592276469,0.010347618721426,-0.001956474268809,-0.018602533265948,-0.0015619199257344,-0.001155000878498,0.0025947019457817,0.031556963920593,-0.013932315632701,0.013208743184805,-0.016790479421616,0.0014461923856288,-0.0082174874842167,-0.010599618777633,-0.019458228722215,0.026616133749485,0.021098013967276,-0.010009349323809,0.028451973572373,-0.013238774612546,-0.024331813678145,-0.03499049320817,-0.019852761179209,-0.011261544190347,-0.00094409193843603,0.019444964826107,-0.024362491443753,0.027286134660244,0.0076472726650536,-0.028004800900817,-0.025748951360583,-0.019799740985036,0.0087245218455791,0.013705763965845,0.010578169487417,0.0086709586903453,-0.02156038209796,-0.0040168059058487,0.0092597808688879,0.0032495581544936,-0.052633918821812,-0.015666289255023,-0.005296437535435,-0.017843579873443,0.016832668334246,0.034779574722052,-0.0069167553447187,-0.018542757257819,0.016914211213589,0.049335796386003,0.026469016447663,-0.0043005868792534,0.02378155477345,-0.037560351192951,0.032552096992731,0.033454645425081,0.010502063669264,0.02768075838685,-0.0088916188105941,0.019592659547925,-0.02624980174005,-0.015347454696894,0.022254411131144,-0.0080098798498511,0.024050755426288,0.023431668058038,0.0049881502054632,-0.0040623312816024,0.014074163511395,-0.0074622388929129,0.038157932460308,0.027670666575432,-0.018186297267675,-0.021905494853854,-0.061240896582603,0.018748018890619,-0.019889889284968,0.03249916061759,-0.033634316176176,0.014294131658971,-0.028206277638674,-0.024060700088739,-0.0073428116738796,0.0033891357015818,0.02375409938395,-0.016161482781172,-0.0034922456834465,0.014966749586165,0.022249845787883,-0.004235674161464,0.018117198720574,-0.021252220496535,-0.0080734398216009,0.0071518938057125,0.018448568880558,0.032789755612612,0.037052933126688,0.0040486911311746,0.022190030664206,0.018017468973994,-0.019701844081283,-0.02919652685523,-0.040507111698389,-0.029856534674764,-0.039304409176111,0.026935188099742,0.0046482975594699,-0.030700735747814,-0.0097445510327816,-0.032942399382591,0.015878606587648,-0.042971339076757,0.007781429681927,-0.02280031144619,-0.0093088783323765,-0.016853723675013,-0.013155269436538,0.024788936600089,0.012859554961324,0.021247684955597,0.021891517564654,0.017996923997998,-0.025240458548069,0.030776614323258,-0.00038323862827383,0.008574535138905,0.023932861164212,0.018152691423893,0.021377172321081,-0.023995690047741,0.027484487742186,-0.027840910479426,-0.021088846027851,0.013166266493499,-0.039425957947969,0.016044231131673,0.023235779255629,-0.017748583108187,0.037188798189163,0.016974410042167,-0.016938276588917,-0.010487908497453,0.013512334786355,-0.020117057487369,0.022963231429458,0.014494254253805,-0.025432296097279,0.0117312585935,0.023979876190424,0.0091318786144257,-0.015677325427532,-0.021167954429984,0.0013796684797853,0.047609772533178,-0.02470707334578,0.014594078063965,0.026392767205834,-0.012515485286713,0.035513803362846,-0.007715443149209,-0.00021168861712795,-0.045387245714664,-0.00099531642626971,-0.015744440257549,-0.019310543313622,-0.014934931881726,0.00038621059502475,-0.025107460096478,-0.013475688174367,0.011530997231603,-0.0074137733317912,-0.032442964613438,0.022915698587894,0.033113896846771,-0.0011881232494488,0.041898917406797,0.0067757065407932,0.0052317115478218,-0.027534604072571,-0.034359309822321,0.021877342835069,0.012130973860621,-0.022619804367423,0.03373933583498,-0.025059254840016,0.002600644947961,0.012432157993317,0.0038472895976156,-0.035327102988958,0.0080217784270644,0.0076916869729757,-0.01648148521781,0.030256394296885,-0.013130658306181,0.031557694077492,-0.026463055983186,0.024204326793551,0.016826704144478,-0.019139561802149,0.025970343500376,-0.023497991263866,-0.0024938522838056,0.0080723604187369,-0.0053700939752162,0.032002601772547,-0.013971631415188,0.0084755085408688,-0.0016118884086609,-0.039488431066275,0.026949776336551,-0.04105956479907,0.02915121242404,0.023361740633845,0.03512991219759,-0.037760931998491,0.0061443159356713,0.016487779095769,0.014666678383946,0.033420644700527,-0.023945577442646,0.012369720265269,0.0037591049913317,0.018064048141241,-0.019868543371558,-0.0006524472264573,0.015099336393178,-0.018044125288725,-0.028579507023096,-0.025114426389337,-0.018296934664249,-0.028744604438543,0.011702025309205,-0.018972957506776,0.013416693545878,0.035792920738459,0.020963925868273,0.01558252889663,-0.031878467649221,-0.022148491814733,-0.0010009825928137,-0.0023535301443189,0.029003586620092,0.020715875551105,0.01483244355768,-0.016302838921547,-0.012601783499122,0.02774415537715,-0.028692638501525,-0.013578992336988,0.020735422149301,-0.00021765155543108,-0.020970029756427,-0.0076200431212783,-0.017035078257322,-0.017243232578039,0.013441802933812,0.01587431691587,0.021269386634231,-0.029154663905501,0.036477781832218,-0.0046439464204013,0.047758333384991,-0.0075582372955978,-0.0044654845260084,-0.029798097908497,0.023603085428476,0.0033695821184665,-0.033116705715656,-0.044113516807556,-0.005424527451396,0.01137307099998,-0.0035330727696419,0.012674848549068,0.017998797819018,-0.012350955978036,-0.013208519667387,-0.0063692210242152,-0.030278878286481,0.02989224717021,-0.024080211296678,-0.029576160013676,-0.01952095516026,-0.027172088623047,-0.015766760334373,-0.016276501119137,-0.037135846912861,-0.031541336327791,0.013571704737842,-0.029995808377862,0.0056456043384969,0.01336023490876,0.0085919816046953,0.006625019479543,-0.029231153428555,-0.044345069676638,0.0053657768294215,0.019290780648589,-0.0086347842589021,-0.016322432085872,0.0025592721067369,-0.037907492369413,-0.013058679178357,0.00085043819854036,0.026399154216051,0.019534172490239,0.024222444742918,0.0025732391513884,0.033035855740309,0.01944755576551,-0.016798533499241,0.012860788963735,-0.024948500096798,0.024976566433907,0.01413512788713,0.015454800799489,-0.00078468228457496,0.017211807891726,-0.013242567889392,0.0046705813147128,0.018062429502606,0.020471381023526,-0.011896939948201,-0.024069167673588,-0.0044393031857908,0.0053596957586706,0.0072585660964251,-0.038127277046442,0.037369560450315,-0.02700431831181,0.022586859762669,-0.033090479671955,-0.00048113183584064,0.0092998836189508,0.012088627554476,-0.011352471075952,0.033282741904259,0.026697020977736,0.0020035598427057,0.0063359253108501,-0.015571748837829,0.0019326768815517,-0.011687685735524,-0.016070729121566,0.030227147042751,0.011725118383765,-0.013161214068532,-0.030631765723228,0.0052203657105565,-0.027237121015787,-0.0092957345768809,-0.036262020468712,0.032713565975428,0.021029507741332,0.022418631240726,-0.007407390512526,-0.039170660078526,0.030847689136863,-0.030455617234111,0.022897366434336,0.002828290918842,-0.020820461213589,0.019425535574555,0.0014951810007915,0.01285582780838,0.00030398150556721,-0.0048683839850128,-0.00087798782624304,-0.042099092155695,-0.0096522113308311,-0.036246374249458,0.008386810310185,-0.030581071972847,-0.029853887856007,0.035452917218208,0.0076812636107206,-0.041417147964239,-0.013652783818543,-0.011911260895431,0.0023653176613152,-0.01422998867929,-0.0053498963825405,-0.012433251366019,-0.0068535935133696,0.011372555978596,0.033571667969227,-0.017660489305854,0.021737609058619,-0.032276876270771,0.030814757570624,0.020074259489775,0.0067473044618964,-0.0080906003713608,-0.021123765036464,-0.025405179709196,-0.0074161728844047,-0.002327631926164,-0.033255901187658,-0.020655535161495,-0.0042209969833493,-0.030725000426173,-0.014437044970691,-0.024265050888062,-0.027785908430815,-0.029323233291507,-0.0027822349220514,-0.031636107712984,0.030503934249282,-0.033635538071394,-0.016993902623653,-0.013711228966713,0.035067521035671,-0.026784302666783,-0.012583259493113,0.029381463304162,-0.030199140310287,-0.037457752972841,0.0046806544996798,0.00077115459134802,0.0047049378044903,-0.023310462012887,-0.014035855419934,-0.03799507394433,0.01714700832963,0.0095237139612436,0.033872835338116,-0.0045493259094656,0.035676624625921,-0.0047658812254667,0.0092875268310308,0.0051104454323649,-0.013783609494567,-0.017572034150362,0.030791182070971,-0.014385985210538,-0.028512232005596,-0.0073640830814838,0.013363394886255,0.0091697312891483,-0.0076507814228535,0.022606214508414,-0.024733170866966,-0.024384031072259,-0.029787877574563,-0.014753459952772,-0.018546689301729,-0.014409597963095,-0.030309790745378,0.030448345467448,-0.030922632664442,-0.029616950079799,-0.001329691731371,0.010105083696544,-0.036342550069094,-0.0079577071592212,0.0096036596223712,-0.023470362648368,0.0017333260038868,0.022865515202284,0.0065492377616465,0.038307335227728,0.018270257860422,-0.028644787147641,-0.025130739435554,-0.00074369471985847,0.026811100542545,0.014773502014577,0.0091773476451635,-0.0010256153764203,0.013310450129211,-0.013845046982169,-0.016960741952062,0.024176420643926,-0.018931120634079,0.032386537641287,-0.022391457110643,0.010401114821434,0.038137018680573,0.023781973868608,0.0096383653581142,-0.026332022622228,-0.028479149565101,0.020894054323435,-0.023603031411767,0.024746695533395,0.022524850443006,-0.031579069793224,0.013973360881209,0.018399562686682,-0.018771808594465,0.011504197493196,-0.030609671026468,0.027379814535379,0.026671772822738,-0.00032158920657821,0.017581347376108,0.014683824963868,0.0017382994992658,-0.0021453611552715,0.026603952050209,-0.018533758819103,-0.038505788892508,-0.013506545685232,-0.010265721939504,-0.011378325521946,-0.037050258368254,-0.015354561619461,-0.0046681934036314,0.024945633485913,-0.015686623752117,-0.023139482364058,-0.020972184836864,-0.013427754864097,0.015005215071142,0.012039500288665,-0.0013154800981283,-0.024095192551613,-0.020818307995796,0.0204365439713,0.018385510891676,-0.022078551352024,0.030606107786298,0.033676572144032,-0.02206782437861,-0.031702097505331,0.031341884285212,0.028577854856849,-0.01222418807447,0.022201027721167,-0.006847835611552,0.0003154392761644,-0.011536240577698,0.032166115939617,-0.023543922230601,0.031785778701305,0.0172154083848,-0.0031547101680189,-0.00016902814968489,0.031435266137123,0.026720918715,-0.017321391031146,-0.033180836588144,-0.0029250255320221,-0.011877602897584,0.032209232449532,-0.031849902123213,-0.036010008305311,-0.038698982447386,-0.027362966910005,0.021973730996251,-0.022060882300138,-0.023173779249191,0.006099765188992,-0.0089315725490451,-0.018807385116816,-0.00085600797319785,0.0044926968403161,-0.024084066972136,0.015152887441218,0.0064105945639312,-0.029154855757952,0.027497172355652,-0.016177931800485,-0.0070300307124853,-0.029207160696387,0.029520830139518,0.012897816486657,0.03533273935318,0.027724929153919,0.022858429700136,-0.029837846755981,-0.032914102077484,0.03526222333312,0.0076077850535512,0.017239334061742,0.013750439509749,-0.0116429887712,-0.020512964576483,-0.017741151154041,-0.0058017601259053,0.0068016340956092,0.0020247623324394,-0.0059471791610122,-0.016305634751916,-0.015643460676074,-0.020260917022824,0.024590598419309,-0.0030982480384409,-0.01601878926158,0.031800225377083,0.026826109737158,-0.0019911602139473,-0.00036294665187597,-0.013101063668728,-0.00010098566417582,0.0030616279691458,-0.02328852750361,-0.0099966721609235,0.021995905786753,0.0027836319059134,0.024175830185413,0.032101165503263,-0.011332588270307,-0.02254488132894,-0.00040582523797639,-0.0185830835253,0.029574748128653,0.024013306945562,-0.031537335366011,-0.0029494951013476,-0.0060421559028327,0.0098286205902696,0.023649394512177,0.011688994243741,0.0018489481881261,-0.010932146571577,-0.0083464831113815,0.015540953725576,0.030614553019404,-0.0071346326731145,0.017273176461458,0.034256648272276,-0.038300864398479,-0.010585464537144,0.017112364992499,0.0047839465551078,-0.016816658899188,0.0068643596023321,-0.0080764414742589,-0.027521952986717,-0.015496242791414,-0.015255147591233,-0.03227998688817,0.026910496875644,0.0069153648801148,0.013911257497966,-0.031652096658945,-0.016386520117521,-0.005562980659306,-0.0077345184981823,0.019778614863753,0.036275345832109,-0.0024303304962814,0.018506808206439,0.00051479431567714,-0.005730964243412,-0.0040657753124833,-0.017699180170894,0.025732349604368,-0.012459129095078,-0.030040504410863,-0.0079050846397877,0.032325997948647,-0.01879352144897,0.019951658323407,0.015278894454241,0.018375797197223,-0.033456828445196,0.041478049010038,-0.035152297466993,-0.021476658061147,-0.0066358088515699,-0.0069340928457677,-0.0068650837056339,0.0059585501439869,0.014224502258003,0.012394169345498,0.026727074757218,0.02868683449924,0.0077625615522265,1.2171400157968e-05,0.0079260766506195,0.023042196407914,-0.02505218051374,0.0062410463578999,0.019887859001756,0.020337544381618,0.027716476470232,-0.011506578885019,0.016575260087848,0.013341180048883,0.016376862302423,0.034917902201414,-0.017784122377634,0.030970863997936,-0.0034584004897624,-0.016284011304379,-0.0017906205030158,-0.024736594408751,-0.032520871609449,-0.018851220607758,-0.015725757926702,0.0043278029188514,0.022382184863091,-0.004091976210475,-0.025887312367558,-0.023344730958343,-0.033901181071997,-0.01638445071876,0.037401109933853,-0.011049099266529,0.00511923013255,-0.0068884980864823,-0.03403328359127,-0.033420294523239,-0.023521373048425,-0.03106127306819,0.0090564088895917,0.030836772173643,0.0074173831380904,-0.0047484547831118,-0.016531689092517,0.020896906033158,-0.015027906745672,-0.026532718911767,0.010098244994879,0.01041411049664,0.039104048162699,0.0092965746298432,0.034494210034609,-0.034931637346745,0.021592482924461,0.00074141199002042,0.0090204561129212,-0.026203349232674,-0.023310720920563,-0.032639194279909,-0.02440288849175,-0.026309590786695,0.012463103048503,-0.029427535831928,0.019765736535192,-0.0096049085259438,0.042898960411549,0.0014599494170398,-0.019484093412757,-0.019511975347996,-0.027672970667481,0.0099440580233932,-0.027419233694673,-0.0014093187637627,-0.028114845976233,0.032460357993841,-0.010280752554536,-0.020359182730317,-0.017755294218659,0.012522630393505,-0.001520846853964,-0.01437034830451,0.0081802038475871,0.015375671908259,-0.02873744443059,0.01589011400938,0.01709027774632,0.025855615735054,0.011142939329147,-0.033135045319796,0.040205005556345,0.0095453588292003,0.0056646075099707,0.040400169789791,-0.025762779638171,0.0027168605010957,-0.025992324575782,0.0031510447151959,-0.0027325949631631,-0.0095390202477574,-0.030595088377595,-0.037059117108583,0.00055602664360777,-0.0038699836004525,-0.014424270018935,0.00099456927273422,-0.035959243774414,-0.014203143306077,-0.031818680465221,0.00035909621510655,0.02798037789762,-0.027943164110184,-0.020223341882229,0.034964855760336,-0.038000114262104,-0.028467729687691,0.0033664468210191,-0.00096354872221127,0.038687247782946,0.018573420122266,-0.010324844159186,0.029056718572974,0.0083654215559363,0.010083175264299,0.030433619394898,-0.021991530433297,0.0037061260081828,-0.016368929296732,-0.012425660155714,0.0021487160120159,-0.030305868014693,0.028525058180094,0.021656578406692,-0.0080063072964549,-0.0083654653280973,1.0586776625132e-05,0.01840296946466,-0.031107576563954,0.008971044793725,-0.022716088220477,0.029673648998141,-0.0027267930563539,0.04102161154151,-0.0053838086314499,0.017243027687073,-0.019517801702023,-0.0050011300481856,0.0030195855069906,0.017093019559979,0.047381535172462,0.033888082951307,0.038561288267374,-0.0088267438113689,0.00044686725595966,-0.022484581917524,0.014800033532083,-0.016094094142318,-0.021720202639699,0.010859599336982,0.0053655095398426,0.03077338449657,0.033640675246716,0.010612268932164,-0.016897540539503,-0.03082237392664,-0.00015782471746206,0.012031516991556,0.0089488876983523,0.033859919756651,0.0034247920848429,0.014277523383498,-0.025047451257706,0.0015129607636482,-0.03792430460453,-0.018057692795992,-0.031211324036121,-0.017894990742207,-0.031047949567437,-0.029988076537848,-0.023392567411065,0.011958245187998,0.0039196135476232,-0.017324397340417,-0.020096756517887,-0.033108405768871,0.021422810852528,-0.020775228738785,-0.0081398142501712,0.033371705561876,-0.027067365124822,-0.013953107409179,-0.021999511867762,0.026920987293124,0.021204693242908,0.025209993124008,0.0020515536889434,-0.013548612594604,-0.040267683565617,0.0049467608332634,-0.038520410656929,0.027148865163326,0.0045341248624027,-0.020906431600451,0.011048633605242,0.019187850877643,-0.032854687422514,0.032583970576525,-0.02665526047349,-0.014040732756257,0.029551029205322,0.02185127325356,0.006595553830266,0.044053055346012,0.00019931053975597,0.024297447875142,0.024566458538175,-0.0095988446846604,-0.016083156690001,-0.0056686992757022,0.024831742048264,-0.02170786447823,0.03633714094758,0.018038110807538,0.020182242617011,-0.02048016525805,-0.018145086243749,0.025978969410062,0.0047388817183673,0.015616690739989,0.017852799966931,-0.021309394389391,0.027088576927781,0.017664790153503,0.022592756897211,0.031700577586889,-0.029198624193668,0.0066492441110313,0.0066285589709878,0.01892488822341,-0.022480819374323,0.0080036036670208,-0.022808877751231,-0.032635983079672,0.03343715146184,0.0074269231408834,-0.034402433782816,-0.035397630184889,0.018112810328603,0.022788608446717,0.034941375255585,0.031498346477747,-0.016609137877822,0.018728720024228,-0.028110966086388,0.029315672814846,-0.0095192398875952,0.037872266024351,0.031865518540144,-0.037742640823126,-0.0099044162780046,-0.028728593140841,-0.018454648554325,-0.024995038285851,-0.028387585654855,-0.00025141617516056,-0.014746403321624,-0.020599454641342,0.013171011582017,-0.0079111466184258,-0.0054973177611828,-0.015647761523724,-0.0059408652596176,0.017823185771704,0.030023071914911,-0.010864120908082,0.019353646785021,-0.028887109830976,-0.030812317505479,0.012445425614715,-0.026585400104523,0.019265009090304,-0.014257413335145,0.0084110554307699,0.010694641619921,-0.018167465925217,0.028544882312417,-0.027790032327175,-0.012308574281633,0.038852166384459,0.033612623810768,0.0030358869116753,0.03297920897603,0.0078191123902798,0.0087165366858244,0.011858109384775,0.018458718433976,0.014367639087141,-0.029328124597669,-0.028417779132724,0.012398456223309,0.033013310283422,0.0094024054706097,0.025208707898855,0.026250552386045,0.0055366493761539,-0.04449113085866,0.021999755874276,-0.031142059713602,-0.0010583503171802,0.040224708616734,-0.033370215445757,-0.0057513066567481,-0.010823269374669,0.010316036641598,-0.033193901181221,0.024421451613307,0.0015914370305836,0.0080968765541911,-0.031319614499807,-0.010144055821002,-0.022923197597265,-0.020039796829224,0.0087499497458339,-0.012305809184909,0.0063445679843426,0.015250716358423,0.0064101936295629,-0.035807155072689,-0.00066166650503874,-0.020205702632666,0.010882439091802,-0.032463595271111,-0.03318339958787,-0.01079710200429,-0.035796765238047,-0.030185122042894,-0.018664455041289,0.0092529458925128,-0.029198348522186,-0.017995862290263,0.017150111496449,0.021648922935128,-0.026029765605927,0.020732186734676,-0.016141934320331,-0.020279733464122,-0.026623675599694,-0.0014454345218837,0.022637886926532,0.017404166981578,0.035718090832233,0.033856064081192,0.018652306869626,-0.015626749023795,0.03533985465765,0.018608694896102,-0.028075354173779,0.025938529521227,-0.041930675506592,-0.039566829800606,0.026127841323614,-0.019630063325167,-0.029646012932062,0.03461029753089,0.025131605565548,-0.029393527656794,-0.0051958817057312,0.017549162730575,-0.018250754103065,0.021816276013851,0.0054449820891023,-0.028121428564191,0.026404973119497,0.0023557136300951,0.018167613074183,0.013916632160544,-0.0063357148319483,0.025481460615993,-0.016896851360798,-0.033448055386543,0.011487749405205,0.0028766875620931,0.038617327809334,0.034103978425264,-0.017831711098552,0.032531976699829,0.013651240617037,0.010075778700411,0.015342404134572,-0.0037135456223041,0.020858792588115,0.026636334136128,-0.021006070077419,0.012713986448944,0.044935379177332,0.027764933183789,0.0044236839748919,0.010706070810556,-0.015143617987633,0.017401155084372,-0.002872884972021,-0.0033304519020021,0.026769446209073,0.03044182062149,-0.020817443728447,0.00011357842595316,-0.036053832620382,0.025129904970527,0.00022201707179192,-0.014193036593497,-0.01856416836381,-0.03643124550581,-0.027166025713086,-0.0068331388756633,0.0050191259942949,0.019302897155285,0.00028949920670129,-0.018277218565345,-0.027607129886746,0.0086138434708118,-0.0019052774878219,0.01752644777298,-0.03596817702055,0.038086161017418,0.011043233796954,-0.013590771704912,0.021445620805025,0.031673151999712,0.0073752133175731,-0.0021543602924794,0.034305419772863,0.0093698436394334,0.031105237081647,0.0052145244553685,0.02711290307343,-0.022982366383076,-0.028757065534592,0.012579879723489,0.023302992805839,0.02138021029532,-0.02861169911921,0.020841084420681,-0.02094629406929,-0.035283412784338,0.018041299656034,0.025824567303061,0.013996560126543,-0.03020933829248,0.015471600927413,-0.01008877158165,0.031327318400145,-0.005978861823678,-0.045100387185812,0.026480738073587,0.0046067596413195,0.01061240490526,-0.036941330879927,0.020274305716157,-0.035709787160158,0.011110905557871,0.011731886304915,0.029981920495629,0.020427696406841,-0.026671908795834,0.023453136906028,0.030115624889731,0.020069805905223,0.0018527715001255,0.009941142052412,0.03422374278307,-0.023216946050525,-0.04109114035964,0.036215350031853,-0.018152803182602,0.032419446855783,-0.022289806976914,-0.032411970198154,0.015750898048282,-0.01226313970983,0.02349547483027,-0.0023976026568562,0.011233741417527,0.023231703788042,0.007205477450043,0.0053417622111738,-0.01045276876539,-0.0050143203698099,-0.024693502113223,0.0052680666558444,-0.021611664444208,0.028624281287193,0.0084322979673743,0.012247514910996,-0.036128547042608,0.008840381167829,-0.00828942283988,-0.042720701545477,-0.014384363777936,0.017575131729245,0.019532276317477,-0.032975997775793,-0.037456665188074,0.039510253816843,0.015835355967283,-0.020304491743445,-0.018941193819046,-0.0024339358787984,0.0051211724057794,0.0055248718708754,-0.013009122572839,-0.019970510154963,-0.0228466168046,-0.025287207216024,0.019593644887209,0.033481173217297,-0.017262419685721,0.00088488264009356,0.031720753759146,0.011804018169641,0.01579063013196,0.014380784705281,-0.0008825222030282,0.037850223481655,0.020894756540656,-0.021641613915563,-0.030388465151191,-0.039483103901148,0.0021550075616688,0.015026290901005,-0.021700769662857,-0.0045248894020915,0.028007796034217,-0.025112533941865,0.024504397064447,-0.029228853061795,0.018981382250786,-0.043817933648825,-0.010895778425038,0.00075224734609947,-0.023787243291736,0.013333145529032,-9.2155474703759e-05,-0.030532905831933,-0.0086732758209109,-0.014729240909219,0.012013765983284,-0.044707331806421,0.0068895043805242,-0.009101739153266,-0.0029812019784003,0.021025761961937,0.03541075438261,-0.0054415035992861,-0.012063813395798,0.0007884370861575,0.0084892828017473,-0.025866279378533,0.0056606032885611,0.022477705031633,0.013899254612625,-0.00074456812581047,0.022006550803781,-0.00083366909530014,-0.020611006766558,0.031843353062868,0.01447057723999,-0.027051292359829,-0.031155841425061,-0.019560070708394,-0.0024204417131841,-0.017772193998098,-0.018396101891994,-0.011614031158388,0.0011804240057245,0.035972110927105,0.017732329666615,0.038414355367422,-0.0081111574545503,-0.010640991851687,-0.037680935114622,-0.027317684143782,-0.013898419216275,0.0039898240938783,-0.0045485408045352,0.023793485015631,0.0036568327341229,-0.033990889787674,-0.025308087468147,0.013635134324431,-0.0036228029057384,0.011934833601117,-0.0059521906077862,-0.028688622638583,0.0052973250858486,0.016836185008287,-0.01822061277926,0.01755596883595,0.013995781540871,0.013354998081923,0.0024429361801594,0.042387541383505,-0.034906577318907,0.013484197668731,-0.019440853968263,-0.034145727753639,0.022075686603785,-0.017058463767171,0.00049852568190545,-0.023378239944577,-0.03035981580615,0.017172787338495,0.015625419095159,-0.022619631141424,-0.017305415123701,-0.022589826956391,0.00086155452299863,-0.019078878685832,0.0097684878855944,0.027531927451491,-0.017661862075329,0.01597622781992,-4.4633670768235e-05,0.03631529957056,-0.0092439409345388,2.3014148609946e-05,-0.015938075259328,0.011893446557224,0.019286051392555,0.024798445403576,-0.019217304885387,0.035077784210443,-0.018155947327614,-0.033262014389038,0.025101268664002,0.0064709763973951,0.0323694832623,0.012396207079291,0.0059460741467774,-0.018387798219919,0.016822377219796,-0.01718026958406,-0.016827549785376,-0.013619995675981,0.023421688005328,0.0107262134552,-0.030518455430865,-0.036158110946417,-0.0068183420225978,0.038068618625402,0.015751844272017,-0.039212960749865,-0.0043778317049146,-0.028959587216377,-0.015628153458238,0.0057523446157575,0.044031880795956,-0.018698949366808,-0.018865397199988,-0.0092583280056715,0.009655830450356,0.01073210593313,0.014051845297217,-0.030521532520652,0.018212275579572,-0.036772642284632,0.036340076476336,0.023224696516991,-0.017568934708834,-0.019876547157764,0.0030698240734637,-0.023179287090898,0.0064782351255417,-0.021476611495018,0.013637788593769,-0.0032905940897763,-0.019836131483316,-0.034029334783554,-0.0020943162962794,-0.011050438508391,0.010726137086749,0.019464522600174,0.03424372151494,-0.02704811654985,0.014523336663842,0.0043167355470359,0.00059793906984851,-0.022719543427229,0.02988170273602,0.0064893956296146,0.037250112742186,-0.024066122248769,-0.021339301019907,0.0099478345364332,-0.040337506681681,0.018397379666567,0.027525460347533,-0.02572295255959,0.030453497543931,0.035263914614916,-0.014962002635002,-0.044390134513378,0.032374754548073,0.01972252689302,0.021206300705671,-0.027618277817965,-0.0085484031587839,0.019395887851715,-0.015614470466971,0.0065644588321447,0.023213308304548,0.00038579633110203,-0.022600684314966,0.0083286678418517,-0.004096464253962,-0.020618818700314,0.020542556419969,0.019825395196676,-0.008663191460073,0.022707540541887,-0.0074854255653918,-0.035941522568464,-0.027929358184338,-0.019568465650082,-0.021715024486184,0.038867622613907,-0.01952101662755,0.0016084706876427,0.021106434985995,0.017568228766322,0.016146497800946,0.0034861981403083,-0.025901608169079,0.0074718538671732,0.03116561844945,-0.0088112642988563,-0.0063633606769145,-0.019943295046687,-0.032331198453903,-0.025006910786033,0.013258424587548,0.00038665387546644,0.034293744713068,0.0064493836835027,0.012024513445795,-0.014432641677558,0.0017129655461758,0.01129159424454,-0.028200641274452,0.011359035037458,0.025845605880022,-0.046066854149103,-0.015199418179691,-0.013701354153454,-0.038172792643309,0.0083623137325048,-0.016849528998137,-0.0074532474391162,0.02179535292089,-0.013111676089466,0.016820723190904,-0.036732159554958,-0.046178504824638,-0.020550955086946,-0.016992289572954,0.0025141122750938,0.0020888929720968,0.01162074226886,-0.036056868731976,0.01428637560457,0.019490336999297,-0.027774112299085,0.019950138404965,0.026899239048362,0.046905603259802,-0.03387526422739,-0.028717050328851,-0.0057193315587938,0.015385210514069,-0.015170406550169,0.019723188132048,0.032896060496569,-0.035639751702547,-0.026207536458969,-0.0041371253319085,-0.0050645582377911,-0.018726352602243,0.051213804632425,0.018932668492198,-0.014298247173429,-0.016997873783112,-0.044155567884445,-0.00087823095964268,-0.049418654292822,-0.0015431345673278,0.012546150013804,0.022670611739159,0.023084346204996,0.00040446064667776,0.0013209822354838,-0.0091323619708419,0.016292091459036,-0.01507721375674,0.0031354431994259,0.00067594059510157,0.0055550169199705,0.021798994392157,-0.029687603935599,0.048346925526857,0.005630252417177,-0.0025011415127665,0.0088881812989712,0.010900082066655,0.032171178609133,0.015980472788215,0.030933344736695,-0.009565900079906,0.028697410598397,0.0015674041351303,0.044584915041924,0.027536699548364,0.037598855793476,-0.029782017692924,-0.044780034571886,0.057997178286314,0.015447551384568,-0.021968353539705,0.019731048494577,0.030830275267363,0.0092088729143143,-0.015830852091312,0.033341195434332,-0.015498461201787,0.030514992773533,0.0074345795437694,-0.019431140273809,0.016153406351805,0.042417943477631,0.0250827614218,0.02748840674758,-0.033377423882484,0.00019820110173896,0.052912980318069,0.0064470754005015,0.0034116478636861,-0.030814146623015,0.022967563942075,0.016942685469985,0.041948512196541,-0.030053175985813,-0.016965480521321,0.033566493541002,0.023553581908345,-0.0050473627634346,0.0021986253559589,-0.011527046561241,0.010115353390574,0.019939986988902,0.01183941308409,0.0037845587357879,0.043850533664227,0.013971373438835,0.025002432987094,0.0041551887989044,0.0024715813342482,0.034218836575747,-0.011096858419478,0.0096450829878449,0.017671378329396,-0.026793204247952,0.0071946675889194,0.03498363494873,0.0019372799433768,-0.0037275506183505,-0.036093279719353,-0.033567141741514,0.019098998978734,0.024313813075423,-0.0081822145730257,-0.004562309011817,0.019983902573586,0.012823972851038,0.017679918557405,0.060878377407789,0.03932162374258,-0.021611960604787,-0.060759447515011,0.005584251601249,0.017039388418198,-0.028320832177997,-0.012888219207525,0.0013465785887092,0.014850995503366,0.021113567054272,-0.029275048524141,0.01528883818537,0.0035116733051836,0.036610253155231,-0.0042677232995629,0.006872683763504,0.022744726389647,0.03690018504858,0.049783617258072,0.0041424781084061,0.027725130319595,0.011334488168359,-0.023342212662101,0.044975880533457,0.032158501446247,-0.0013843441847712,-0.00023517363297287,0.031933080404997,0.036750711500645,-0.031586024910212,0.0089885862544179,-0.017403740435839,0.0034526186063886,-0.039701763540506,0.045005917549133,-0.042876843363047,-0.02251597866416,0.019600519910455,0.041867408901453,0.0079885832965374,-0.019809504970908,-0.047124236822128,-0.03713770955801,-0.00050301407463849,0.039439834654331,-0.038582280278206,-0.0058169588446617,-0.03180942311883,-0.011109597049654,0.045715469866991,0.035492345690727,0.022188019007444,0.027734313160181,0.03738634288311,0.022116655483842,0.039519608020782,0.019726628437638,0.015880305320024,-0.024087524041533,-0.034972548484802,-0.0097765401005745,-0.016716048121452,-0.018534215167165,0.029907127842307,-0.027743684127927,-0.069556504487991,-0.032334852963686,0.043003339320421,0.033994168043137,-0.011128038167953,0.044693231582642,0.013132254593074,0.020877804607153,0.0038005157839507,-0.039450626820326,-0.014940369874239,0.024947877973318,0.020487165078521,0.021245382726192,0.009499179199338,0.025738257914782,-0.024392386898398,0.016480138525367,0.072675794363022,0.0025074286386371,-0.017029507085681,-0.018873784691095,0.032896038144827,-0.014998064376414,0.01051455270499,-0.0027578340377659,-0.0026242518797517,-0.013350924476981,0.069581389427185,-0.015742396935821,0.024950936436653,-0.031017635017633,0.0064095412380993,0.006286883726716,0.011195505969226,-0.00098043913021684,-0.007687165401876,0.017896147444844,-0.0074154734611511,0.037466280162334,0.021271863952279,-0.03529516607523,0.01812289096415,0.074244610965252,-0.028637519106269,0.026669325307012,-0.017282277345657,0.01102926954627,0.039556827396154,-0.00049209722783417,0.0063522537238896,-0.014567503705621,-0.0033951017539948,-0.048736285418272,0.032708294689655,-0.024507008492947,-0.046455398201942,-0.031476933509111,-0.01222291495651,-0.02450286410749,0.030841752886772,-0.0030363695695996,0.01695298217237,0.0048167034983635,-0.029836798086762,0.012217548675835,-0.003893654095009,0.0029321992769837,0.022567242383957,-0.024885445833206,0.00080997124314308,0.0091360788792372,-0.01463081035763,0.0039745327085257,-0.031972266733646,0.040588114410639,-0.013142785988748,0.019501958042383,0.015418694354594,0.025335924699903,-0.0042103510349989,0.035233125090599,-0.017279416322708,-0.0051851789467037,0.028722451999784,-0.015254516154528,-0.044854369014502,0.0057584112510085,-0.026254968717694,-0.033957853913307,0.034952964633703,0.0064205634407699,-0.043704614043236,-0.028897371143103,-0.013558464124799,-0.020518206059933,0.011342552490532,-0.0084006292745471,0.030164707452059,-0.015974162146449,0.013476836495101,0.0013617983786389,-0.0097016468644142,-0.016056759282947,-0.0047957166098058,-0.030298367142677,0.055757660418749,0.0077520492486656,0.0043403180316091,-0.019890515133739,-0.028375994414091,-0.025477465242147,-0.00048948853509501,-0.024742733687162,-0.017705762758851,0.036992974579334,-0.029885288327932,-0.0072427554987371,-0.014843492768705,-0.019648540765047,0.015487573109567,0.050229851156473,0.018468573689461,0.01454721391201,0.027405438944697,0.040364444255829,0.0016640699468553,-0.013346116058528,0.0096917254850268,0.014792274683714,-0.010128793306649,0.018631417304277,-0.011478736065328,-0.015144439414144,-0.0099090849980712,0.02420143224299,-0.028864171355963,-0.0048675206489861,-0.019077736884356,-0.0089509375393391,0.045979894697666,-0.016625398769975,-0.00225471961312,-0.015864133834839,0.0083864890038967,0.010930674150586,-0.022962775081396,0.0040365080349147,0.0232706181705,-0.015508380718529,0.0087336553260684,0.012163345701993,0.010734866373241,0.020246420055628,-0.029269197955728,-0.010618093423545,-0.029090655967593,-0.0067660929635167,0.029237007722259,0.029115244746208,-0.0091692069545388,-0.022120134904981,0.020458644255996,-0.023641027510166,0.020547268912196,0.021755453199148,0.01787843555212,0.027716420590878,-0.016122672706842,-0.011756224557757,0.011214722879231,0.01299421582371,-0.032682117074728,-0.0033638442400843,-0.004629751201719,0.035041641443968,0.039924070239067,-0.040202550590038,0.0017658409196883,0.023875113576651,-0.026062188670039,0.037600349634886,-0.016010891646147,0.022544907405972,-0.021067442372441,0.0054839332588017,-0.01942434348166,-0.0097631737589836,-0.0024952911771834,0.046916790306568,0.046218130737543,-0.03086088784039,-0.033111054450274,0.031922277063131,-0.0020281616598368,0.015597637742758,-0.0007035790476948,-0.013356614857912,0.0086494339630008,0.018963508307934,-0.027556471526623,0.042021330446005,0.042061623185873,-0.019596023485065,-0.0015809261240065,0.025386180728674,0.0022002204786986,-0.023062154650688,0.011102557182312,0.034456636756659,0.019213020801544,-0.0089625269174576,-0.0096341660246253,-0.011090371757746,-0.030741434544325,-0.01486019231379,-0.029321124777198,-0.0051513239741325,0.017014371231198,-0.032913807779551,0.035384561866522,0.025905350223184,-0.014986386522651,-0.0020360122434795,-0.031708005815744,0.014199094846845,-0.034220553934574,-0.02084512449801,-0.0062986444681883,0.00035536996438168,-0.029527183622122,-0.0032136272639036,0.038233160972595,-0.00012190632696729,0.020478850230575,0.019325168803334,0.022826174274087,0.022422222420573,-0.042019531130791,0.030117392539978,-0.008227332495153,0.024412898346782,0.0097547024488449,-0.012541924603283,0.02937962859869,0.004942876752466,0.0082090310752392,0.0060080075636506,-0.023908123373985,-0.027710545808077,-0.036871213465929,0.029981845989823,-0.032415848225355,0.0070491516962647,-0.017169147729874,-0.021440619602799,0.025958297774196,0.033903665840626,-0.004165546502918,-0.0045004989951849,0.040488701313734,0.011189209297299,-7.5207921327092e-05,-0.0090092187747359,0.02760524302721,0.0020578373223543,0.040997073054314,0.031795457005501,0.0037424161564559,-0.021226378157735,-0.026824509724975,-0.033688649535179,-0.010386567562819,0.0039687212556601,0.032883811742067,-0.012721006758511,0.021277623251081,0.032430570572615,0.014498360455036,0.0030468867626041,0.028516205027699,-0.0080026546493173,-0.021918268874288,0.036206413060427,0.032077811658382,-0.039292883127928,-0.031634222716093,0.03747683390975,0.0064542572945356,-0.0055485176853836,-0.018985476344824,-0.011362347751856,-0.024558652192354,-0.030614892020822,0.016845528036356,0.026136720553041,-0.041200798004866,0.027823826298118,-0.034895975142717,0.02436314150691,-0.012460804544389,-0.012054932303727,-0.017207529395819,0.0036609617527574,-0.020481349900365,-0.0023089107125998,0.058264207094908,-0.010916310362518,0.034718155860901,-0.004788282327354,-0.039695277810097,-0.036794934421778,0.0071881227195263,-0.019669963046908,0.0061280191875994,-0.020284559577703,-0.026987012475729,-0.037158079445362,-0.033674597740173,0.012419410049915,0.00061347399605438,-0.039017423987389,-0.0039212573319674,0.026402872055769,0.035889852792025,-0.012982077896595,-0.021683719009161,0.0054967990145087,0.016839720308781,0.036138024181128,0.030834732577205,-0.032695695757866,-0.0086235785856843,0.0035410162527114,-0.044347111135721,-0.012090664356947,0.018391046673059,-0.0030266114044935,0.0089947488158941,0.015017735771835,-0.013684901408851,-0.014573909342289,-0.00036210255348124,0.0076676858589053,-0.024533730000257,-0.020759619772434,0.045966230332851,0.047104820609093,-0.015086601488292,0.00092133029829711,0.036080714315176,-0.0024737692438066,0.040721967816353,-0.034931100904942,0.026209751144052,-0.033511143177748,0.0037008696235716,-0.029048733413219,-0.034229651093483,-0.0099350772798061,-0.011727950535715,0.020113373175263,0.0071898074820638,0.02288025431335,0.045043259859085,0.01769345626235,0.0048269717954099,0.0121487705037,-0.033449199050665,-0.013299198821187,0.036714382469654,0.0043105063959956,-0.0094174612313509,0.030104970559478,-0.037782981991768,0.013397078961134,0.0077462578192353,0.016380423679948,0.013144321739674,0.0068542058579624,-0.040584899485111,0.0065943403169513,-0.028200060129166,-0.0069715608842671,0.0053260396234691,0.02418851479888,0.022108128294349,0.014599128626287,-0.042271841317415,0.0068527311086655,-0.021433383226395,-0.0049517275765538,-0.0017397952033207,0.010654457844794,0.010645402595401,-0.021208187565207,0.011435004882514,-0.053401529788971,-0.034578319638968,0.027804877609015,-0.0024781271349639,0.021459808573127,-0.018562201410532,0.025225868448615,0.023072622716427,0.012161765247583,0.012392031028867,0.019424354657531,-0.026615168899298,0.039846777915955,0.011454059742391,0.00040479423478246,0.010492557659745,0.015225818380713,0.0013470264384523,-0.03530490398407,-2.9838993214071e-05,-0.017346063628793,0.0082845808938146,-0.019335573539138,0.016154110431671,0.0011481720721349,-0.028843445703387,0.01014850102365,-0.017805567011237,-0.018241185694933,0.0090545797720551,0.00036246894160286,0.026514472439885,-0.01390337664634,-0.020737560465932,0.01110365614295,0.0070906663313508,0.0059647811576724,-0.012013652361929,-0.0016049826517701,0.038270682096481,-0.026444464921951,-0.032885268330574,0.014653460122645,0.0043016849085689,0.017803404480219,0.00062095548491925,0.020293887704611,0.0161122251302,0.014281001873314,-0.038211725652218,0.035080537199974,0.0046433452516794,-0.029742596670985,0.029603907838464,-0.0029464459512383,-0.034242779016495,-0.023992205038667,-0.012725747190416,0.026587925851345,-0.015246191062033,-0.0062727713957429,-0.0053916373290122,0.016163846477866,0.023276714608073,0.023587454110384,-0.0015883138403296,0.041743341833353,-0.029653387144208,0.027204355224967,0.029087165370584,0.0012266715057194,0.033514410257339,-0.0044581047259271,-0.0092032169923186,-0.019042707979679,-0.045825719833374,-0.0052342135459185,-0.012001800350845,0.032645471394062,0.0083703817799687,0.0095140542834997,0.0085809016600251,-0.029739568009973,-0.023596981540322,-0.005101918708533,-0.033059909939766,0.031085373833776,0.021138755604625,0.034171435981989,-0.01535854768008,-0.010675007477403,-0.01907273940742,0.018757320940495,0.03358243778348,-0.018018692731857,0.023370239883661,0.0016545713879168,0.0078780921176076,0.0034760814160109,0.0040752901695669,0.031201830133796,0.037793464958668,0.0019651411566883,-0.037206035107374,-0.047806516289711,0.0023725889623165,0.0333316847682,0.036689586937428,-0.041797399520874,0.0098861027508974,0.032821722328663,0.020618697628379,0.00028367864433676,-0.021804295480251,0.027976820245385,-0.028826169669628,0.012113619595766,-0.010366341099143,0.03030944801867,-0.025589352473617,-0.029430743306875,0.043934613466263,0.046390350908041,-0.0017665082123131,0.034002028405666,-0.017301654443145,-0.0019046043744311,-0.022817887365818,-0.014440536499023,0.0099476985633373,-0.013127224519849,0.036916363984346,-0.012634888291359,0.027415625751019,-0.010318398475647,-0.0090181780979037,-0.0016544472891837,0.029429184272885,0.038936171680689,-0.026939384639263,-0.0032591591589153,0.028197918087244,-0.047608099877834,0.023597732186317,0.02698178589344,-0.03714931756258,-0.037287380546331,0.016110124066472,0.013527514412999,-0.013458605855703,0.015888212248683,0.018986826762557,-0.013751466758549,-0.015441425144672,-0.0049259080551565,-0.0085188681259751,0.0015637492761016,-0.0065603358671069,-0.028462205082178,-0.023978130891919,0.018528256565332,-0.021227993071079,-0.030832102522254,-0.011018475517631,0.0003195118624717,0.039901532232761,0.00072958657983691,-0.027814095839858,-0.015261043794453,-0.021595882251859,-0.036289472132921,0.028292767703533,0.033226191997528,0.036290790885687,0.0042796633206308,-0.026219211518764,-0.013807504437864,-0.0253687761724,0.0054761646315455,0.033917125314474,0.0099086482077837,-0.047348503023386,-0.029276086017489,-0.018807638436556,-0.0058275936171412,0.0010507317492738,0.039132755249739,-0.049629915505648,-0.0014714128337801,-0.025750042870641,0.0085104368627071,-0.015239194966853,0.0050463541410863,-0.061612635850906,-0.022633677348495,0.01898056641221,-0.029935993254185,0.0061901086010039,0.0023633502423763,-0.03011379763484,0.013172992505133,0.0032144009601325,0.011031785979867,0.013588859699667,-0.0096312668174505,0.019575912505388,0.011886260472238,-0.04591528698802,0.0078777624294162,0.0079148588702083,-0.0097162313759327,0.013619136996567,-0.022758096456528,0.0044198194518685,0.062999837100506,-0.014472196809947,0.021936949342489,-0.010669358074665,-0.026099631562829,-0.021981099620461,-0.032037060707808,0.021080516278744,-0.021314464509487,-0.016594626009464,0.00022682879352942,0.027908345684409,0.013079073280096,0.013029930181801,0.046057030558586,0.022444672882557,0.033683303743601,0.049549289047718,0.023080911487341,-0.0015009554335847,-0.027009755373001,0.0053368294611573,-0.04601713642478,0.029179008677602,0.025597086176276,-0.015152195468545,0.043204594403505,-0.022348020225763,0.042023438960314,-0.0014334747102112,0.0043543609790504,0.015626281499863,0.011536715552211,0.014865890145302,-0.01840296946466,-0.01438925974071,0.030835153535008,0.028849305585027,0.036443751305342,-0.011164170689881,-0.029613494873047,-0.014603897929192,0.024024114012718,0.0021663175430149,-0.017269935458899,0.016884405165911,-0.03363286703825,0.013014068827033,-0.032815665006638,-0.035197101533413,-0.018558658659458,-0.012956827878952,0.01524658408016,0.030131127685308,0.011820437386632,-0.035479810088873,0.030641907826066,-0.015378354117274,0.0047350507229567,0.0084471674636006,-0.014790197834373,-0.049713548272848,-0.035791382193565,-0.03517335280776,-0.0016117142513394,-0.026181500405073,-0.018407640978694,0.035306181758642,-0.0011348152766004,-0.0082535408437252,-0.0019988834392279,0.012558128684759,-0.0097464770078659,0.027371289208531,-0.0002316115424037,-0.0051400330848992,-0.026747504249215,0.0021336025092751,0.018441781401634,0.038189135491848,0.043526273220778,-0.029987460002303,-0.019242355599999,0.049291115254164,0.027269115671515,-0.017291391268373,0.0060624000616372,0.010385963134468,0.021071884781122,-0.038732066750526,0.018149664625525,0.030576433986425,-0.039507612586021,-0.0244853310287,-0.0023975882213563,-0.016543013975024,0.0041596265509725,0.041438031941652,-0.01246128603816,-0.012123068794608,0.0065733701921999,0.0064183850772679,0.022969238460064,-0.024513371288776,0.039580896496773,-0.031116904690862,0.0098367929458618,0.0086575290188193,0.024765266105533,0.026497334241867,-0.050234727561474,-0.0079386355355382,-0.0053091165609658,-0.0093051204457879,0.0012804270954803,0.031162859871984,0.01871482655406,-0.038782700896263,0.022148951888084,-0.0016670364420861,-0.015178634785116,-0.021100929006934,-0.016251256689429,0.010013481602073,-0.020437970757484,0.015302515588701,-0.02783209644258,0.037658534944057,0.0070921680890024,0.030398385599256,0.0149453477934,-0.038833320140839,0.013053627684712,-0.029947614297271,0.047028496861458,-0.0054172961972654,-0.01736069098115,-0.018971148878336,0.025974472984672,0.028744449838996,0.040792025625706,-0.020901523530483,-0.0069818589836359,0.041795987635851,-0.0023756078444421,-0.019321724772453,-0.018256025388837,-0.013498610816896,0.039530903100967,0.023239551112056,-0.07118521630764,0.02712744101882,1.2800883268937e-05,0.013216059654951,-0.03393829241395,-0.04317856580019,0.012098865583539,0.020084796473384,-0.035519476979971,0.031181057915092,-0.033900484442711,0.008188720792532,0.036229610443115,-0.0026416901964694,0.024405006319284,-0.030632350593805,0.02348667755723,-0.02250942401588,0.071541965007782,-0.027434205636382,0.0082202553749084,0.0060064578428864,-0.0057281674817204,0.028570950031281,-0.029816599562764,0.0370470918715,-0.01593922637403,-0.028048180043697,0.076228879392147,-0.015273709781468,-0.0027882042340934,0.0038749221712351,0.036035660654306,0.0027853536885232,-0.017597900703549,0.022199673578143,-0.044937338680029,-0.023495007306337,0.0082601513713598,-0.02479193918407,-0.0010184859856963,0.013459093868732,-0.0058306818827987,0.021668139845133,-0.013985763303936,0.010127522051334,-0.05891814827919,-0.0046105403453112,0.018457276746631,-0.0094973687082529,-0.026178076863289,-0.030489249154925,-0.0089111188426614,-0.0085144229233265,-0.022015852853656,0.038552358746529,-0.029548224061728,-0.033549644052982,-0.048880279064178,0.029080579057336,0.012704030610621,-0.00071249681059271,-0.015105878002942,-0.010387246496975,0.014867734164,-0.0088962595909834,0.04545259103179,0.0028587563429028,0.037855729460716,0.032421056181192,-0.022674210369587,0.034018807113171,0.030767675489187,0.036926262080669,0.045214965939522,0.020434049889445,0.0054810238070786,-0.012566084973514,0.016849400475621,-0.016855549067259,0.010245798155665,-0.016349691897631,-0.035606574267149,0.015422655269504,0.0058973249979317,-0.0049902158789337,-0.037370122969151,-0.032686688005924,0.0059337308630347,-0.033894348889589,0.01433152332902,-0.013428755104542,-0.070081405341625,0.010210352018476,0.015538296662271,0.0064141149632633,0.012363268993795,0.022771442309022,-0.022417057305574,0.016512077301741,-0.028780052438378,0.0087145874276757,-0.026974223554134,-0.033001501113176,0.030688002705574,-0.0013438216410577,0.011997474357486,-0.039071902632713,0.031638074666262,-0.0061068874783814,0.014333198778331,-0.032478235661983,-0.01938721165061,0.016677033156157,0.032590739428997,0.028789814561605,0.0060672983527184,0.013191971927881,-0.015300665982068,-0.048706714063883,-0.030746690928936,-0.016610607504845,0.041399784386158,0.033892229199409,0.0026565138250589,0.0012741442769766,0.0038305909838527,0.0039028325118124,-0.020566616207361,0.025833455845714,0.024154370650649,0.013051335699856,0.0095424074679613,-0.031921084970236,-0.0082773650065064,0.016945643350482,-0.011304099112749,-0.007391253951937,-0.012462867423892,0.0097123738378286,-0.0066969413310289,0.028818372637033,-0.018359005451202,-0.05146262049675,0.0027383640408516,0.00060377741465345,-0.013930432498455,-0.0086152218282223,0.012496003881097,0.030530231073499,-0.028673186898232,0.013852548785508,-0.020329058170319,0.0011022934922948,-0.021137936040759,-0.0069605601020157,0.055997285991907,-0.045330919325352,-0.00078595348168164,-0.0052924188785255,0.0057835220359266,-0.0064647565595806,-0.00081466895062476,0.0093309516087174,0.024813078343868,0.013766691088676,-0.030177444219589,0.034787259995937,-0.0082662208005786,0.018468299880624,0.0084035908803344,-0.025264214724302,0.012477149255574,-0.028869116678834,-0.031107060611248,-0.0018130241660401,0.028649611398578,-0.019250990822911,0.0045535177923739,0.026304010301828,0.019998861476779,0.01500522531569,-0.033182125538588,0.00072386546526104,0.0045821140520275,-0.014134609140456,0.027126340195537,-0.0071461368352175,-0.023301381617785,0.017618270590901,-0.0096959508955479,0.014978160150349,0.017552260309458,0.011132140643895,-0.0024514137767255,-0.035593777894974,0.010621496476233,0.010961881838739,0.026504276320338,0.013339935801923,0.017010398209095,0.016396617516875,-0.025798490270972,0.010249710641801,0.02371315471828,0.020555773749948,-0.024856252595782,0.020637255162001,0.025950523093343,0.024688208475709,0.00061732513131574,0.021727880463004,-0.030603386461735,-0.0031877006404102,-0.019915442913771,0.021154863759875,0.038812514394522,-0.022319568321109,0.024567637592554,0.032055962830782,0.028849337249994,-0.0058222939260304,-0.010376773774624,-0.021132227033377,-0.031112980097532,-0.011964878067374,-0.012297511100769,0.030912021175027,-0.019739584997296,0.0070409188047051,0.033055759966373,-0.015218744985759,0.022288747131824,-0.011026883497834,0.041657984256744,0.032718434929848,-0.016598166897893,-0.02906733378768,0.022176446393132,-0.022592028602958,-0.031101692467928,-0.033537287265062,0.012315155938268,0.03903941065073,-0.0056734411045909,0.025641309097409,0.038776062428951,0.016072643920779,0.0053024967201054,-0.020356034860015,0.0010459793265909,0.026004867628217,-0.0079685132950544,0.0032457718625665,-0.016701377928257,-0.014990367926657,0.013872463256121,-0.0034931441769004,-0.017905177548528,0.015061963349581,0.033752776682377,-0.033451098948717,-0.010328786447644,-0.034592892974615,-0.016525946557522,-0.028096670284867,0.00097424117848277,0.0085915867239237,-0.034292206168175,-0.0019426210783422,0.017980683594942,-0.030851079151034,-0.028147988021374,-0.00030289631104097,-0.010263577103615,0.02828892506659,0.010528675280511,-0.0038232998922467,0.020025977864861,0.041535221040249,0.025193300098181,-0.00085010903421789,0.035321980714798,0.0017665763152763,0.036405883729458,-0.021589022129774,-0.024056306108832,0.005697337910533,-0.010815544053912,-0.03371337428689,0.031432759016752,0.010766302235425,0.023466454818845,-0.023366302251816,-0.03108673542738,-0.039225421845913,0.0097294664010406,-0.017777256667614,-0.013358199968934,-0.033451944589615,0.047236274927855,0.035489618778229,0.030350809916854,-0.0073712347075343,0.00031242519617081,-0.01794433966279,-0.016890715807676,-0.010716833174229,0.012307296507061,-0.036856915801764,0.036870174109936,-0.03121354803443,-0.031445737928152,-0.022181568667293,0.03019305318594,0.040854278951883,-0.0287428740412,0.034722786396742,-0.031588960438967,-0.025134477764368,0.01730540394783,0.043031580746174,-0.017286693677306,0.02322599478066,-0.025210661813617,-0.036810431629419,0.030745230615139,0.025642726570368,0.022315850481391,0.0096420869231224,0.012750306166708,0.019375257194042,-0.018552714958787,-0.031525023281574,-0.019186396151781,-0.024948628619313,0.022659445181489,-0.014863691292703,-0.0047779437154531,-0.008081634528935,-0.02021093852818,8.9271728938911e-05,-0.018164517357945,0.011681857518852,0.011931673623621,0.031326368451118,0.0098951486870646,0.043377824127674,-0.032512113451958,-0.017223520204425,-0.01886729337275,-0.032796990126371,-0.006465848069638,-0.0090031288564205,0.004081008490175,0.011503678746521,0.0095219593495131,-0.031481508165598,-0.0084865121170878,0.031865481287241,0.026397962123156,-0.0027019884437323,-0.016065077856183,0.013200317509472,0.031146019697189,0.01813349686563,-0.018356774002314,0.012837249785662,-0.0012534642592072,0.033287215977907,-0.0021022602450103,0.029757702723145,0.010989377275109,0.03623054921627,0.029592704027891,-0.033287666738033,-0.014205769635737,-0.007072395645082,0.018053833395243,0.015762476250529,-0.033665202558041,-0.03273867815733,-0.0056471726857126,-0.0019892484415323,-0.022175759077072,-0.018744612112641,0.018327875062823,-0.023349240422249,0.027037039399147,0.0200135987252,-0.029439348727465,-0.028890481218696,0.0068931402638555,0.032320287078619,0.020326079800725,0.011665511876345,0.0056782504543662,-0.02241069637239,0.026012552902102,-0.011489695869386,0.016012830659747,-0.013024270534515,-0.028548251837492,0.0013660852564499,0.031897265464067,-0.00049766537267715,0.021757679060102,-0.023872900754213,0.02396971732378,0.01381359808147,-0.033206269145012,-0.022522546350956,-0.015159020200372,0.0060690618120134,-0.0071240030229092,-0.025882624089718,0.0079664569348097,0.038946896791458,-0.024392355233431,0.018583780154586,-0.024008743464947,0.0043590599671006,0.0071058748289943,0.013410543091595,0.017048373818398,-0.035084936767817,-0.023290285840631,0.012136365287006,-0.031197467818856,0.007932105101645,-0.009405467659235,-0.020520946010947,0.011146788485348,0.038225468248129,-0.032656062394381,-0.0022009247913957,-0.037311360239983,0.012505389750004,0.03153121471405,-0.013508361764252,-0.034455731511116,-0.015455639921129,-0.034978862851858,0.02365006506443,0.023604793474078,0.016016764566302,0.0096805617213249,0.010602360591292,-0.0016480055637658,0.014565620571375,-0.010317391715944,-0.01913845166564,-0.027362603694201,0.00023753517598379,0.00095733307534829,-0.016458690166473,0.014797288924456,0.018363025039434,-0.013391482643783,0.016606943681836,0.018205175176263,0.031159153208137,0.035280909389257,0.027609594166279,-0.016842579469085,0.00025678030215204,0.0048280339688063,0.006664858199656,0.030796267092228,0.0056518516503274,-0.0077728107571602,0.042457994073629,-0.034104857593775,0.024476202204823,-0.022339211776853,0.034652717411518,0.00014648312935606,0.051281992346048,-0.016585307195783,-0.020873362198472,-0.025677971541882,0.026657622307539,0.013233833946288,0.014633907936513,0.0017058362718672,-0.027828443795443,0.014615382999182,0.025490123778582,0.014988927170634,0.015283670276403,0.012727182358503,0.031203659251332,-0.0081103723496199,-0.0093538872897625,0.012817022390664,-0.0076731061562896,0.0080665368586779,0.033566366881132,-0.034000780433416,-0.024090692400932,-0.031325146555901,0.017388246953487,-0.002073135226965,0.0069643193855882,0.024465184658766,-0.037010584026575,-0.046862848103046,-0.030214097350836,-0.002623334992677,-0.0091440277174115,-0.0086731510236859,0.0080543048679829,0.010672457516193,-0.035079639405012,0.03112193569541,0.021289570257068,-0.023467665538192,0.016620649024844,-0.035550832748413,0.012258359231055,0.035265915095806,0.035895116627216,0.03148065507412,0.0063604302704334,-0.020176243036985,0.00097681046463549,-0.014468296431005,0.03034926019609,0.0037497936282307,-0.0092093059793115,0.0096288463100791,0.0330700725317,-0.016413392499089,0.0067730564624071,0.0011190383229405,0.019853729754686,0.031449522823095,0.035923987627029,0.014210290275514,0.036852836608887,-0.03773645311594,-0.012408956885338,0.011654181405902,-0.0023309502284974,0.022890217602253,0.012421205639839,0.029056865721941,0.01176989544183,0.012854555621743,-0.0077367890626192,0.047462351620197,-0.016426557675004,0.033765658736229,-0.053513091057539,0.029924081638455,-0.01325511559844,-0.018007015809417,-0.020454121753573,-0.0053375586867332,-0.0020239111036062,0.008894182741642,0.032561119645834,-0.0084093939512968,0.0017109725158662,-0.020616739988327,0.00039331719744951,0.016256531700492,-0.0060788318514824,0.026606392115355,0.013200210407376,0.014106753282249,-0.0046457494609058,-0.026784742251039,0.038154415786266,0.038550149649382,-0.0041313949041069,0.0038956243079156,0.0053937914781272,-0.019760370254517,0.035551592707634,0.00055747182341293,-0.03099337592721,0.020762421190739,-0.018544482067227,0.0081794774159789,-0.041107594966888,0.030363848432899,0.038388408720493,-0.017815520986915,-0.0091220382601023,-0.019071951508522,0.010227362625301,-0.036074347794056,-0.012845921330154,-0.00010464931256138,0.029767071828246,0.017083130776882,-0.021179689094424,0.001113060163334,0.024009810760617,-0.0023092268966138,0.0048451097682118,-0.038998927921057,-0.0064656576141715,-0.0092228520661592,0.019968686625361,-0.011565154418349,-0.0090136118233204,0.035196162760258,0.021421985700727,0.017184587195516,-0.024046704173088,0.025275386869907,0.033146895468235,-0.0086684776470065,-0.045202277600765,0.038950879126787,-0.033804714679718,-0.019085200503469,-0.0080467127263546,0.022804288193583,0.013560829684138,-0.023713419213891,-0.030889485031366,0.024682192131877,-0.00047617818927392,0.012625666335225,0.012883776798844,0.02158815972507,-0.033314727246761,-0.016472611576319,-0.036207139492035,-0.016362449154258,0.029586840420961,-0.0048042219132185,0.03154893219471,0.005769613198936,0.021274402737617,0.015931971371174,0.029344884678721,0.01646432839334,-0.012736448086798,0.010127503424883,0.039398044347763,0.031768284738064,0.017664989456534,-0.017895942553878,0.027446139603853,-0.012290683574975,0.0075621893629432,0.0050445632077754,0.0096436301246285,0.010958341881633,-0.013284968212247,0.021820485591888,-0.025628760457039,0.024630276486278,-0.041700284928083,-0.021795015782118,-0.025442505255342,-0.0024209641851485,0.040705729275942,-0.0073763844557106,0.035289268940687,-0.028751565143466,0.0079389773309231,-0.00919842813164,-0.030610078945756,0.0088618034496903,0.0032243421301246,5.6794040574459e-05,0.032742507755756,0.028053732588887,-0.027119370177388,-0.0045463303104043,-0.025970915332437,0.026236800476909,0.020808206871152,-0.01283660158515,0.033616788685322,0.00043249790905975,0.025420332327485,-0.0092940768226981,0.0016455374425277,-0.016503786668181,0.01521984487772,-0.028454400599003,-0.0019934272859246,0.012316029518843,-0.012850560247898,-0.016981583088636,-0.0063123404979706,-0.0085373939946294,-0.035565312951803,0.035062905400991,-0.034121405333281,0.015513025224209,0.0174505636096,-0.025749361142516,0.003717289539054,-0.026470877230167,0.002173392334953,-0.02173212915659,-0.025076953694224,-0.032363135367632,0.019352667033672,-0.015632819384336,-0.012775974348187,-0.012738959863782,0.02371565811336,0.027098769322038,0.0098717929795384,0.032024323940277,0.037928212434053,0.022224839776754,0.042395580559969,-0.024958655238152,0.021327575668693,-0.011083903722465,0.04256509244442,-0.0013930974528193,0.01317077409476,0.025295287370682,-0.0029084687121212,-0.026638006791472,-0.0090592605993152,0.006491219624877,-0.022492159157991,-0.027543118223548,0.0022658915258944,-0.00080358504783362,-0.023800678551197,0.029733939096332,0.023688241839409,0.0079875607043505,0.03142723441124,0.026928193867207,-0.02362584322691,-0.023818707093596,-0.016376214101911,0.0147246113047,0.021181177347898,0.028288329020143,0.015048935078084,0.011433562263846,-0.004284767434001,0.034856103360653,-0.019689301028848,0.01562478672713,-0.014698368497193,-0.0083212405443192,0.00088550942018628,0.025873690843582,0.011168508790433,0.051147427409887,0.0032904997933656,-0.015757312998176,-0.015490615740418,-0.0061709815636277,-0.024585526436567,-0.020398726686835,-0.038723882287741,-0.0085146855562925,0.012916737236083,0.016689570620656,0.026342365890741,0.034341376274824,0.022826936095953,-0.036416202783585,-0.015118068084121,0.032858353108168,0.020278166979551,-0.0061706267297268,-0.039570100605488,-0.014022038318217,-0.020374415442348,-0.0047380062751472,0.022761519998312,0.0089953579008579,-0.012938501313329,-0.037721160799265,0.023775612935424,0.037863001227379,-0.0109295360744,0.024382827803493,0.025411080569029,0.0095173278823495,0.012311672791839,-0.025162152945995,-0.008339224383235,0.0098555143922567,0.016381420195103,-0.016444381326437,-0.040513213723898,0.056935057044029,0.014482817612588,-0.0030826642177999,-0.021396359428763,0.01062723621726,-0.0015333188930526,-0.037808001041412,-0.01080238353461,-0.02384371869266,-0.024242777377367,-0.024375298991799,-0.0065695135854185,0.031025826931,-0.019604599103332,0.0032761401962489,-0.022669203579426,0.012500109151006,0.022772306576371,0.031639531254768,0.0070853685028851,-0.013082660734653,0.015766907483339,0.015709234401584,-0.030253704637289,-0.0094923861324787,-0.015583741478622,0.014451574534178,-0.035310320556164,-0.022251129150391,-0.012656832113862,0.012501046992838,-0.026585098356009,-0.016171086579561,0.020013216882944,0.0044086910784245,-0.013957500457764,-0.028194576501846,-0.022754989564419,0.0080760354176164,0.015877665951848,0.031557377427816,-0.022636797279119,-0.021890096366405,0.0073612201958895,0.015160641632974,-0.025812996551394,0.011586047708988,0.013833964243531,0.027764566242695,-0.033385932445526,-0.0022139088250697,-0.039721198379993,0.024247715249658,0.0044455383904278,0.030545631423593,0.025384841486812,0.051059875637293,0.012436231598258,0.031893197447062,-0.027510305866599,0.0074921641498804,-0.020566400140524,-0.0056604305282235,-0.025771355256438,-0.0068649481981993,-0.0090859336778522,0.01104165893048,0.025048619136214,-0.023492148146033,0.032264776527882,0.0031838845461607,0.020818492397666,-0.008675005286932,0.022499168291688,0.0243916567415,-0.0060106506571174,0.020201060920954,0.00093206553719938,0.01801710948348,0.034324169158936,-0.034838780760765,-0.04829141125083,-0.027007833123207,-0.026583010330796,0.020083734765649,-0.062492188066244,0.001176459249109,-0.0092327743768692,-0.020040405914187,-0.037736289203167,-0.017654813826084,0.0055536101572216,0.027517668902874,-0.017870089039207,0.005511315073818,0.012041677720845,-0.026121275499463,-0.03377166762948,-0.006148356013,0.01312867552042,0.026877680793405,0.022208588197827,0.018440384417772,0.035660419613123,-0.025903590023518,-0.026205483824015,0.016823148354888,0.034162469208241,0.019512297585607,-0.0081979129463434,-0.037388753145933,0.019955456256866,-0.019038021564484,-0.033001709729433,-0.033535864204168,0.021222084760666,-0.017665579915047,0.01887958869338,-0.013956662267447,-0.0079737193882465,0.042092874646187,0.016508841887116,-0.020477339625359,-0.024176120758057,-0.0051027005538344,0.011343742720783,-0.024287322536111,0.035317029803991,-0.0015844418667257,-0.019585190340877,0.014669205993414,0.018811747431755,0.044552750885487,0.02530968002975,0.018930204212666,-0.024632278829813,0.028367372229695,0.0065303356386721,-0.0063863866962492,0.031267836689949,-0.035934489220381,0.011720178648829,0.029141487553716,-0.026179177686572,-0.010264805518091,-0.018550144508481,0.026118312031031,0.027117839083076,0.02213411219418,0.030246840789914,0.014341239817441,0.00098859018180519,-0.022850243374705,-0.03325580060482,0.032811000943184,-0.014893961139023,-0.023088188841939,-0.01515313796699,0.0094258552417159,0.031756587326527,0.026449471712112,-0.0082664638757706,0.0075893569737673,-0.011557848192751,-0.0043693394400179,-0.019908420741558,-0.016560427844524,0.033557068556547,-0.029037019237876,-0.0055528189986944,-0.018781566992402,-0.034666828811169,-0.022597709670663,0.020349184051156,-0.0057908957824111,-0.0065792738460004,-0.031889118254185,-0.029160300269723,-0.021469078958035,-0.0039851954206824,-0.00149428518489,0.017372135072947,0.017081739380956,0.035786464810371,0.043239179998636,0.0082843657582998,0.016718426719308,0.015764506533742,-0.037868842482567,0.021169226616621,-0.031948424875736,-0.0108040003106,-0.010062301531434,-0.013758369721472,0.0032535307109356,-0.024595111608505,0.032131392508745,0.0095055205747485,0.010487620718777,0.025566102936864,-0.0042762402445078,-0.028790988028049,-0.01605517603457,0.025481140241027,0.028314275667071,0.023799616843462,0.027724530547857,0.014373376965523,0.032282814383507,-0.013710567727685,0.0019144851248711,-0.033385083079338,0.0017280981410295,-0.014320435933769,-0.030906360596418,-0.02569049783051,0.038663443177938,-0.0077688237652183,0.0088729159906507,-0.025771236047149,0.00065525405807421,0.01231971476227,-0.015085675753653,0.027429679408669,-0.024146420881152,-0.0054984465241432,-0.015066131949425,-0.037178013473749,0.022073483094573,-0.026697486639023,-0.0046627237461507,-0.038949728012085,0.013843105174601,0.0050113187171519,0.015447312965989,-0.0065244422294199,-0.00812535174191,-0.017051642760634,0.01686836220324,0.020796235650778,-0.014909558929503,-0.01640528999269,-0.013548304326832,-0.021694613620639,0.0035671398509294,0.0019178668735549,-0.026525218039751,0.021700086072087,0.01456877682358,0.00090893055312335,-0.025816405192018,0.046218547970057,-0.025778910145164,0.0073262802325189,-0.016066957265139,0.021279009059072,-0.021868908777833,0.023009538650513,-0.03893980011344,-0.033438634127378,-0.0054670106619596,-0.017653863877058,-0.013654963113368,0.00084734131814912,-0.0014216392301023,-0.01436975877732,-0.0015536029823124,-0.040083423256874,-0.0058665252290666,-0.010978701524436,-0.026356002315879,0.025703860446811,0.017500881105661,0.011770245619118,-0.016929034143686,0.011220210231841,-0.012217030860484,-0.011134774424136,0.0092363292351365,-0.040398456156254,0.0073205442167819,0.031435173004866,-0.026876881718636,-0.012958821840584,0.014908005483449,0.01959634386003,-0.018120797351003,0.018020654097199,-0.013775260187685,-0.014504669234157,-0.0044144825078547,0.026553142815828,-0.022614946588874,-0.0063469666056335,0.0063962456770241,-0.017218183726072,-0.011439925990999,-0.023169295862317,-0.019371695816517,-0.014618995599449,-0.016304088756442,0.043749090284109,0.0010240100091323,-0.0027330960147083,-0.0048451637849212,-0.029594110324979,0.021726941689849,0.036884475499392,0.0080573651939631,-0.018291378393769,0.0030384769197553,-0.00059086427791044,-0.0033704347442836,-0.013897167518735,0.035629086196423,-0.0060714324936271,-0.00038742262404412,0.012782337144017,-0.021688001230359,0.017725033685565,-0.005516373552382,-0.024898964911699,0.026311721652746,0.027810817584395,0.033793110400438,-0.023153312504292,0.016430268064141,-0.029824798926711,0.017663393169641,-0.018152546137571,0.0097756218165159,0.027990845963359,0.020006448030472,0.013970268890262,-0.026697885245085,0.02832804620266,-0.020067937672138,0.033863130956888,-0.016353316605091,0.012218456715345,0.024231139570475,-0.025163397192955,-0.0037774436641484,0.020842293277383,0.0055952151305974,-0.0036126624327153,0.0021598972380161,-0.0022992629092187,-0.018473412841558,-0.02269615791738,0.017145315185189,0.014016840606928,-0.020205209031701,-0.018001971766353,0.024098668247461,0.001035537570715,0.024527885019779,0.0052561894990504,0.0099691236391664,0.027875000610948,0.00048893241910264,-0.017114674672484,0.0040698344819248,-0.024466009810567,0.029487509280443,0.0010264833690599,-0.020795367658138,0.0069375117309391,-0.030387492850423,0.0060422755777836,-0.009467963129282,0.0086196502670646,-0.016792841255665,-0.011052940040827,-0.030979819595814,0.030930757522583,0.034339148551226,-0.0065931538119912,0.010176264680922,0.018617922440171,0.017854303121567,-0.023896051570773,0.0055528325028718,-0.011475102044642,-0.0069979527033865,0.020258886739612,0.033250033855438,0.034157194197178,-0.012884378433228,0.017884019762278,0.017217546701431,0.028728563338518,-0.028123779222369,0.0014450279995799,-0.004341789521277,-0.020750131458044,-0.028120674192905,0.013021149672568,-0.017127679660916,0.032192070037127,0.014693470671773,0.027557151392102,0.0098670795559883,0.0054654022678733,-0.010937756858766,0.020617548376322,-0.02350247092545,-0.012585903517902,0.019883692264557,0.021409811452031,0.036938015371561,0.0081086652353406,0.017750296741724,-0.015070633031428,0.029419764876366,-0.0067121330648661,-0.015148519538343,0.022590856999159,0.023309158161283,-0.029395988211036,-0.032832589000463,0.027366686612368,-0.0079367477446795,-0.0069375978782773,0.031880233436823,-0.002992486115545,0.038886960595846,0.019836030900478,-0.0073689855635166,0.0018020677380264,0.039414521306753,0.018832249566913,-0.0153977451846,0.0032631820067763,0.036189425736666,0.0039155604317784,-0.024393303319812,0.00056591880274937,0.020482880994678,0.034214172512293,-0.015371544286609,0.016572318971157,-0.010114651173353,0.022752851247787,-0.0008659542654641,-0.015546537004411,0.022872246801853,-0.030028589069843,-0.032520320266485,0.034602761268616,0.022765439003706,-0.003013274865225,-0.0174629855901,0.018618937581778,0.017637545242906,-0.024359777569771,-0.01982569694519,0.018811648711562,0.031270679086447,-0.014845758676529,-0.029271127656102,-0.01436126511544,0.023704715073109,-0.019559761509299,-0.031092816963792,-0.0017045240383595,0.021419152617455,0.0080331871286035,-0.011916555464268,0.0042579839937389,0.040841490030289,-0.0040399068966508,-0.0021012488286942,0.017677634954453,0.017836021259427,-0.0063671194948256,-0.023574847728014,0.0080992765724659,-0.02206595800817,-0.011607930995524,-0.013547662645578,-0.014065741561353,-0.0018973267870024,0.018895909190178,-0.016306592151523,0.036373008042574,-0.0094934143126011,0.0054088868200779,0.014185911975801,-0.00046343909343705,-0.020113989710808,-0.0051503302529454,-0.006063636392355,0.045121394097805,0.025541823357344,0.0065869935788214,0.012116556987166,-0.0018577055307105,0.018914619460702,-0.028539605438709,-0.0080462247133255,0.0074683246202767,0.01222438365221,-0.030654232949018,0.031633898615837,0.0042755133472383,0.022599494084716,0.0043474049307406,-0.028308710083365,0.032123826444149,0.012801558710635,-0.0028516384772956,-0.03365870565176,-0.023132035508752,0.0034534584265202,0.0092639643698931,-0.0069556892849505,-0.024753056466579,-0.034474458545446,-0.019942881539464,-0.040656827390194,-0.0091142123565078,-0.035274498164654,-0.031092308461666,-0.025928646326065,-0.012422788888216,-0.028875160962343,0.00042794662294909,-0.020164981484413,0.009333673864603,0.017241330817342,-0.027247933670878,-0.021792620420456,-0.010504018515348,-0.031739853322506,-0.030314596369863,-0.020255928859115,-0.017708634957671,-0.016350880265236,0.024883631616831,0.021298846229911,0.021388066932559,0.033945597708225,0.0034976359456778,0.0086697172373533,-0.015774171799421,0.001154443831183,0.019355684518814,0.017579300329089,0.0018288348801434,-0.01193264964968,-0.0038653300143778,-0.011030117981136,-2.837637293851e-05,0.013115596957505,-0.026640757918358,0.028612354770303,-0.031184697523713,-0.020690578967333,-0.043934237211943,0.0034166723489761,-0.021207641810179,-0.01151382829994,-0.027048967778683,-0.00076680490747094,0.02640076354146,-0.036417566239834,-0.032622613012791,-0.016053700819612,-0.028954062610865,-0.0042475666850805,0.020792851224542,0.012789202854037,0.0088117914274335,-0.011843741871417,-0.0096330307424068,-0.039629079401493,-0.043388549238443,0.0015751704340801,0.010869611985981,-0.025035053491592,-0.0059329043142498,0.027037661522627,0.010275687091053,-0.029826359823346,0.028658734634519,0.022109372541308,0.045479916036129,-0.006688020657748,0.037810493260622,0.0063872742466629,0.0058134039863944,-0.04514192044735,-0.006076137535274,-0.01370785292238,-0.026134349405766,0.014082051813602,0.015062159858644,0.025550454854965,0.0066245375201106,0.0011387155391276,0.011904614977539,0.045553747564554,-0.00095972296549007,0.039830170571804,-0.041220005601645,0.016969041898847,0.029149619862437,0.019863808527589,-0.0042996304109693,0.028339989483356,0.022930325940251,0.031604591757059,-0.027753015980124,-0.025436609983444,0.028983743861318,0.042004089802504,0.020354384556413,-0.019736329093575,-0.024181248620152,-0.016503134742379,0.020880402997136,-0.023129060864449,0.022295577451587,-0.040772255510092,0.041839152574539,0.00059682648861781,-0.00050420989282429,-0.036904264241457,-0.017323045060039,0.024889208376408,0.010417815297842,-0.017130555585027,-0.0056565478444099,-0.0033898295368999,-0.044280376285315,-0.029079603031278,-0.043755378574133,0.027495183050632,-0.009458651766181,-0.021987687796354,0.0053519196808338,-0.032121524214745,0.017256952822208,-4.5285061787581e-05,0.01743876747787,0.022717509418726,-0.039055753499269,0.0086174309253693,-0.0014179114950821,-0.0059669543989003,-0.00081052363384515,-0.041937571018934,-0.020590217784047,0.020163875073195,0.012440307997167,0.036223135888577,-0.0026479954831302,0.025032373145223,0.0049834297969937,-0.021972978487611,0.016267217695713,-0.0022223801352084,-0.023855324834585,0.0054429154843092,-0.014133861288428,-0.013923116028309,-0.029923755675554,0.01120388880372,-0.023800656199455,-0.026942672207952,-0.03142299130559,-0.017100479453802,0.00135280971881,-0.018192697316408,-0.028792329132557,0.0064981412142515,0.012348691001534,0.0066467076539993,0.016807988286018,0.013355238363147,-0.030082874000072,0.038545183837414,-0.0057945908047259,0.027192736044526,-0.03461542353034,0.0072717908769846,0.024269742891192,0.02162928879261,0.022254291921854,0.0089364573359489,0.015286814421415,0.0067887124605477,0.033121887594461,-0.033985026180744,0.028249500319362,0.027500716969371,0.013319749385118,0.017449038103223,-0.0035111617762595,-0.0026001988444477,-0.024993760511279,-0.02741364762187,-0.033208101987839,0.011145696975291,0.033588297665119,-0.020776184275746,0.0089918933808804,0.0013500440400094,0.018710788339376,0.022479744628072,0.0036247395910323,0.001490524969995,0.030492071062326,-0.027088666334748,-0.027149435132742,0.014195867814124,0.0042709745466709,-0.0062331366352737,-0.0023751754779369,-0.020404497161508,-0.014784269966185,0.023933714255691,0.017916690558195,0.025854347273707,0.020452449098229,-0.0050821672193706,-0.026121225208044,0.0038025691173971,0.0025467413943261,-0.01942047290504,0.03064302355051,0.023745214566588,-0.036061733961105,-0.017274279147387,0.02225030399859,-0.041753105819225,-0.028147596865892,-0.0098750926554203,0.019260725006461,0.006918107625097,-0.028893481940031,0.0086835259571671,-0.0057474253699183,0.022213624790311,-0.014715555123985,0.023964980617166,-0.0019034433644265,0.0070613981224597,-0.023527123034,-0.038557376712561,-0.0065654707141221,0.033870548009872,-0.019996970891953,0.029085479676723,-0.025001332163811,0.010276227258146,0.022225728258491,0.028644841164351,-0.03308529406786,-0.014648601412773,-0.00074683222919703,-0.032165944576263,-0.0067026265896857,0.028355339542031,0.021927732974291,0.0022459297906607,-0.018739107996225,0.0060550877824426,-0.0042420206591487,-0.030055144801736,-0.025373324751854,-0.025655465200543,0.0071150581352413,-0.0098536256700754,-0.0032978588715196,-0.031915120780468,0.017446955665946,-0.010934844613075,0.046944845467806,0.024615230038762,0.048161830753088,-0.0095549849793315,0.0009727287106216,-0.033016625791788,0.019781893119216,0.025779452174902,0.014801839366555,-0.025322373956442,0.0033458641264588,0.028993899002671,-0.020402817055583,-0.040877688676119,-0.02460690587759,-0.019423311576247,-0.003431421238929,0.011139041744173,0.0098321549594402,-0.00082470651250333,-0.0088330237194896,-0.010786812752485,0.013400722295046,-0.017636720091105,0.0011879953090101,-0.0071019227616489,-0.017856039106846,0.032058887183666,-0.012666116468608,0.032094020396471,0.011415955610573,0.041243366897106,-0.016880180686712,-0.027262613177299,0.033447239547968,-0.031847808510065,0.0049232486635447,-0.0012522793840617,-0.037957586348057,-0.021029137074947,0.021182660013437,-0.030233347788453,0.049789711833,-0.022331478074193,0.021119697019458,0.0044530681334436,-0.016456577926874,-0.013547692447901,-0.015255142003298,-0.030028047040105,0.020464966073632,-0.016558110713959,-0.020021077245474,0.026816442608833,0.00021129542437848,0.01312080770731,0.035751681774855,-0.023199256509542,-0.0024453653022647,0.040257152169943,-0.033754151314497,0.021977623924613,-0.0027285269461572,-0.021984003484249,0.032837778329849,-0.023349365219474,-0.0051894411444664,0.0035385997034609,-0.0094618452712893,-0.025227934122086,-0.025028539821506,-0.019239725545049,0.035183012485504,0.00094929878832772,0.030354967340827,-0.0021701995283365,0.019639732316136,0.014871990308166,-0.020503662526608,0.0224350951612,0.010048968717456,-0.030263900756836,-0.0033344447147101,-0.00017694385314826,-0.021621955558658,0.020808538421988,-0.02288712374866,-0.018759328871965,-0.010805057361722,-0.0074830008670688,0.023496733978391,0.030919019132853,0.026288093999028,-0.019264919683337,0.035279523581266,0.031507167965174,-0.03645583987236,0.0049579069018364,0.0046976679004729,-0.023624926805496,-0.033490616828203,0.0072348890826106,0.013377655297518,-0.0059722545556724,-0.0062509556300938,-0.025000486522913,0.030902659520507,-0.026677146553993,0.013461958616972,-0.018763672560453,-0.0062879216857255,0.022866735234857,-0.01488668564707,-0.013627401553094,0.020466163754463,-0.0036561207380146,-0.0042750984430313,-0.0096423039212823,0.014210065826774,-0.0016416005091742,0.011527429334819,-0.016283128410578,-0.027906537055969,0.0034153829328716,-0.025079514831305,-0.023674352094531,0.0038691693916917,-0.032175846397877,-0.012710495851934,-0.0072298836894333,-0.0044405590742826,-0.022585267201066,-0.027550714090466,0.019852576777339,0.019978294149041,-0.01587295345962,-0.012883470393717,0.035112902522087,0.028284626081586,0.0012111447285861,0.023366861045361,0.031817179173231,0.013993420638144,0.0355189666152,-0.0019153419416398,0.010418983176351,-0.012265658937395,-0.032001573592424,-0.0085631180554628,-0.020435642451048,-0.025727078318596,-0.019407253712416,-0.034631967544556,0.02191849052906,0.024461571127176,0.0173364803195,0.023647589609027,-0.0068826358765364,-0.0030985842458904,-0.030817015096545,-0.021376257762313,-0.01996162161231,0.035015057772398,0.033757727593184,-0.030515333637595,-0.028255376964808,0.00099148950539529,0.027663972228765,0.007623502984643,-0.037046734243631,-0.033127415925264,0.017153456807137,-0.012829686515033,0.0013074550079182,0.033478409051895,0.012711736373603,0.0080517865717411,-0.011267774738371,-0.011035866104066,-0.008857624605298,-0.0058310474269092,-0.033729653805494,-0.0014128818875179,0.0055455574765801,0.020739985629916,-0.018379464745522,-0.027735015377402,-0.027850905433297,0.015783991664648,-0.029178004711866,-0.024107621982694,0.014799598604441,-0.013547929935157,0.0086464220657945,-0.023996101692319,0.029892759397626,0.021613052114844,-0.024368753656745,-0.0095416512340307,0.02954526245594,0.011647747829556,-0.0019011305412278,0.0066897622309625,-0.0066972752101719,0.012238695286214,0.023635223507881,0.031733721494675,0.0087606925517321,-0.010396313853562,0.030975492671132,0.013837154023349,0.0058210957795382,0.036447204649448,0.020270142704248,0.0084882024675608,-0.033419001847506,0.036843832582235,-0.034388929605484,-0.032003149390221,-0.036972749978304,0.010988337919116,-0.01601224206388,-0.016611659899354,0.026642363518476,0.01799569837749,0.015371220186353,-0.012560727074742,0.0057147559709847,-0.0342170111835,0.023505453020334,-0.028878541663289,0.018489954993129,-0.025413269177079,-0.015385366976261,0.01563773676753,-0.023257838562131,-0.0041997567750514,0.0074022803455591,-0.0059221195988357,-0.014622018672526,0.0098293032497168,-0.035486057400703,-0.00019594701007009,0.033416725695133,0.033166579902172,0.019125321879983,-0.011744541116059,0.020542463287711,-0.010299406945705,-0.0017467405414209,-0.017197059467435,-0.015659106895328,-0.011379266157746,-0.010402225889266,0.0034158516209573,0.010239223949611,0.034700646996498,0.024221086874604,-0.025575395673513,-0.0058961291797459,0.01423726323992,0.025934614241123,0.0051289135590196,-0.015802308917046,0.031465873122215,-0.0065764919854701,-0.010592689737678,0.003649196587503,-0.032705921679735,0.0081262812018394,-0.016157144680619,-0.02567882463336,0.0086497664451599,0.026697676628828,0.010520317591727,0.023239517584443,0.030591744929552,0.015477343462408,-0.012037916108966,0.0012566649820656,0.017487935721874,-0.021067561581731,0.01259524654597,-0.033126845955849,-0.0037244274280965,0.00087083969265223,-0.018800232559443,-0.022977424785495,0.020281387493014,0.008660345338285,0.036172587424517,0.030034644529223,-0.036705426871777,-0.0059593399055302,-0.020064665004611,0.0085805412381887,0.01162086520344,-0.015370420180261,0.022389004006982,0.017465867102146,-0.023838212713599,0.023892033845186,0.014704253524542,-0.036794945597649,-0.011760535649955,-0.015227960422635,-0.020066102966666,-0.018700070679188,-0.0072326771914959,0.031598515808582,-0.010302865877748,0.035577896982431,-0.024736983701587,0.034258939325809,0.029512433335185,-0.013680244795978,0.0059857261367142,-0.0044460264034569,0.024382142350078,-0.011114342138171,0.01551242172718,-0.0027319844812155,-0.029478561133146,0.0094622867181897,-0.024177808314562,0.010597852990031,8.7344946223311e-05,0.00030675480957143,0.025949308648705,-0.0065943640656769,-0.011362569406629,0.0050117382779717,0.011012125760317,0.023345330730081,-0.036508593708277,0.0058265365660191,0.029040871188045,0.032756306231022,-0.011573998257518,0.019007559865713,0.022939242422581,0.0084605934098363,0.033843584358692,-0.0019234037026763,-0.035865537822247,-0.013932796195149,-0.036661732941866,0.010822627693415,0.014664676040411,0.018993575125933,0.01532122772187,-0.015997916460037,0.0011281949700788,0.022921610623598,0.034445066004992,0.0070100259035826,0.031364474445581,-0.03367655351758,-0.035239815711975,-0.018750850111246,-0.036598574370146,0.02116609364748,-0.025162490084767,-0.009439748711884,0.01473633479327,-0.010696071200073,-0.0319554656744,0.002595343394205,0.01803863607347,-0.0050945808179677,0.017956998199224,-0.032439850270748,-0.0017583670560271,0.0016933982260525,-0.004500457085669,0.027451537549496,0.0054896785877645,0.027004331350327,-0.0067070764489472,-0.012732644565403,-0.035141296684742,0.013031424023211,0.017374247312546,-0.026847124099731,0.0081828683614731,-0.0056497766636312,0.022266335785389,-0.0022264344152063,0.017676748335361,0.0240447986871,0.0145871238783,0.024806670844555,-0.0029079739470035,-0.021186033263803,0.033307831734419,0.020415922626853,0.036031007766724,0.015360517427325,0.0054903454147279,0.00089798035332933,-0.022053632885218,0.028354709967971,-0.026841312646866,-0.0034004542976618,-0.026502238586545,-0.028908835723996,-0.012294908985496,-0.020958097651601,-0.028369450941682,0.0076444591395557,0.010082392022014,0.026061858981848,0.014927904121578,0.035067688673735,-0.0082281986251473,-0.017807899042964,0.016711167991161,0.0096836099401116,-0.027743048965931,0.0071006994694471,0.020401174202561,0.0078243426978588,-0.02222659997642,0.004287542309612,0.031694564968348,-0.027833638712764,0.033258449286222,-0.024491209536791,-0.0085912020877004,-0.0048496471717954,0.028919732198119,-0.021426279097795,-0.0055154282599688,-0.016034178435802,0.033767178654671,0.02061035297811,-0.031182153150439,0.019779145717621,-0.025525193661451,0.017102483659983,0.035827703773975,0.03584436327219,-0.0079453820362687,0.029495922848582,-0.014456449076533,-0.01510282792151,0.026063285768032,0.015325811691582,-0.029463808983564,-0.0036580520682037,-0.0056550023145974,0.00100211892277,0.027240313589573,-0.00043223687680438,-0.029329409822822,-0.0086663346737623,-0.013381234370172,-0.027576060965657,-0.024377817288041,0.030258808284998,-0.0099656591191888,-0.034978803247213,0.010267517529428,-0.02511508949101,-0.013145414181054,-0.017510121688247,0.027716971933842,-0.017149137333035,-0.029076216742396,0.018063675612211,-0.037104155868292,0.0091635007411242,0.030218411237001,-0.033364288508892,0.033382743597031,-0.024739895015955,0.029662813991308,0.018662253394723,-0.010500623844564,0.021611012518406,-0.0083710225299001,-0.002578315557912,0.014641696587205,0.0073857586830854,0.0019882500637323,-0.0042560021393001,-0.001811831491068,0.018596723675728,0.0012828158214688,-0.028645409271121,0.00089643109822646,0.031150180846453,-0.026381973177195,0.026495354250073,-0.0005159112624824,-0.026241846382618,0.0093377791345119,-0.016083560883999,-0.025910524651408,0.011894871480763,-0.015743561089039,-0.030322955921292,0.035528670996428,0.0046064821071923,-0.016983818262815,-0.025557054206729,0.0046097189188004,-0.0020708406809717,0.012064202688634,0.0057898485101759,-0.01478975545615,0.00057878904044628,0.026300143450499,0.036070726811886,0.0075820158235729,0.02834958024323,-0.017872983589768,0.0029414207674563,0.022378411144018,-0.029171926900744,-0.025208247825503,0.014481600373983,-0.003459955798462,0.0043728165328503,0.026208760216832,-0.032918829470873,-0.0093393689021468,0.026923999190331,-0.0078857354819775,-0.032430775463581,-0.0058673447929323,0.018361072987318,-0.011818460188806,0.0053519112989306,-0.0056658973917365,-0.01133918389678,0.027892459183931,-0.029320206493139,0.00083176069892943,0.0044543757103384,0.025051556527615,0.029602143913507,0.0064690783619881,0.0081775914877653,0.020813105627894,-0.028852049261332,-0.026508715003729,0.015485072508454,-0.012692883610725,0.016607536002994,-0.01125346403569,-0.0013007436646149,-0.0077788433991373,-0.023110814392567,0.0054806522093713,-0.033818319439888,0.017107032239437,0.0076487176120281,-0.019113350659609,0.032054301351309,-0.0081430952996016,0.011297029443085,0.012621316127479,-0.00055751291802153,0.025265639647841,-0.020118582993746,0.026406029239297,0.0012413873337209,0.025535374879837,-0.0062387841753662,0.031591102480888,0.035885009914637,0.003664335468784,-0.015869829803705,-5.6488670452381e-06,-0.010307990945876,-0.023983497172594,0.022176772356033,-0.012477033771574,0.033992871642113,-0.021037701517344,0.0210598744452,-0.011540940962732,-0.0038943309336901,0.020544352009892,-0.030487593263388,0.012779916636646,0.021913886070251,0.026775259524584,0.024736115708947,0.011311589740217,-0.03294924274087,0.011141086928546,-0.0040761502459645,0.012205348350108,0.0042324541136622,0.0032342106569558,-0.00015272144810297,-0.032808262854815,-0.021440431475639,0.030058573931456,-0.01177222840488,0.031040815636516,0.0017096649389714,-0.01008830498904,-0.03317154571414,0.0057466928847134,-0.021532326936722,0.02779752574861,0.007748581469059,-0.029465517029166,0.027036586776376,-0.025413000956178,0.010025136172771,0.0018928769277409,0.032382044941187,-0.0028231339529157,-0.035346202552319,-0.014079310931265,-0.033330768346786,0.02703969925642,-0.026403162628412,0.010702033527195,0.020880587399006,-0.0077147763222456,0.011915942654014,0.034694958478212,0.030840119346976,0.031828310340643,-0.0092225056141615,-0.018613709136844,0.024984901770949,0.035441618412733,0.012600439600646,-0.034244045615196,-0.00058237434132025,-0.030638065189123,0.0032002353109419,-0.004810702521354,0.010463586077094,0.033770680427551,0.024860963225365,-0.033326014876366,-0.0064791780896485,-0.036331102252007,-0.023639682680368,-0.0017331219278276,-0.012911509722471,-0.031028363853693,0.025206830352545,0.0041926931589842,-0.0040587428957224,0.032323963940144,-0.022970991209149,-0.016070378944278,0.012693559750915,-0.01513000857085,0.020132571458817,-0.018912462517619,0.0039569297805429,-0.0031306457240134,0.028090445324779,-0.019971465691924,0.034082420170307,0.033844150602818,-0.01274879835546,0.015206757932901,0.0038182283751667,0.0098957736045122,0.00139025086537,0.013236181810498,-0.0081455931067467,-0.026903055608273,-0.035889815539122,0.012944800779223,-0.032642476260662,-0.025936126708984,-0.0017197922570631,-0.0032324376516044,0.020813977345824,0.023381464183331,0.026863234117627,-0.023829681798816,-0.014655767008662,-0.024347525089979,-0.0055070081725717,-0.0256920568645,0.018404142931104,-0.025783373042941,-0.0008673882111907,-0.021647354587913,-0.0075315642170608,0.0090888179838657,-0.027447059750557,0.004242941737175,-0.0097223185002804,0.0024489683564752,0.024966349825263,0.018527038395405,-0.0083004971966147,-0.00010344433394494,0.00040916714351624,-0.0051392908208072,0.027504505589604,0.022750599309802,-0.026377996429801,0.0067564374767244,-0.028613748028874,-0.021220231428742,0.011685033328831,-0.012809402309358,0.018437206745148,-0.0056715304963291,0.012030698359013,-0.035465244203806,0.0024560359306633,-0.032093551009893,-0.010985824279487,0.018226135522127,-0.0036771537270397,-0.0098760575056076,-0.037181530147791,-0.013976653106511,-0.025710079818964,-0.023729661479592,-0.0090811606496572,0.019685430452228,-0.024246146902442,0.021357648074627,0.029881957918406,-0.0049531469121575,-0.01643618568778,-0.032548639923334,-0.030249068513513,0.030331674963236,-0.027702033519745,0.0030880402773619,0.0041284640319645,0.029985310509801,-0.026938170194626,0.027883728966117,0.010298563167453,-0.029739445075393,-0.01824464276433,-0.0019127640407532,0.035837080329657,0.033027645200491,0.015045340172946,-0.032748036086559,-0.03282031416893,0.033213287591934,-0.0063350200653076,-0.0179174374789,-0.034174997359514,-0.031266696751118,-0.036794528365135,-0.025292005389929,-0.017878880724311,-0.0052351430058479,0.02435827255249,-0.0016401591710746,0.021363943815231,-0.032777328044176,0.023688765242696,-0.001696644234471,0.0029903457034379,3.9066606404958e-05,-0.017320178449154,0.029344959184527,0.0071093994192779,-0.028819303959608,-0.034544065594673,0.036394789814949,-0.029928000643849,-0.0002269863471156,0.032973241060972,-0.023579554632306,0.0066237356513739,-0.035003282129765,-0.027684709057212,-0.024685438722372,0.034711297601461,0.0091998241841793,-0.034910283982754,0.005086206831038,0.016956416890025,-0.023125629872084,0.02047904394567,-0.032761890441179,-0.006974708288908,0.035131346434355,0.010830679908395,-0.031749591231346,0.0062147751450539,-0.018314890563488,-0.02379035204649,0.030258320271969,-0.020727602764964,-0.032155875116587,0.029723700135946,-0.017149267718196,0.010927200317383,0.021710049360991,-0.013718044385314,0.0072379573248327,0.011473794467747,-0.0019986366387457,0.0127207711339,-0.03449247777462,0.017771765589714,0.0008429124718532,-0.031948622316122,-0.0036609806120396,-0.01439696829766,-0.031451392918825,0.031980186700821,-0.0047615384683013,0.016264129430056,-0.0014744293875992,-0.014493255876005,-0.018135188147426,-0.029442751780152,0.026151593774557,0.038363911211491,0.0057033379562199,-0.010783571749926,-0.027834814041853,0.0013057866599411,0.037384320050478,0.026086060330272,-0.0034298542886972,-0.03642950579524,-0.010828081518412,0.016941932961345,0.024781508371234,0.036089204251766,0.029844017699361,0.027962513267994,-0.036652460694313,-0.022955542430282,0.015434514731169,-0.013532013632357,0.0066345571540296,0.031935211271048,0.025419514626265,-0.029442174360156,-0.035471368581057,-0.000761833274737,0.013431066647172,-0.029868306592107,0.030373498797417,0.007527731359005,0.025080533698201,0.012748868204653,-0.013620090670884,-0.0093026580289006,0.025273626670241,-0.0092236567288637,-0.022084672003984,0.033752340823412,0.029335925355554,0.019881492480636,0.032944791018963,-0.014958992600441,-0.01920010894537,0.022470097988844,-0.0084666321054101,0.02052503824234,-0.010233778506517,0.0055443062447011,0.027165960520506,-0.0023398722987622,-0.022105405107141,0.019488913938403,-0.031709473580122,0.03274093568325,0.0078436322510242,0.011437115259469,0.022064859047532,-0.024840131402016,-0.028765892609954,0.037223812192678,-0.032069627195597,-0.0036933324299753,-0.022462865337729,-0.0066678412258625,-0.034315910190344,-0.012158892117441,-0.01272735837847,0.0027634503785521,0.016793498769403,0.014130902476609,-0.021916529163718,0.031668409705162,-0.0012055301340297,0.0019057202152908,0.030947785824537,-0.01548882201314,0.012278266251087,-0.0080867670476437,0.0022478299215436,0.032454557716846,0.003126970725134,0.013089985586703,0.017128923907876,0.00087302492465824,0.014910547062755,0.0060825971886516,0.020395692437887,0.026081953197718,0.010122443549335,-0.00067381252301857,0.03007466159761,0.021126106381416,-0.013027220033109,0.0091675175353885,-0.017714323475957,-0.015411568805575,-0.0055293133482337,-0.029345894232392,0.02807872928679,0.026685053482652,0.025302035734057,0.022827664390206,-0.028356559574604,-0.005365114659071,-0.037068326026201,-0.006086035631597,-0.0045095607638359,0.010531882755458,0.033541765064001,-0.015916051343083,0.023214727640152,0.010889171622694,0.029028153046966,0.014469330199063,-0.023585526272655,-0.028577696532011,0.035451363772154,-0.035102169960737,0.028694365173578,0.0050858268514276,-0.028041427955031,-0.026595555245876,-9.8152944701724e-05,-0.020064590498805,0.023174853995442,0.0041501326486468,-0.0055992915295064,-0.023255068808794,-0.013641396537423,0.029065437614918,0.028051853179932,-0.016389742493629,0.026857217773795,-0.029054632410407,-0.0080107618123293,0.0040928837843239,-0.0011581111466512,0.028837548568845,0.011750984936953,0.0019804106559604,0.0088945440948009,0.010758058167994,0.00013177248183638,-0.0020977014210075,0.0059912605211139,-0.019829787313938,-0.00030167479417287,-0.0051436461508274,-0.0032089434098452,-0.011378132738173,0.027005964890122,0.022179909050465,0.0006279757944867,-0.029306631535292,-0.027774875983596,0.0054686749354005,0.0045240991748869,-0.012680135667324,-0.020065702497959,-0.034961596131325,0.0060582146979868,0.019204936921597,0.0079561434686184,0.033650118857622,-0.0074555445462465,0.019795143976808,-0.011453695595264,0.015079053118825,0.0067378664389253,0.011918197385967,-0.016684234142303,-0.0014337491011247,-0.0086796535179019,0.020904244855046,-0.034618332982063,0.023246644064784,-0.014838924631476,-0.032478671520948,0.0062975594773889,-0.0080478470772505,0.0067443856969476,0.036281533539295,0.034450270235538,-0.022158181294799,-0.014345885254443,-0.031941086053848,-0.013553012162447,-0.023406621068716,-0.036468960344791,-0.019328134134412,0.032857924699783,-0.033911630511284,0.031574103981256,0.01255192514509,-0.0025790138170123,-0.034413728863001,0.018917091190815,-0.025724561884999,-0.0091298576444387,0.004697690717876,0.0022654153872281,-0.023347048088908,0.0231903064996,-0.010329681448638,-0.0021332155447453,-0.0070818294771016,-0.0055479528382421,0.018494801595807,0.010987022891641,-0.01155243255198,0.029932886362076,0.0014281122712418,0.0052927597425878,0.025460872799158,0.0032491530291736,0.031904846429825,0.020654376596212,-0.011045156046748,0.00044476735638455,0.01804674603045,-0.020582366734743,-0.026623414829373,-0.017514765262604,0.028012817725539,-0.013202333822846,-0.0058891992084682,0.017049359157681,-0.023504568263888,0.0018630876438692,-0.011206153780222,-0.03452130407095,-0.031176595017314,0.031538512557745,-0.0034572943113744,-0.017904177308083,0.016273068264127,-0.028416002169251,0.011696031317115,0.034263469278812,0.011742364615202,0.031520035117865,-0.024542754516006,0.0091345505788922,0.029379526153207,-0.011684125289321,-0.001117084058933,0.0085141062736511,-0.014098409563303,0.019765596836805,-0.023434253409505,-0.036507051438093,0.0058475872501731,-0.020017834380269,0.013896782882512,0.0085190897807479,0.002313076518476,-0.03511219471693,0.019099876284599,0.036782488226891,-0.0075162104330957,-0.0085639134049416,-0.010504317469895,-0.033459275960922,0.01614959910512,0.026153944432735,-0.012311334721744,0.021795555949211,-0.011215544305742,0.027749678120017,-0.0063939020037651,0.0035453827586025,-0.030046494677663,-0.029018934816122,-0.025415478274226,0.01100564096123,0.00391835719347,-0.0083775511011481,-0.034646362066269,0.027286693453789,0.017140742391348,-0.022210216149688,0.023589057847857,-0.021190069615841,0.02987802028656,-0.00060846621636301,-0.012885257601738,0.01051614806056,0.02522836625576,-0.023182921111584,-0.029562743380666,-0.02829373255372,0.0019587459973991,-0.030944993719459,0.017866563051939,0.020593363791704,-0.023136775940657,-0.014501173049212,-0.013909756205976,0.038901507854462,-0.0027077435515821,0.0078729586675763,-0.019833531230688,0.012928172014654,-0.0027434972580522,-0.014774420298636,-0.00082031637430191,0.013842226006091,0.021192761138082,-0.034707117825747,0.027663208544254,0.024865590035915,-0.0076735327020288,0.030712241306901,0.031748902052641,0.035902172327042,-0.0046003730967641,0.020655730739236,0.011956600472331,0.016121134161949,0.030304551124573,0.013408407568932,0.018346693366766,0.0050539495423436,-0.023449804633856,0.017005512490869,-0.03363262116909,-0.0069935037754476,-0.03039750084281,-0.033260948956013,0.014108536764979,-0.0082857087254524,0.013901728205383,0.024924457073212,-0.031040050089359,0.020124590024352,0.031107738614082,-0.02302772551775,-0.0095036812126637,-0.036650758236647,-0.0010431902483106,-0.02686657756567,0.0034325018059462,0.03908022120595,0.0028360676951706,0.0029316209256649,0.021141357719898,-0.033406995236874,-0.024711349979043,-0.016673607751727,0.001851437962614,-0.021513326093554,0.024825397878885,0.0063031581230462,-0.010088002309203,0.028627343475819,-0.01194971986115,0.015723917633295,-0.022647483274341,-0.004356216173619,-0.01768728159368,0.0061686271801591,-0.011878441087902,0.013982009142637,-0.019175641238689,0.013177862390876,0.008823242969811,0.0051579433493316,-0.036260865628719,-0.024193314835429,-0.036498941481113,-0.012951134704053,-0.0097967823967338,0.0084900138899684,-0.026030514389277,0.033748261630535,-0.0010692060459405,0.0062950802966952,-0.03764297068119,0.01594209112227,0.0052137020975351,0.0026455437764525,-0.033286463469267,-0.019148647785187,0.016463372856379,0.025031598284841,-0.012026161886752,0.023695588111877,0.014773133210838,0.010797380469739,0.01231845561415,-0.024853851646185,0.02602956444025,0.02751424536109,-0.027967605739832,0.0044685467146337,-0.031991384923458,-0.0088130366057158,0.023351926356554,0.012347294948995,0.006990141235292,0.023513164371252,-0.025656579062343,-0.033016916364431,-0.006289376411587,0.014294367283583,0.030000070109963,0.034068882465363,0.0038732893299311,0.008871209807694,-0.017392180860043,0.019608896225691,0.00051304418593645,0.0048868861049414,-0.0097598768770695,7.9158817243297e-05,0.016848370432854,0.032671205699444,0.00027844670694321,0.019394552335143,-0.0022750936914235,-0.011258911341429,-0.033394563943148,-0.026741731911898,-0.015758767724037,-0.027520965784788,-0.017518041655421,0.031687468290329,-0.021665012463927,-0.012433672323823,0.029059153050184,0.017542546615005,-0.028614642098546,-0.012776385061443,-0.023189794272184,-0.034598346799612,0.032284710556269,0.0068530053831637,0.012474970892072,0.015806404873729,-0.035079963505268,0.010272301733494,0.00023501523537561,-0.0029898833017796,0.028536040335894,-0.010553863830864,-0.030687898397446,-0.027118805795908,-0.032853603363037,-0.017294561490417,0.024618772789836,0.016434635967016,-0.032915741205215,-0.0068114879541099,-0.033627759665251,-0.010428756475449,-0.00045872398186475,0.015692522749305,-0.014577803201973,-0.0017826538532972,0.012576547451317,0.030127814039588,0.0087559567764401,0.010950287804008,-0.02353448420763,-0.026385590434074,0.0074570975266397,-0.018385667353868,-0.014275602065027,0.032730974256992,-0.013201708905399,-0.014813679270446,-0.01513878442347,0.034471921622753,0.022935941815376,-0.025343038141727,-0.013608820736408,-0.008778341114521,0.025436351075768,-0.013850897550583,-0.036624502390623,0.0039806496351957,0.025288565084338,0.009378345683217,0.0086059169843793,-0.02814462967217,0.0077046011574566,0.012403020635247,0.035231690853834,-0.028463969007134,-0.024383505806327,0.029783546924591,-0.001239767880179,0.018492726609111,-0.0034394657704979,0.0024453969672322,-0.0012927207862958,-0.0074790068902075,0.0027038394473493,-0.0017492575570941,-0.03096080571413,0.022563306614757,-0.026196157559752,0.031072027981281,0.032386425882578,-0.01034873072058,0.021177662536502,-0.011126232333481,-0.013361942023039,-0.035434875637293,0.035633496940136,0.017131609842181,-0.0096005843952298,0.025629125535488,0.020634267479181,0.013061411678791,-0.0036539435386658,0.00062992959283292,0.0035057098139077,0.0017113408539444,-0.036803126335144,0.013179647736251,-0.01378624048084,0.015336353331804,0.0067907031625509,-0.01829264126718,-0.015953898429871,0.022954232990742,0.0092451702803373,-0.0074390741065145,0.0032674572430551,-0.027206316590309,0.017787789925933,-0.0095963962376118,-0.028424426913261,-0.027388881891966,0.039458155632019,-0.030961845070124,-0.0027260810602456,-0.034050326794386,0.0070555484853685,-0.015974158421159,-0.022888133302331,0.020602816715837,0.019964287057519,0.018703965470195,0.033678542822599,0.0082586277276278,0.00838628038764,0.01849958114326,0.00052326230797917,0.016295947134495,0.0094501618295908,0.012611663900316,0.012666206806898,0.020660681650043,0.0054893465712667,-0.026448804885149,-0.0080004800111055,-0.0017057366203517,-0.00085266306996346,0.027399640530348,0.009839778766036,-0.0040121567435563,-0.0077141113579273,0.031716734170914,0.019833130761981,0.0013616707874462,-0.025095457211137,0.023593597114086,-0.01932424120605,-0.017613001167774,-0.013238918967545,0.034227404743433,0.018272131681442,-0.0224354788661,-0.026558637619019,-0.0099099390208721,-0.020419277250767,-0.025342533364892,-0.022055001929402,0.043252903968096,-0.023015199229121,0.021332360804081,0.016727987676859,-0.021374635398388,-0.018393032252789,0.030241942033172,-0.0038488686550409,-0.0082611069083214,-0.025157464668155,0.0048200371675193,-0.012358016334474,0.02956854365766,0.030775424093008,-0.005906090606004,0.019533134996891,-0.00036934364470653,0.017232686281204,-0.02604554221034,0.013426658697426,-0.025900380685925,0.0050217173993587,-7.0480746217072e-07,0.020259127020836,0.010815286077559,-0.0021613740827888,-0.019688291475177,-0.034159798175097,-0.017032658681273,0.034422136843204,0.037143249064684,-0.0078100091777742,0.012047114782035,0.01047738455236,-0.0010919343912974,0.00260143680498,0.0062268637120724,-0.009478310123086,-0.012773510999978,-0.033574860543013,0.03070330992341,0.024027561768889,0.00898118596524,-0.010465800762177,-0.018386527895927,0.0072290520183742,-0.025743084028363,-0.034562163054943,0.024847432971001,0.0099455583840609,0.028591867536306,-0.020897151902318,-0.022340603172779,-0.0024641898926347,0.012760856188834,-0.021900739520788,-0.044547200202942,0.022110320627689,-0.029568454250693,-0.03665392100811,-0.0063553843647242,0.001705105882138,0.012376260012388,0.016721960157156,-0.0055071786046028,0.034038107842207,-0.010039347223938,-0.0068391910754144,0.02717861533165,0.023081421852112,-0.010937671177089,0.040386494249105,-0.032236829400063,0.032306417822838,0.025996951386333,0.01458833552897,-0.01041001919657,0.0050707142800093,0.017466580495238,-0.024272922426462,-0.023871086537838,0.031419310718775,0.024875128641725,0.010938543826342,-0.023715125396848,-0.014932270161808,-0.027065977454185,0.029881345108151,0.022516364231706,0.011946743354201,-0.0084108980372548,0.0082135191187263,0.022875517606735,-0.019495310261846,-0.030460573732853,0.0080412458628416,0.025987859815359,-0.0092742275446653,0.027111170813441,-0.0071841347962618,0.013581871055067,0.026905277743936,0.0075256517156959,0.038071617484093,-0.0095188822597265,-0.033129990100861,0.0068218144588172,0.0047974730841815,0.022504415363073,0.0081948796287179,0.02162666246295,-0.025282263755798,0.030836688354611,-0.034270022064447,0.027340894564986,0.022586161270738,-0.03276889398694,-0.008579476736486,0.032819129526615,0.014943371526897,0.01421219855547,0.0022347092162818,0.033815287053585,0.029100492596626,0.037163931876421,-0.030790984630585,-0.0086114360019565,0.012831849977374,-0.039163619279861,-0.0034439519513398,-0.011709653772414,-0.0035445122048259,-0.012450759299099,0.014419858343899,-0.035962037742138,-0.034181084483862,-0.019063150510192,-0.033661976456642,0.0080583561211824,0.019178472459316,-0.0036643713247031,0.010845612734556,0.042398951947689,-0.036689821630716,-0.023494176566601,-0.015965018421412,-0.014279843308032,-0.0037613513413817,0.0016309004276991,0.0035117520019412,-0.016136303544044,0.010053928941488,-0.024045009166002,-0.034582655876875,0.0086307134479284,0.0026578954420984,0.01914831623435,0.016425538808107,-0.030464379116893,-0.036998029798269,0.018813867121935,0.0066702398471534,0.040923304855824,0.017777362838387,-0.032899219542742,0.021661741659045,0.022811250761151,0.0051830136217177,0.015426207333803,0.0060857222415507,-0.037206776440144,0.0076732132583857,-0.011085994541645,-0.029319871217012,-0.00081968709127977,-0.0015059580327943,-0.0029191633220762,-0.020334027707577,-0.0041073248721659,0.034125939011574,-0.02084836922586,-0.0052625443786383,0.0075091458857059,0.016224160790443,0.032440699636936,-0.010434968397021,0.012152426876128,-0.0040290406905115,-0.016675321385264,-0.00076589157106355,-0.026761608198285,-0.015834713354707,0.0095085268840194,0.027518330141902,-0.027065282687545,0.012165078893304,-0.018252061679959,-0.02158067189157,-0.011520711705089,-0.036768037825823,-0.038981307297945,0.02219694852829,0.002896862803027,0.0030050075147301,-0.030854646116495,-0.0046793418005109,0.011131945066154,0.0069196587428451,0.019205881282687,-0.036906905472279,-0.011304927058518,-0.015722565352917,-0.014912080951035,0.012761022895575,0.028144150972366,-0.011314298026264,-0.032764431089163,-0.024140292778611,0.017660934478045,0.017339808866382,0.02889514900744,-0.014365824870765,0.012348118238151,0.0095535488799214,0.0042850603349507,-0.024426583200693,0.011947675608099,-0.0013456755550578,0.012258953414857,0.0062517942860723,0.0075157657265663,-0.034537617117167,0.021288558840752,-0.007003856357187,0.023103304207325,-0.019201142713428,0.036427166312933,-0.029721584171057,-0.014656452462077,-0.022096119821072,-0.032870728522539,0.0054634683765471,-0.032657761126757,-0.0023215922992676,-0.01250006724149,0.0045465878210962,0.009535463526845,-0.014241549186409,0.012947464361787,-0.027956636622548,-0.015562010928988,0.0043063163757324,-0.042242489755154,-0.014723011292517,-0.0099728656932712,-0.037723440676928,-0.024431539699435,-0.00080822198651731,-0.020156238228083,-0.010097776539624,-0.028008965775371,0.018896225839853,0.0046004885807633,-0.0085053136572242,-0.01156566105783,0.011267341673374,-0.0043965224176645,-0.013320081867278,0.033115062862635,-0.0017826698021963,-0.0073391422629356,-0.029779970645905,0.009791380725801,0.015370688401163,0.011895380914211,0.003796563250944,0.011625663377345,-0.026510870084167,-0.034943010658026,-0.016767976805568,0.017309641465545,-0.017731396481395,-0.002037676051259,-0.019134556874633,-0.025969758629799,-0.01877848058939,0.0013264523586258,-0.023433146998286,-0.044166799634695,0.020730121061206,-0.011850685812533,-0.0049105933867395,-0.021583119407296,-0.0359604395926,-0.01352680567652,0.0045556086115539,-0.020775076001883,-0.018121372908354,-0.011320263147354,-0.031091896817088,-0.015619146637619,-0.015911696478724,-0.0013088572304696,0.02118725143373,0.023772371932864,-0.0022588153369725,0.0097650308161974,-0.01551941037178,0.021457459777594,-0.038640808314085,-0.0015483361203223,0.0075364266522229,0.0078177079558372,-0.043085843324661,-0.023299884051085,0.010702859610319,0.0016346543561667,0.034723468124866,-0.019233984872699,0.018140895292163,-0.0065848198719323,0.019066400825977,-0.034568510949612,0.026950081810355,-0.023166378960013,0.026490027084947,0.0033802825491875,-0.013085221871734,-0.042805925011635,-0.010299731045961,0.0033766438718885,0.012274752371013,-0.011326322332025,0.0029663103632629,-0.023139387369156,0.024546194821596,0.034696973860264,-0.019397649914026,-0.045696713030338,0.018141262233257,0.00069495884235948,0.015879353508353,-0.0014250413514674,-0.033698733896017,-0.011783000081778,0.040320612490177,0.0109344990924,0.014605276286602,-0.019440462812781,-0.0074359574355185,-0.008266412653029,0.020187398418784,-0.0048850146122277,-0.013006879016757,0.026598323136568,0.032349683344364,-0.0049361083656549,-0.003050658851862,-0.021603479981422,0.017031345516443,-0.025622524321079,0.010535295121372,0.031529385596514,-0.00088255555601791,0.017993232235312,-0.035041157156229,0.0021512808743864,-0.023815838620067,0.018460769206285,-0.023947531357408,0.014412331394851,0.04172445088625,0.0058775627985597,-0.010146217420697,-0.022544911131263,-0.0072689489461482,0.035877302289009,-0.037558801472187,0.023858169093728,0.0045661707408726,0.004989942535758,-0.027631795033813,0.024865660816431,-0.015066628344357,-0.0070324898697436,0.028774157166481,0.027802981436253,-0.029504550620914,-0.013909729197621,0.023595968261361,-0.017640650272369,-0.029106937348843,0.0202860776335,-0.010680017061532,-0.014859674498439,0.018235974013805,0.021935053169727,-0.036649737507105,0.01833276078105,0.028717994689941,-0.023238664492965,-0.019158717244864,-0.022445823997259,-0.020086059346795,-0.010097621008754,-0.036275167018175,-0.024066582322121,-0.028021264821291,-0.028818972408772,-0.013234671205282,0.02161673642695,-0.012277604080737,0.033089607954025,0.019999984651804,-0.014814159832895,0.0090581532567739,-0.0063142664730549,-0.014205169863999,-0.040103729814291,-0.010514172725379,-0.025895323604345,-0.0043640984222293,0.03721920773387,0.033796768635511,0.0069692027755082,-0.0041753994300961,-0.0088641429319978,-0.026079962030053,0.0011259579332545,0.0047024926170707,-0.022231614217162,0.032781429588795,0.041111323982477,0.018955405801535,0.027920138090849,-0.027803424745798,0.03135622292757,-0.0026909704320133,0.0011178846471012,-0.0088034020736814,-0.038482882082462,-0.03508223593235,-0.016397254541516,0.0022439016029239,-0.015380972065032,0.0019011768745258,0.0052537093870342,-0.023364743217826,-0.0094335349276662,0.0080863302573562,-0.022701954469085,-0.028455434367061,-0.037068799138069,0.014546344988048,-0.0085825435817242,0.0038650452625006,-0.035774327814579,0.045632027089596,-0.0071793938986957,-0.016430888324976,0.03469842672348,-0.021045234054327,-0.029517062008381,-0.031614013016224,0.016760984435678,-0.015926091000438,-0.011322525329888,0.017070822417736,-0.0027614734135568,0.023360680788755,0.011334099806845,0.025684939697385,0.033628489822149,-0.039325922727585,0.0044209500774741,0.026852753013372,-0.034643344581127,-0.00026633686502464,0.024543806910515,0.022200312465429,0.034596923738718,-0.02408404648304,0.021558878943324,-0.018939765170217,0.021894056349993,-0.0013536521000788,-0.022925088182092,-0.012125479057431,-0.0036597300786525,-0.030893268063664,-0.03275179117918,0.016937399283051,0.012933140620589,0.023734305053949,-0.013420707546175,0.0086942380294204,-0.010313126258552,0.0077064610086381,-0.050517078489065,0.0086933560669422,0.030421085655689,-0.0023550218902528,0.023062195628881,0.014842247590423,0.0095111997798085,-0.012604282237589,-0.0097288321703672,0.034188292920589,-0.029810765758157,-0.011790353804827,0.025610020384192,0.00071029597893357,0.012294572778046,0.033356565982103,-0.010336874984205,-0.035291019827127,0.020405212417245,-0.0056499452330172,-0.051712367683649,0.026302540674806,-0.026591943576932,-0.030825534835458,-0.0025165288243443,-0.014105620793998,-0.025475230067968,0.035722125321627,0.023384980857372,-0.017191248014569,0.029512660577893,0.038308247923851,-0.013651133514941,-0.0069198561832309,0.00034604943357408,0.0024275160394609,0.049170326441526,-0.013265224173665,-0.019038513302803,-0.0088446345180273,0.01095608714968,0.029565731063485,-0.020560450851917,-0.014175365678966,0.021528333425522,0.034828372299671,0.024013046175241,0.015097335912287,0.022549320012331,0.020839298143983,0.012792874127626,0.023752678185701,0.011099779047072,0.022573255002499,0.041784692555666,-0.0021153255365789,-0.0014356246683747,-0.01954523473978,0.044173397123814,-0.027987604960799,-0.024730246514082,0.0212685726583,0.02808104455471,0.024644378572702,-0.0053351479582489,-0.022893074899912,0.0077197658829391,0.020564515143633,0.008631557226181,-0.02955106087029,-0.024820297956467,0.0070190681144595,0.0085427667945623,0.015094296075404,0.013388061895967,-0.029755733907223,-0.0055880504660308,-0.0061525129713118,0.0015323658008128,-0.034455399960279,0.017328999936581,0.02099147439003,0.0016109873540699,-0.0049703870899975,-0.040014322847128,-0.0084821972995996,-0.023377532139421,0.003782324725762,-0.0072553409263492,0.00034234224585816,-0.0079386914148927,-0.012458639219403,0.0044225244782865,-0.00020697696891148,0.033365115523338,-0.035962551832199,0.038245711475611,0.034442599862814,-0.026851141825318,-0.0041457354091108,0.015759011730552,-0.0070053176023066,0.0030402075499296,-0.040629114955664,0.0026333453133702,-0.037538468837738,-0.0050893817096949,0.025439398363233,0.020345579832792,-0.00044493129826151,0.012879085727036,0.053312722593546,-0.016218792647123,-0.018020503222942,0.0099351918324828,-0.0062343864701688,0.042683307081461,0.020846081897616,-0.0223104134202,-0.0075148735195398,0.0016402644105256,-0.014631566591561,-0.00066688831429929,-0.029391873627901,-0.022530546411872,-0.058153998106718,0.036730572581291,-0.053686168044806,0.022144896909595,-0.026006640866399,-0.018737822771072,0.04277852922678,0.049803473055363,0.013558403588831,-0.019327741116285,0.0039948895573616,0.022535758092999,0.010529325343668,-0.011150994338095,0.041097547858953,-0.049394443631172,0.017846090719104,0.0035551295150071,0.030743839219213,-0.035401463508606,0.037037633359432,0.0037836239207536,0.037656586617231,0.0074711423367262,-0.027641709893942,-0.051159832626581,-0.018695758655667,0.02323267236352,0.013089671730995,-0.001474161632359,-0.014923684298992,0.029579697176814,0.030276469886303,-0.016623269766569,0.022718904539943,0.017230937257409,-0.043177105486393,-0.0044531668536365,0.0028316541574895,0.018718756735325,-0.020532170310616,0.01629400998354,0.041017729789019,0.020667541772127,0.028206242248416,0.020317388698459,0.052526369690895,-0.025886598974466,0.035978972911835,0.03542335703969,0.00012991517724004,-0.014609827660024,-0.0068081794306636,0.010847226716578,0.020159719511867,-0.019605869427323,0.0060273730196059,0.021274356171489,-0.026797881349921,-0.036630492657423,0.0033687599934638,0.010347330011427,0.033416416496038,-0.022004943341017,-0.0099006816744804,-0.049719896167517,0.0061903223395348,0.044916037470102,-0.054985214024782,-0.028160957619548,0.0026838269550353,0.0034383363090456,0.013241162523627,0.025002215057611,-0.0055700507946312,-0.018581109121442,-0.016821747645736,-0.02828661352396,0.022532504051924,-0.00033439381513745,-0.038942288607359,-0.034643787890673,-0.00062164705013856,-0.044005513191223,-0.061281733214855,0.032404221594334,-0.011296767741442,-0.028704863041639,0.024276694282889,-0.0027452183421701,-0.043501492589712,0.0016107202973217,-0.012939307838678,-0.00099608115851879,-0.024075293913484,-0.019252641126513,-0.040175501257181,0.020445547997952,0.027848159894347,-0.027183191850781,0.012547408230603,-0.0090929297730327,0.0060620051808655,0.012922864407301,-0.01811483502388,-0.015562549233437,0.019248098134995,-0.040707241743803,0.02572157792747,0.0072629204951227,-0.0043402472510934,0.030369155108929,-0.009766404516995,-0.00666284840554,-0.020308744162321,0.0074475998990238,0.00883355922997,-0.019526561722159,-0.02791516110301,-0.017476547509432,-0.021825173869729,0.011621313169599,-0.0041943113319576,-0.019094062969089,0.024565784260631,-0.010748504661024,0.029923854395747,-0.034732714295387,0.036389216780663,-0.017585350200534,0.058518145233393,-0.027752121910453,0.010291934944689,-0.02447609603405,0.058353155851364,-0.021471625193954,0.013139306567609,-0.0055585876107216,0.015711154788733,-0.003662524279207,-0.0055782194249332,-0.029494863003492,0.019153749570251,-0.0072261919267476,0.030765719711781,-0.04433449357748,0.02229624427855,0.032361153513193,-0.0085399867966771,0.016373246908188,-0.039713215082884,-0.011602621525526,0.025902893394232,0.029651062563062,0.0026862975209951,0.002655123360455,0.008082109503448,0.023399464786053,0.017924631014466,0.011791401542723,-0.011724929325283,0.019261099398136,-0.020780911669135,0.0070125139318407,-0.028200015425682,-0.030837293714285,-0.047497160732746,-0.010961567983031,-0.023780381307006,0.022749794647098,-0.028849333524704,0.0059735346585512,0.00099557067733258,0.018219767138362,-0.016378587111831,0.031216556206346,-0.0074868705123663,0.00096002244390547,-0.054719354957342,-0.02387217245996,-0.0053239371627569,-0.00072862033266574,0.019652476534247,-0.039333552122116,0.027309108525515,-0.010552143678069,0.016080658882856,0.0084483874961734,-0.018626937642694,0.011510781943798,-0.0085589252412319,-0.0047671450302005,-0.033488433808088,0.030543748289347,-0.031764816492796,-0.0082022538408637,0.012290823273361,-0.028002839535475,0.0072181085124612,-0.054339922964573,0.020206175744534,-0.014913950115442,-0.0032687208149582,-0.0070916335098445,-0.0079512782394886,0.046563759446144,-0.0062037142924964,-0.0038810132537037,0.0019206070574,-0.011061175726354,-0.0069091781042516,-0.021721733734012,0.0092601403594017,0.0016822053585202,0.020569711923599,-0.0090478388592601,0.0059164320118725,-0.04093150421977,0.013412193395197,0.013288788497448,-0.022812342271209,-0.020810835063457,-0.014032883569598,0.026172759011388,-0.025673404335976,-0.0065457159653306,-0.030883099883795,0.021355090662837,-0.016134304925799,-0.0073263989761472,0.015710104256868,-0.047659981995821,0.019614716991782,-0.014482359401882,-0.024468164891005,0.0070513216778636,0.0093514351174235,0.028832137584686,-0.025539955124259,-0.0093574691563845,0.012049343436956,-0.01941424049437,-0.030991919338703,0.018065432086587,0.016240678727627,-0.012404094450176,-0.035505317151546,-0.016393911093473,-0.010270111262798,0.015963500365615,0.014603157527745,-0.016318721696734,0.0075018936768174,0.027718933299184,0.032638408243656,0.017456313595176,0.0079129254445434,-0.025693196803331,-0.0363994166255,0.034009214490652,0.037152841687202,-0.00064355827635154,0.012106701731682,-0.021489586681128,0.032262358814478,0.018502563238144,0.012277290225029,0.030505957081914,0.028760183602571,-0.036867193877697,-0.020557679235935,0.014230323024094,-0.013836960308254,-0.026469269767404,0.032834012061357,-0.018044700846076,0.00048463570419699,-0.02466968074441,-0.030645620077848,0.011412132531404,0.0076648811809719,0.0029961874242872,-0.024719158187509,-0.021794281899929,-0.0341164059937,-0.017663119360805,-0.021721292287111,0.034985203295946,-0.028938772156835,-0.027905797585845,-0.0251485388726,0.033535748720169,0.025978807359934,-0.0097769144922495,0.014309151098132,0.034266654402018,0.017523566260934,0.023278215900064,0.020690219476819,0.014020132832229,0.015436394140124,-0.035893782973289,0.0044708298519254,-0.002414079150185,0.035374313592911,-0.028471739962697,-0.021243365481496,-0.021601529791951,-0.01040118560195,0.0077329995110631,0.0068075070157647,-0.01426374912262,0.021741025149822,-0.035180371254683,-0.033266011625528,-0.0085101490840316,0.01091849245131,-0.030526051297784,0.028699235990644,0.023100428283215,-0.0013674305519089,0.017782777547836,0.034803815186024,0.0077092600986362,0.016703303903341,-0.034934442490339,-0.0077537959441543,-0.031030114740133,-0.034778375178576,-0.014772191643715,-0.0173235591501,0.020036829635501,-0.010808987542987,0.013807243667543,-0.024361165240407,-0.032605689018965,-0.035165596753359,0.0080302339047194,-0.0036063333973289,-0.017626818269491,0.017965272068977,-0.0037852847017348,0.028633043169975,-0.0097426110878587,0.0056836130097508,0.0085663208737969,0.024171078577638,-0.018988022580743,-0.0091098202392459,-5.6513467825425e-06,0.033797722309828,0.019452050328255,-0.0010247018653899,-0.024234818294644,0.0079597514122725,-0.015909980982542,0.0081694470718503,0.024442771449685,0.028288636356592,0.0070154056884348,0.0116051658988,0.028060786426067,-0.0012061694869772,-0.035365700721741,0.035684864968061,0.0058414051309228,-0.00544723123312,0.033527422696352,-0.030769519507885,0.025083485990763,0.034572340548038,-0.0075324717909098,-0.029144652187824,-0.010659118182957,-0.020186819136143,0.016676677390933,-0.034709926694632,-0.0036969785578549,-0.033006560057402,-0.035385381430387,-0.019030654802918,0.018511816859245,-0.032056372612715,0.024672770872712,-0.018521521240473,-0.019939383491874,-0.028938123956323,-0.015767585486174,0.0052079297602177,0.028504127636552,-0.036576859652996,-0.005263062659651,0.023826131597161,-0.020256390795112,0.020337287336588,-0.013122485019267,-0.015670545399189,0.028414662927389,0.0034642710816115,0.0085104964673519,0.021029094234109,0.026018247008324,-0.020338203758001,0.0025015764404088,-0.034367393702269,-0.031901650130749,-0.03419928625226,0.017129685729742,-0.014313757419586,0.020712519064546,0.00082191929686815,0.023732112720609,0.033791013062,0.025396481156349,0.00017994141671807,-0.013918109238148,-0.034791346639395,0.014089543372393,0.031776208430529,0.026467410847545,0.024003826081753,-0.023317087441683,-0.023745350539684,-0.023584393784404,-0.023936931043863,-0.01769757270813,0.011939926072955,-0.0033641310874373,0.020536968484521,-0.025066556409001,-0.0076686590909958,0.025413334369659,0.0206344332546,-0.036816414445639,-0.033518452197313,0.010742665268481,0.022458095103502,-0.0075228814966977,-0.021352887153625,0.035389933735132,0.0088268779218197,0.023147964850068,-0.033092387020588,0.036077473312616,-0.0027808572631329,-0.034438747912645,-0.027993284165859,-0.01433720253408,-0.022304778918624,-0.033217214047909,-0.0030079311691225,-0.015134176239371,0.010808766819537,-0.023877995088696,0.0066683408804238,0.0017257512081414,-0.027193447574973,-0.008894675411284,-0.02720769867301,-0.025367472320795,0.035622097551823,-0.034630492329597,0.0017549168551341,0.020658934488893,-0.010807885788381,-0.031130881980062,0.0019868148956448,-0.014847613871098,-6.0194313846296e-05,-0.01258451025933,0.03263333439827,0.0082248188555241,-0.017625039443374,0.0093239536508918,-0.023573054000735,0.036607045680285,0.020197313278913,0.00065858900779858,-0.0053433221764863,0.019748678430915,0.01343179680407,0.00015793580678292,0.011011519469321,-0.035164937376976,-0.0041472925804555,-0.013758859597147,-0.028599813580513,-0.0046325731091201,0.013709192164242,0.018439665436745,0.0042990227229893,-0.014126540161669,0.003787646535784,0.035911720246077,0.03415546938777,0.0092697972431779,-0.033897183835506,-0.021459802985191,0.023888751864433,-0.031713139265776,0.016070676967502,0.03340944647789,-0.020700750872493,0.024962209165096,-0.0039754086174071,-0.016388092190027,-0.012023556046188,0.017671842128038,0.035676017403603,-0.015777328982949,-0.02272029966116,-0.033877652138472,-0.0075282952748239,-0.023592837154865,-0.0038296380080283,-0.033549092710018,-0.0044745681807399,0.0030210586264729,-0.014783761464059,0.001879567396827,-0.0339097045362,-0.0028966069221497,-0.0074811950325966,0.020668441429734,0.0036800378002226,0.024568134918809,-0.017351681366563,-0.035579159855843,-0.012674159370363,0.0019016972510144,-0.0032267526257783,0.015015210956335,-0.029733968898654,0.031773518770933,-0.0055881608277559,-0.013492652215064,-0.022549986839294,-0.00087240053107962,0.020417563617229,0.028962068259716,0.027061749249697,-0.011423607356846,-0.01413662545383,-0.023722343146801,0.016592178493738,0.0045796222984791,0.0072396718896925,0.019862368702888,0.0059921718202531,0.034659992903471,0.026806831359863,0.014697200618684,-0.010822258889675,0.02632755599916,0.012507315725088,0.0068775466643274,-0.030441664159298,0.0054691168479621,0.03240879625082,-0.033705864101648,-0.034412454813719,0.0083796204999089,-0.032280933111906,-0.03308017924428,0.035355590283871,0.011046646162868,-0.0072679379954934,-0.027503365650773,0.031663194298744,0.029748106375337,-0.029154071584344,0.0038993579801172,0.02533795684576,-0.021694261580706,-0.026532113552094,-0.016745567321777,-0.032362502068281,-0.0006814316730015,-0.016819056123495,-0.001321766176261,0.0017417125636712,-0.012456379830837,-0.017244471237063,-0.031326591968536,-0.020964693278074,-0.027076873928308,-0.023649752140045,0.027171224355698,-0.0046708327718079,0.035990174859762,-0.034774914383888,-0.011773711070418,0.0057794041931629,7.6636824815068e-06,-0.0020417387131602,0.022987872362137,-0.024162244051695,-0.007063043769449,0.012973250821233,-0.014570105820894,0.030548725277185,0.018549092113972,0.017930829897523,-0.034197349101305,0.00092158536426723,-0.021691145375371,-0.01311856135726,-0.0082452306523919,-0.020193615928292,0.0073492755182087,0.010985510423779,0.030981160700321,-0.0039670332334936,-0.0039821858517826,-0.018933989107609,0.010256233625114,0.03262385725975,-0.028771679848433,0.0028235455974936,0.027944788336754,-0.0073579116724432,0.01395817194134,0.010087291710079,0.0074577075429261,-0.017395345494151,-0.036445200443268,-0.023565959185362,-0.032931219786406,0.01904815249145,0.025005646049976,-0.021306063979864,0.014586791396141,0.0091506829485297,-0.0077978186309338,0.020797692239285,-0.021165870130062,-0.025202844291925,-0.0043070442043245,-0.00581369176507,0.031388361006975,0.031670402735472,-0.017249388620257,-0.03485743701458,0.01660724170506,0.0029439735226333,-0.0054143220186234,0.009777114726603,-0.026615742594004,-0.017164263874292,0.010283345356584,-0.020562307909131,-0.01444426458329,0.0048910141922534,-0.010559451766312,0.027525428682566,0.02589045278728,-0.014647720381618,0.013062606565654,-0.0017522349953651,0.033666290342808,-0.0033703274093568,-0.024873182177544,0.00035019934875891,0.033554833382368,-0.0073437090031803,-0.0068364045582712,-0.033164534717798,0.021437838673592,-0.021444154903293,0.020133636891842,0.027997281402349,0.010356391780078,-0.031489230692387,-0.014898555353284,-0.027675662189722,-0.0082993591204286,-0.0075904196128249,-0.029807576909661,-0.021150754764676,0.034797318279743,0.019621999934316,0.011405326426029,0.030269218608737,-0.0071362466551363,-0.025639042258263,-0.0065981303341687,-0.015365660190582,0.014299931004643,0.015903500840068,0.017811642959714,0.038769658654928,-0.03095225431025,0.012217098847032,-0.0039080288261175,0.0052495505660772,0.0042453831993043,0.025551497936249,0.026688221842051,0.025109527632594,-0.00042293264414184,-0.015432395040989,0.027853609994054,-0.014489025808871,-0.033821027725935,-0.027244945988059,0.016964064911008,0.018347939476371,-0.0031484907958657,0.0072058071382344,-0.0027493690140545,0.016169290989637,0.0014556294772774,0.0073435264639556,-0.016636053100228,-0.017580920830369,-0.016004187986255,-0.013413870707154,0.026166703552008,0.0059363939799368,0.018228150904179,0.0096766278147697,-0.025904567912221,-0.026782810688019,0.025424147024751,-0.021815313026309,0.022231509909034,-0.032487075775862,-0.034380938857794,-0.020888702943921,-0.025295993313193,-0.037002623081207,0.0013284580782056,0.006300828885287,0.021454222500324,0.014283113181591,0.025696780532598,-0.02408803999424,0.013083834201097,-0.02037775143981,0.037270296365023,-0.011088031344116,0.024246940389276,0.0050756884738803,-0.019688447937369,-0.0065644830465317,0.028634734451771,0.00010933800513158,-0.0059138084761798,-0.030645333230495,0.020886931568384,0.0027033647056669,0.010964502580464,0.015550218522549,0.030844332650304,-0.034094754606485,0.014657445251942,-0.031109103932977,-0.033637162297964,0.0088591333478689,-0.010585182346404,0.018457436934114,0.028744934126735,0.027207218110561,0.00034247292205691,0.0075026047416031,-0.012725760228932,-0.015351214446127,0.036176461726427,0.029211100190878,0.021769868209958,0.013671887107193,0.024072308093309,0.017683042213321,0.010887028649449,0.035109650343657,-0.018873913213611,0.013935558497906,-0.033859126269817,0.0056689651682973,0.0076209814287722,0.010420179925859,-0.014995345845819,-0.020222142338753,-0.0068201436661184,0.01150478888303,0.03191215544939,-0.019631043076515,0.0043597654439509,0.035894054919481,-0.028323704376817,0.0024876601528376,-0.023024052381516,-0.027683261781931,-0.021674487739801,-0.024738039821386,0.016711916774511,-0.010903128422797,-0.013128546066582,-0.0086688306182623,-0.01799407787621,-0.03599550947547,-0.026867885142565,0.005782435182482,0.030295573174953,0.0082420418038964,-0.016973664984107,0.033534977585077,0.0082156769931316,-0.017832444980741,0.014906131662428,0.017612762749195,0.028252102434635,0.013863110914826,0.03216790035367,-0.026995299383998,0.02165812253952,-0.0077680181711912,0.021471148356795,-0.0011867824941874,-0.036001216620207,-0.034169606864452,0.01377613376826,0.036168910562992,-0.0062987320125103,-0.027742573991418,0.015644190832973,-0.020910751074553,-0.021199041977525,-0.0067012966610491,0.031414188444614,-0.0072848461568356,0.026176890358329,-0.03022419847548,0.0069162012077868,-0.0096839787438512,-0.005115712992847,0.022526578977704,0.030129831284285,-0.021135896444321,0.0019807929638773,-0.014209690503776,0.017895560711622,0.031362228095531,-0.017083132639527,-0.027502916753292,-0.026191100478172,-0.026327909901738,-0.032842267304659,0.033075649291277,-0.011023015715182,-0.027849597856402,-0.029980015009642,0.032510850578547,-0.02336734905839,0.036437641829252,-0.0010439563775435,-0.013152506202459,0.0094716744497418,0.022631688043475,-0.0062042609788477,-0.034879051148891,-0.029471479356289,-0.029874166473746,-0.01293570548296,-0.0024562901817262,0.031681306660175,-0.0088396305218339,-0.031214201822877,0.0357401445508,0.019461451098323,-0.023220855742693,-0.028819490224123,-0.0088814934715629,0.014831895008683,-0.025179751217365,0.031890094280243,-0.00022708497999702,0.0059738238342106,0.012725876644254,-0.0055042379535735,-0.021734952926636,-0.015535010956228,-0.0096100578084588,0.018924996256828,0.01744145154953,-0.0028934327419847,0.0033659972250462,0.0368936881423,-0.023579785600305,0.020461406558752,0.0083708465099335,0.034039687365294,0.018864488229156,-0.025688262656331,-0.025900667533278,-0.013112707063556,0.021512577310205,-0.027615202590823,-0.033922947943211,-0.022956619039178,-0.02571826800704,-0.012462010607123,-0.030676098540425,0.017483212053776,0.014775868505239,0.031406600028276,0.004380872938782,0.020653862506151,-0.031965099275112,0.014204700477421,-0.019319001585245,-0.0013751833466813,-0.011728884652257,0.026563620194793,-0.012115648016334,-0.002729678992182,0.0019115086179227,-0.014696828089654,-0.02062969468534,-0.012093123048544,-0.037879168987274,-0.023380614817142,0.025646878406405,0.029998991638422,-0.0013996541965753,0.0065222131088376,-0.018043907359242,0.024823162704706,-0.032494675368071,0.017931623384356,-0.032302964478731,0.022176139056683,0.0054520484991372,0.00044245604658499,-0.032432973384857,0.018767472356558,0.013842929154634,0.018161257728934,0.027291715145111,0.02777811512351,0.030263170599937,0.035803556442261,0.0045279269106686,-0.0015895989490673,0.029707169160247,-0.029776301234961,0.011292614042759,-0.028407698497176,-0.026129174977541,0.032305084168911,0.012184366583824,-0.033522710204124,-0.00914934463799,0.00090787513181567,0.014320097863674,-0.028044864535332,-0.0022849608212709,0.01713209785521,0.0032390423584729,0.0021754584740847,0.034544311463833,0.0099499523639679,-0.022675607353449,0.022290756925941,-0.03288434073329,0.035269930958748,0.016298282891512,-0.01523569226265,0.023465218022466,0.020073432475328,-0.029202934354544,0.0037110853008926,0.011053794063628,0.030402420088649,-0.0075175473466516,-0.016204847022891,0.033348057419062,0.0064517692662776,-0.032834105193615,-0.014469940215349,0.0051767276600003,0.026639714837074,-0.029017269611359,0.010664975270629,0.018729792907834,0.048145830631256,0.011009608395398,-0.0068713082000613,-0.011856995522976,-0.018505828455091,0.0074167572893202,-0.044513188302517,0.0011331291170791,-0.0070492508821189,0.001771257375367,0.0058594797737896,-0.023491729050875,-0.012885604053736,0.03642525151372,0.039400048553944,-0.0040491046383977,0.00066191086079925,0.0074287536554039,-0.0032274436671287,-0.027593096718192,0.0090459752827883,-0.0090997638180852,0.024930849671364,0.0011890601599589,-0.026626892387867,-0.00041187164606526,-0.0012424773303792,-0.018805619329214,-0.012240579351783,0.023472217842937,0.0063944305293262,-0.0057008089497685,-0.049398686736822,-0.010483236052096,0.021657826378942,0.010046784766018,-0.026727827265859,0.038149043917656,0.022825758904219,-0.01872687228024,-0.0034899257589132,0.01833688095212,-0.010149164125323,0.0010830789105967,0.0074228993616998,0.031607501208782,0.012577757239342,-0.013048412278295,-0.011101805604994,-0.018907610327005,-0.0022000933531672,-0.02709536626935,0.0048397472128272,0.020049778744578,0.014083990827203,0.010940013453364,-0.0068725473247468,0.0083574522286654,-0.0026580789126456,-0.022467270493507,0.027412114664912,-0.01359321270138,-0.012792140245438,-0.038850668817759,-0.055185817182064,-0.017025724053383,0.023497862741351,-0.038659624755383,0.00207201205194,-0.01404239423573,0.037505570799112,-0.02389470487833,-0.01346058677882,0.011885459534824,0.0012500064913183,0.023935247212648,-0.026853991672397,0.0073983669281006,0.046180557459593,0.016966816037893,-0.024059385061264,0.0073215495795012,0.0035140081308782,-0.036230716854334,-0.038180027157068,-0.023055987432599,0.020716346800327,0.023478550836444,-0.046131737530231,-0.010153749957681,-0.029578955844045,-0.032820221036673,-0.028385600075126,-0.023358592763543,-0.014086951501667,0.029741458594799,-0.02586486004293,0.039313994348049,-0.032033488154411,0.081746347248554,-0.0066510587930679,-0.014479994773865,-0.013881303369999,-0.01315170712769,0.035550650209188,0.031683586537838,0.022795412689447,-0.0059714992530644,0.014224749989808,-0.0081928810104728,-0.018114540725946,0.020250076428056,-0.014583069831133,-0.033080548048019,-0.040477376431227,0.027661817148328,-0.035809397697449,0.0002517965331208,-0.030024593695998,-0.016617091372609,-0.020325925201178,0.0085252244025469,0.032139424234629,0.00018503425235394,0.043227542191744,0.012584894895554,-0.022770075127482,-0.05334547162056,0.0082719558849931,0.022020779550076,0.033497415482998,-0.0053592515178025,-0.0050919805653393,0.0138303283602,0.00024930405197665,-0.037635315209627,0.026682790368795,0.030972121283412,0.008682326413691,0.017282841727138,-0.015701219439507,-0.03853776678443,-0.036441195756197,0.014345237985253,-0.018401179462671,-0.020834509283304,-0.079576201736927,-0.018211558461189,-0.0085434205830097,-0.023272706195712,-0.029076164588332,0.0047809020616114,-0.02268485352397,-0.010018113069236,-0.03918644040823,0.030772048979998,0.0072158495895565,0.035494782030582,-0.039994593709707,-0.010401071049273,0.050622753798962,-0.026195768266916,-0.036586254835129,-0.014438088051975,0.023597737774253,0.0050474698655307,-0.018592216074467,-0.023157946765423,-0.022619981318712,-0.0028513669967651,-0.037585832178593,-0.019801989197731,0.0050839451141655,-0.0091171320527792,-0.041003350168467,0.013454860076308,-0.020149141550064,-0.033160895109177,-0.018170569092035,0.0078894374892116,0.021250968798995,0.018425932154059,-0.00080649397568777,0.0021977734286338,0.026923654600978,0.007052515167743,0.012222871184349,0.0048561654984951,-0.0080024693161249,-0.001129788113758,0.0066408747807145,-0.018081974238157,0.0014827738050371,-0.034715842455626,0.031520567834377,0.022541265934706,-0.010642243549228,0.036224849522114,0.025978080928326,0.024064064025879,-0.015467720106244,0.021856607869267,-0.036369081586599,-0.028827093541622,0.012629495002329,0.018474152311683,0.02031484246254,-0.025227826088667,-0.042211104184389,0.0040640626102686,-0.019409831613302,0.0092483283951879,0.0015712009044364,0.0048132711090147,0.012957408092916,0.014083325862885,-0.0016686507733539,0.017910649999976,-0.0067115752026439,-0.025417169556022,-0.037627581506968,-0.023173484951258,0.0094509599730372,0.046549584716558,-0.044827848672867,-0.0058553274720907,-0.0251439306885,0.036721486598253,-0.043159872293472,0.00082495016977191,-0.019004987552762,-0.01335453428328,0.016744166612625,0.020723724737763,0.02249052003026,-0.006439387332648,-0.01483476255089,-0.0089008687064052,0.0047023817896843,0.00026891409652308,0.026641774922609,0.030629135668278,-0.019888451322913,-0.022104287520051,-0.02307871170342,0.0086446478962898,-0.0012396380770952,0.0088403755798936,0.012776180170476,0.021342478692532,-0.033418070524931,-0.026882126927376,0.016218202188611,-0.01993715763092,0.061286021023989,-0.013112488202751,-0.0028458307497203,0.026196159422398,-0.03645608201623,0.024593811482191,0.037052869796753,0.033059757202864,-0.023600401356816,0.016546491533518,0.013413623906672,0.0048468662425876,0.0051859612576663,0.020965741947293,0.012715622782707,0.018155997619033,-0.014838258735836,0.013877393677831,0.0043510976247489,-0.015949403867126,-0.0080442316830158,-0.0374815762043,-0.028528707101941,0.051687899976969,0.030769176781178,-0.02719696238637,0.047132454812527,-0.031502213329077,0.01326366700232,0.034312628209591,0.0293212197721,-0.015361592173576,0.0065052509307861,0.035469930619001,0.029931114986539,-0.012162448838353,-0.018808828666806,0.0021048013586551,-0.019670313224196,0.029937362298369,-0.061230201274157,0.030621631070971,0.025090757757425,0.032321069389582,-0.043260760605335,0.046059995889664,-0.00017730257241055,0.0091439625248313,0.045991666615009,-0.019430438056588,-0.040896259248257,0.0059319012798369,0.0091720195487142,-0.025457052513957,-0.0045000910758972,0.002012669108808,0.046620823442936,-0.015845760703087,-0.010157696902752,0.018281817436218,-0.0039482680149376,-0.021774830296636,-0.011905117891729,-0.0045507438480854,0.045580554753542,0.0019016293808818,-0.012570676393807,0.0097825936973095,-0.010078358463943,-0.00025311709032394,-0.0029822636861354,-0.034060463309288,-0.023646825924516,-0.032914496958256,0.0074075814336538,0.034768488258123,0.00040906181675382,-0.043949492275715,-0.044748440384865,-0.028393695130944,0.01961138471961,0.012805205769837,-0.011415906250477,0.020337797701359,0.027880558744073,0.0026878875214607,-4.283218368073e-05,0.031054282560945,-0.024575771763921,0.022650821134448,0.030883172526956,-0.031156774610281,-0.0096137067303061,0.032835729420185,0.031161997467279,0.011835351586342,0.021393863484263,0.017133908346295,-0.048539221286774,-0.039279513061047,0.0051189139485359,-0.027617232874036,0.02417116984725,-0.02195505797863,-0.036127742379904,-0.032777272164822,-0.043200042098761,0.02761091850698,-0.042442034929991,-0.014887719415128,0.028365787118673,-0.020664904266596,-0.036292023956776,0.0092078475281596,-0.015094990842044,0.010876694694161,-0.026492167264223,-0.027371970936656,0.0080392966046929,0.0027266626711935,-0.0013457902241498,-0.012880912050605,-0.0007358068251051,-0.018696887418628,-0.039384748786688,0.029100300744176,0.032406106591225,-0.053647808730602,-0.018549857661128,0.042044632136822,-0.00022067117970437,0.023013966158032,-0.12980856001377,0.039619851857424,0.0020610266365111,0.01672201603651,-0.025778025388718,0.0018236783798784,0.0035551742184907,-0.01733660697937,0.015452993102372,-0.025761444121599,-0.0085498569533229,-0.038490250706673,-0.067698091268539,0.00023578330001328,0.03535633161664,-0.012733027338982,-0.034133315086365,0.041507873684168,-0.054245721548796,-0.020052529871464,0.0024698202032596,0.087710589170456,0.019605688750744,-0.033231429755688,0.06367988884449,0.00030720588983968,0.071125581860542,-0.038168955594301,0.014189340174198,-0.041924118995667,-0.019573681056499,0.022261748090386,-0.10546118021011,0.010526452213526,0.060918267816305,0.051866110414267,-0.040065187960863,0.028263181447983,0.018555792048573,0.047530878335238,0.035765282809734,-0.0091453632339835,0.025873575359583,0.023925049230456,0.017674839124084,0.030020289123058,0.025945225730538,-0.075063847005367,-0.0078049139119685,0.032990477979183,0.045040607452393,-0.01501748431474,0.035333570092916,-0.012591937556863,0.033610187470913,0.019461672753096,-0.0060290889814496,-0.01897719502449,0.081692598760128,0.027921861037612,-0.027176903560758,0.0060903001576662,0.040587019175291,-0.0009005272295326,0.057158898562193,-0.0023780853953212,0.045002948492765,0.032975137233734,0.039319720119238,0.0052257375791669,-0.033270359039307,0.027653621509671,0.016867840662599,-0.031605638563633,-0.0026832516305149,0.013541609980166,-0.039153702557087,-0.041989896446466,-0.026766696944833,-0.083861894905567,-0.011948331259191,0.083637163043022,0.042916815727949,0.032114312052727,0.008270462974906,-0.020308990031481,-0.0015951809473336,-0.013972274027765,-0.035478491336107,0.005981476046145,0.006731303408742,0.033150684088469,-0.02063980512321,0.031062643975019,-0.017993506044149,0.0049069239757955,-0.03536868467927,0.014410877600312,-0.03090762346983,-0.0056338142603636,0.0012902428861707,-0.071138381958008,0.010758358985186,-0.063529700040817,-0.015160675160587,0.0084681008011103,-0.010509219951928,0.062987133860588,-0.038930878043175,-0.036513488739729,0.061778165400028,-0.078453525900841,0.027930788695812,-0.030010448768735,0.031796239316463,-0.011147666722536,-0.025245912373066,-0.031743157655001,0.014342373237014,-0.00039085856406018,0.03008602745831,-0.032188229262829,-0.014827198348939,0.018636491149664,-0.00031619009678252,0.021435422822833,-0.082709312438965,-0.0041503994725645,0.0047460962086916,0.041801281273365,-0.0084176156669855,-0.028942584991455,-0.0079984376206994,-0.005985738709569,0.026278495788574,-0.00074261473491788,-0.010578417219222,-0.093877650797367,-0.026638355106115,0.025632970035076,-0.039443429559469,-0.0024186603259295,0.031268730759621,0.017855415120721,-0.002050946932286,0.02893940359354,-0.021904015913606,-0.0082162814214826,-0.016212379559875,0.032785266637802,-0.041721116751432,-0.036774359643459,0.028640108183026,0.024265998974442,0.048766653984785,0.011959353461862,0.02348867431283,0.03782531991601,-0.028941990807652,-0.0088960994035006,-0.012406960129738,0.0075722690671682,0.059294700622559,0.034375168383121,0.029709089547396,0.030711529776454,0.063727222383022,-0.014017689041793,-0.0056704976595938,-0.05909026414156,0.029313750565052,-0.0078793857246637,-0.032437194138765,0.025740286335349,0.0065040336921811,0.0116335907951,0.03505977243185,-0.075450330972672,0.003439387306571,-0.045671503990889,0.017427083104849,-0.0035517727956176,-0.044827491044998,0.005645542871207,-0.027248753234744,0.011508194729686,-0.0072446847334504,0.0028390046209097,-0.026555379852653,-0.0029972915071994,-0.015227502211928,-0.020629787817597,0.0066934726200998,0.027348039671779,-0.003517804434523,-0.026647375896573,0.018274171277881,0.0010628635063767,0.06386835873127,-0.03499361127615,-0.022534772753716,0.0071919616311789,-0.0086744138970971,0.025947431102395,0.046199351549149,0.018778065219522,0.063443139195442,-0.026960484683514,-0.042527344077826,0.011148838326335,0.022308111190796,-0.010563212446868,0.037083189934492,-0.031047286465764,-0.015071014873683,-0.01885848492384,-0.011519189924002,-0.019540134817362,-0.077622666954994,-0.038270335644484,-0.0013637292431667,0.044785927981138,0.03170433267951,-0.021217819303274,-0.073403440415859,-0.007973488420248,0.022929042577744,-0.021996773779392,-0.011171677149832,0.033879224210978,-0.035530727356672,0.011412817984819,-0.0051845889538527,-0.036018535494804,0.018567323684692,0.021701922640204,0.042572699487209,-0.0073771942406893,-0.025369791314006,-0.030597871169448,-0.016212673857808,-0.0030093078967184,0.026951678097248,-0.031300034373999,0.0070466515608132,0.022815309464931,-0.010996306315064,0.02332216501236,0.046698212623596,-0.036801036447287,0.0070825195871294,-0.0012745790882036,0.019773909822106,0.002022230066359,-0.035408169031143,0.027744133025408,0.017807172611356,-0.018892776221037,-0.00029053201433271,-0.00070581992622465,-0.030408604070544,0.02391348592937,-0.05499517545104,-0.044318504631519,-0.024034596979618,-0.030732760205865,0.027067681774497,0.036877404898405,-0.046172276139259,-0.0017767276149243,-0.010277134366333,-0.061146404594183,-0.013526916503906,-0.0023168262559921,0.028711430728436,-0.018264042213559,-0.021134845912457,0.015937156975269,0.027933208271861,0.058021605014801,-0.048126101493835,0.011840945109725,-0.015582195483148,-0.010485536418855,-0.048819549381733,0.0011847040150315,-0.0037035604473203,0.00052204745588824,0.034896764904261,-0.021676858887076,0.025080842897296,-0.044276546686888,-0.0075199967250228,-0.010205443948507,0.013500143773854,-0.0084736170247197,-0.011732746846974,-0.014776259660721,0.02895207516849,-0.028295282274485,-0.026670500636101,0.0049361898563802,-0.010041167028248,0.0066000423394144,-0.018096292391419,-0.048583425581455,-0.00019110797438771,-0.025883680209517,0.02534069865942,-0.0090884016826749,0.03045236133039,0.032484121620655,0.0022884672507644,-0.033469181507826,-0.02123206295073,-0.026893798261881,0.031295601278543,0.026621490716934,-0.069055840373039,0.018329253420234,0.020418621599674,0.010204366408288,0.015220826491714,0.012951446697116,0.034908473491669,0.0063488427549601,-0.032246213406324,0.043545976281166,0.00032769062090665,0.024698385968804,-0.044583968818188,-0.020934816449881,-0.037501271814108,0.096566058695316,-0.0095403399318457,-0.014036967419088,-0.037371385842562,0.014417616650462,-0.066927552223206,-0.0012056486448273,0.011201377026737,-0.018200563266873,0.070160172879696,-0.018270395696163,0.031995736062527,-0.027751162648201,0.018579399213195,0.038004476577044,0.0088797425851226,0.01830880343914,-0.020318435505033,0.034567095339298,0.039585832506418,0.028360348194838,0.026619412004948,0.0030084743630141,0.01279719825834,-0.033257763832808,-0.031928677111864,0.005259636323899,0.005660405382514,0.0081602493301034,-0.0012134223943576,-0.005186831112951,-0.024284426122904,0.031680904328823,-0.0075116683728993,0.020350040867925,0.033989936113358,-0.014976817183197,0.0041952491737902,0.015012471005321,0.027895299717784,-0.011192131787539,-0.0064810691401362,0.031992845237255,-0.0026450767181814,-0.01124729309231,0.034797448664904,0.013117355294526,0.0053393547423184,-0.013254133984447,0.00077472749399021,0.0066317864693701,0.0081290835514665,0.017896229401231,-0.026623858138919,-0.023320708423853,-0.0095531893894076,0.018152659758925,0.0052081397734582,-0.015958169475198,0.019496919587255,0.028433846309781,-0.005566356703639,-0.014946625567973,0.036061249673367,-0.024342199787498,-0.015816958621144,-0.02842221967876,0.0040404130704701,-0.0059737344272435,-0.028742948547006,0.0087863020598888,0.021496580913663,-0.013322506099939,-0.022185023874044,0.010686478577554,0.015204419381917,0.033306546509266,0.012158275581896,0.021805854514241,-0.010343702509999,0.016146771609783,0.0039048455655575,0.010493269190192,-0.014438778162003,0.011356747709215,0.019475270062685,-0.0084401341155171,-0.032900672405958,0.02288405969739,-0.030041057616472,0.024951295927167,0.023597721010447,-0.012429984286427,-0.025659056380391,0.01007189694792,0.035964719951153,0.0088796121999621,-0.031654600054026,-0.026308801025152,0.0093071162700653,0.024437755346298,0.016355337575078,0.031957156956196,0.0076273987069726,0.024922482669353,-0.013009352609515,-0.024486385285854,-0.00067124870838597,-0.031658172607422,-0.033291209489107,0.0052029555663466,0.023365451022983,0.024492260068655,0.021731806918979,0.031962860375643,0.018273925408721,0.030292049050331,0.0054728290997446,0.029281815513968,0.0087989438325167,0.020217102020979,0.0085505954921246,0.010032973252237,0.032922875136137,-0.026788281276822,0.00031907227821648,-0.01562768779695,-0.0092015769332647,0.0018464755266905,0.01550115365535,0.0092545906081796,-0.011654810979962,-0.024821059778333,0.021243255585432,-0.023436076939106,0.006989206187427,-0.018293511122465,-0.018758678808808,0.0040667653083801,0.0101073756814,-0.010855659842491,0.014659958891571,0.035007022321224,0.0031798114068806,-0.0015202752547339,0.024826688691974,0.018274925649166,0.019905189052224,0.010737472213805,-0.029671477153897,0.026702973991632,-0.01207528822124,-0.024060405790806,-0.021446397528052,0.034511752426624,-0.026157388463616,0.0067839007824659,0.019145868718624,0.011915351264179,-0.026802277192473,0.02140599116683,-0.028277359902859,0.034772500395775,0.026301933452487,0.034911625087261,0.023250697180629,-0.014171206392348,0.0090375188738108,0.0067655076272786,-0.029929587617517,-0.021577343344688,0.022605882957578,0.0078398706391454,-0.0028898091986775,-0.018546517938375,-0.033644955605268,0.017176823690534,0.0011584520107135,-0.030243046581745,0.033990938216448,-0.01556826941669,-0.030299978330731,0.015984961763024,0.027190240100026,-0.022804345935583,0.022458670660853,0.028971023857594,0.013946278952062,-0.017017602920532,-0.028094222769141,-0.00091740174684674,0.029489625245333,0.0046626087278128,0.033407960087061,0.042376972734928,-0.016220768913627,0.020766876637936,-0.0010633761994541,-0.014876819215715,-0.035036254674196,-0.0028882182668895,-0.0071528479456902,-0.0028184175025672,0.015532492659986,0.006772555410862,-0.012580899521708,-0.0079916846007109,0.019305936992168,0.0012983086053282,-0.021238593384624,0.010873441584408,0.033738356083632,-0.022091651335359,0.035352379083633,0.012437654659152,-0.027523970231414,0.014125918038189,0.0042171813547611,0.010325842536986,0.0069230403751135,-0.027525497600436,0.02940608561039,0.006002108566463,0.014996320940554,-0.015448624268174,-0.018884858116508,0.029891923069954,0.024229783564806,0.030039336532354,0.032731391489506,0.033580258488655,-0.01462684944272,0.040585983544588,0.019238883629441,-0.032443482428789,-0.024198042228818,-0.01748906634748,-0.025037430226803,0.032815955579281,-0.013668624684215,0.022963793948293,0.011909863911569,-0.026455899700522,-0.019412506371737,-0.0084421476349235,0.0024332569446415,-0.0023969055619091,0.019793707877398,-0.00057872338220477,0.030379196628928,-0.0039427415467799,-0.006222190335393,-0.033859755843878,-0.021794226020575,-0.011828057467937,0.0073912651278079,0.017706351354718,-0.01524955406785,0.03595245629549,0.035178780555725,0.019678510725498,0.03008353151381,-0.030834989622235,0.035845339298248,0.017830621451139,-0.0084150210022926,0.026790900155902,0.031711533665657,0.0089162969961762,0.0091978115960956,-0.0050730486400425,-0.016078865155578,-0.024342505261302,-0.015145828016102,0.0086007593199611,0.014034288004041,0.019008195027709,0.0012666406109929,0.0098291914910078,0.03191090002656,-0.007366250269115,-0.021198611706495,0.016160111874342,0.012858712114394,0.015762703493237,-0.016230316832662,-0.007249544840306,0.008094142191112,0.041374761611223,-0.02865806594491,-0.011327068321407,0.028582766652107,-0.0041045271791518,0.026306327432394,-0.0079810423776507,0.025848105549812,0.0081806965172291,-0.012898254208267,0.010706747882068,0.0178934764117,0.035532116889954,-0.010533019900322,0.027091071009636,0.011525511741638,-0.0073119620792568,-0.018895518034697,0.026586970314384,0.03090045414865,-0.032094698399305,-0.024738494306803,0.018879843875766,-0.025338970124722,-0.011117276735604,-0.019989358261228,0.023498432710767,-0.031791545450687,0.017637820914388,-0.015879748389125,0.00057142943842337,-0.01322178915143,0.022173898294568,0.014088184572756,-0.0083469832316041,-0.022034704685211,-0.0066815516911447,-0.030916342511773,-0.0059037785977125,0.037414263933897,0.016864450648427,0.022667305544019,0.022863479331136,0.0072652888484299,-0.0063683339394629,-0.011113327927887,0.035160511732101,0.0029976775404066,-0.032861210405827,-0.019580012187362,0.021132001653314,0.03403714671731,0.010067041032016,-0.033547203987837,0.034014120697975,-0.028744271025062,0.00026733259437606,0.033947385847569,0.018846485763788,-0.019918272271752,-0.030423726886511,0.02458742633462,-0.021127119660378,0.021745696663857,-0.035685263574123,-1.7814905731939e-05,-0.028514591977,-0.0021618891041726,-0.035087145864964,0.021481812000275,0.019284972921014,-0.0251724421978,0.016031607985497,-0.030486203730106,0.0059364754706621,-0.022445438429713,-0.0071655898354948,0.00092350726481527,-0.031242912635207,0.013120550662279,0.015481058508158,0.022845670580864,-0.0081732291728258,0.033085811883211,-0.022519489750266,-0.0051610544323921,-0.031636670231819,0.020841104909778,-0.0061064194887877,0.0015785594005138,0.036951564252377,0.034039936959743,0.034142225980759,0.034895766526461,0.035101175308228,-0.013735606335104,0.023833353072405,0.018274743109941,0.030497143045068,-0.012653105892241,-0.011094260029495,-0.022140705958009,0.010226501151919,0.035732872784138,0.0054157781414688,0.030093517154455,-0.033362109214067,-0.020899554714561,-0.020063849166036,-0.006322608795017,0.0048032929189503,-0.0025294034276158,-0.0040820757858455,-0.025744142010808,0.035725459456444,0.019963288679719,0.021370673552155,-0.024523759260774,-0.004479082301259,-0.0048727248795331,0.014682047069073,0.030191933736205,-0.034506399184465,-0.019444279372692,-0.020542403683066,-0.019611015915871,-0.02094454690814,-0.031883630901575,-0.0019880051258951,-0.034689761698246,-0.022015556693077,-0.019897932186723,-0.0179049000144,-0.0331636890769,-0.011042924597859,-0.014585264958441,0.01336008310318,-0.023865297436714,0.030135614797473,0.0112185748294,-0.029032398015261,0.00023709464585409,0.021757278591394,0.016335127875209,0.015652956441045,0.032300632447004,0.035325307399035,-0.028308818116784,-0.025202127173543,0.012828098610044,-0.0209482870996,-0.031268831342459,0.017706630751491,0.0041188234463334,-0.023852718994021,-0.0088822711259127,0.0032510256860405,-0.0017398410709575,0.034474488347769,-0.011533422395587,-0.022140180692077,0.027579933404922,0.020429039373994,0.024069977924228,0.01012959331274,-0.0090668778866529,-0.019826591014862,0.017548454925418,-0.023297403007746,0.01302851550281,0.025243738666177,0.031942922621965,0.030707327648997,0.036186017096043,0.022705141454935,-0.01025662664324,-0.0080336732789874,-0.0030374606139958,0.01889063231647,-0.028805324807763,-0.0082764569669962,0.01921147480607,0.019230039790273,-0.036086026579142,0.034164737910032,-0.025823023170233,-0.021630235016346,0.013707387261093,0.030534990131855,0.026994038373232,0.035382311791182,-0.026303000748158,0.0007740042055957,-0.034139379858971,0.0084217730909586,-0.03580129519105,-0.021028582006693,-0.0050237346440554,0.013230660930276,0.010251678526402,-0.025733591988683,-0.03261586651206,0.037996038794518,-0.02842254191637,-0.0063423737883568,0.0050910385325551,0.0083299167454243,-0.027527943253517,-0.0048306933604181,0.023702036589384,0.040838714689016,-0.01188204344362,-0.0060569532215595,0.022439649328589,-0.0027118134312332,0.0043519269675016,0.023129234090447,0.0022335688117892,0.024970252066851,0.028249941766262,-0.012402265332639,-0.0039763143286109,-0.0067769815213978,-0.010418022051454,-0.020839642733335,0.041563782840967,-0.034378185868263,0.036556504666805,0.025392664596438,0.014180415309966,-0.0052482062019408,-0.02362122759223,-0.033520963042974,0.025995519012213,0.034887190908194,-0.0081799663603306,0.030106842517853,-0.023176815360785,-0.0068486309610307,-0.00037411984521896,-0.028130644932389,0.0073442361317575,0.018963806331158,-0.014545084908605,0.03214306384325,-0.022965067997575,-0.02172739431262,0.02280081436038,0.0058323931880295,-0.013387026265264,-0.0060248342342675,-0.033475983887911,0.03060263581574,-0.0082468632608652,0.021649543195963,0.020609505474567,-0.017840908840299,0.0094427727162838,0.030103422701359,0.017561903223395,-0.021896446123719,-0.014094120822847,0.033882562071085,0.016300113871694,0.00038699369179085,-0.0016529866261408,0.032625537365675,-0.0001612285268493,0.0039835199713707,0.017218520864844,-0.0068671898916364,0.03602809458971,0.0017613032832742,0.021676860749722,0.018136639147997,-0.016031773760915,0.012292311526835,0.0045520667918026,0.030246974900365,-0.0088688721880317,-0.020889757201076,0.025220604613423,-0.030527075752616,0.0418068356812,0.0089526325464249,-0.019160781055689,-0.032027233392,-0.015328200533986,-0.012472386471927,0.0098023032769561,-0.0024240422062576,-0.0022688920143992,-0.030350878834724,0.0094146244227886,-0.0097902612760663,-0.0079411473125219,-0.026405757293105,-0.014361181296408,-0.033307518810034,-0.0061301072128117,-0.03231243416667,-0.031780265271664,0.029271721839905,0.020031705498695,0.0037839370779693,0.018456440418959,-0.00013169206795283,0.01586739346385,-0.011334558017552,0.033529292792082,0.026836860924959,0.013187553733587,-0.034479111433029,0.023135632276535,0.012431584298611,0.020854560658336,-0.0068031535483897,0.0062323934398592,0.030789855867624,-0.015855135396123,0.021428449079394,-0.025228712707758,0.015861909836531,-0.0030052037909627,-0.0089388433843851,0.01034043636173,0.0489053837955,-0.030731216073036,-0.020559391006827,0.021659119054675,0.012762818485498,-0.013995265588164,0.0075883385725319,-0.0095562376081944,-0.017342105507851,0.022796208038926,-0.0021255889441818,0.015067083761096,0.0087911756709218,-0.030890258029103,-0.025997914373875,0.0057253795675933,-0.006613144185394,0.0084500154480338,-0.027495043352246,-0.02647733874619,-0.02171815186739,-0.020174013450742,0.0084257740527391,0.005570572335273,0.013513770885766,-0.018754333257675,-0.033814541995525,-0.031049881130457,-0.029584119096398,0.01730896346271,0.027384575456381,0.013837079517543,-0.021739814430475,0.034516245126724,-0.02240914478898,0.027028542011976,-0.03557201847434,0.024186255410314,0.019902318716049,0.0098000103607774,0.019123256206512,-0.01920510455966,0.014457990415394,0.030873449519277,-0.025112265720963,-0.0041742464527488,0.0033007641322911,0.019009601324797,0.018250539898872,0.028315391391516,0.00079229020047933,0.015874994918704,-0.0034350021742284,-0.0029744571074843,-0.0078787440434098,-0.0162672419101,-0.0098969237878919,0.027708796784282,0.022527160122991,-0.0071309371851385,-0.0079103400930762,-0.025751495733857,-0.02299352735281,0.00029452642775141,-0.020800797268748,0.022956416010857,-0.034377560019493,0.014681163243949,0.02030523121357,-0.030326902866364,-0.024185858666897,0.01465579867363,0.015290823765099,-0.0050465362146497,-0.001420961227268,0.034962732344866,0.019799282774329,-0.026254406198859,0.00634476961568,-0.036058280616999,0.0086725633591413,-0.00091195950517431,0.015267072245479,0.038829654455185,0.0047173737548292,0.027764029800892,-0.002779294969514,-0.0018005993915722,0.011709403246641,-0.018255891278386,0.036518283188343,-0.01900539919734,0.01997578702867,0.016363495960832,-0.02623019553721,0.028375094756484,-0.027269124984741,0.0057423254474998,-0.017860397696495,-0.034207604825497,0.019424233585596,0.030591817572713,-0.0056046806275845,0.012093619443476,0.030703388154507,0.027885638177395,0.015125973150134,0.0099983159452677,0.031482275575399,-0.011620883829892,0.0053416779264808,0.020302399992943,-0.0012932644458488,0.038618452847004,-0.0028598038479686,0.005681240465492,-0.015258025377989,0.025878876447678,-0.031385891139507,-0.0015144518110901,-0.0079993158578873,0.022035984322429,-0.0040100533515215,-0.01721839979291,-0.014149188995361,0.008024956099689,0.021644052118063,-0.0050017116591334,-0.030254762619734,-0.027157349511981,0.034831337630749,0.030045291408896,0.011366793885827,-0.017563264816999,-0.028066078200936,-0.0047559509985149,0.011468695476651,0.015663316473365,-0.0051196501590312,-0.033543836325407,0.01339387986809,-0.0079940995201468,-0.020107828080654,0.010211589746177,-0.025602653622627,0.016539825126529,-0.03252113237977,0.015733953565359,0.0089458441361785,0.018462235108018,0.0079647218808532,-0.011015901342034,-0.0090321954339743,-0.0078546246513724,0.01956832408905,0.011482295580208,0.036505501717329,0.023359758779407,-0.023579465225339,0.015028615482152,-0.0052199219353497,0.01635542884469,-0.01417447347194,-0.025653773918748,0.0032729536760598,-0.0033718242775649,0.01845421269536,-0.0056828130036592,0.027295907959342,0.021142214536667,-0.0081257820129395,0.018523132428527,0.026796206831932,0.040463760495186,-0.0085689770057797,-0.014308205805719,0.026502763852477,-0.0094179650768638,0.012720263563097,0.0049930042587221,-0.0062214327044785,-0.0032150880433619,-0.026926228776574,-0.042445633560419,0.031730998307467,0.010124614462256,0.01127752661705,-0.01781689375639,-0.038463726639748,0.019424578174949,0.028504244983196,-0.024511506780982,0.030198894441128,0.0043410826474428,-0.0049791587516665,0.01006324775517,0.026023624464869,0.027034791186452,0.0031513799913228,0.025513421744108,0.01671289280057,-0.030540086328983,0.048797130584717,-0.020785450935364,-0.028006726875901,-0.011331112124026,0.018823692575097,-0.017693798989058,0.01217099186033,0.010654371231794,0.011792215518653,0.0019216637592763,0.033239874988794,-0.025985488668084,-0.031145509332418,0.0020542582497001,-0.025748398154974,0.019957188516855,0.0075505687855184,-0.029911138117313,0.017634753137827,0.015936085954309,-0.0090919844806194,0.010817410424352,-0.019270341843367,0.026450270786881,0.025277819484472,0.055606063455343,0.009768633171916,0.029943795874715,0.0022859494201839,-0.013893984258175,0.02295614592731,0.018293004482985,0.0094254277646542,0.0092376070097089,-0.03144671022892,-0.020778149366379,-0.0054786363616586,0.0091047277674079,0.016151612624526,-0.023148776963353,-0.021242797374725,0.022727260366082,-0.02038200199604,-0.0076956297270954,-0.0069804945960641,-0.00069782824721187,-0.012307533062994,0.015244097448885,0.0026006000116467,-0.010466678999364,-0.015732137486339,-0.018442193046212,-0.036297582089901,-0.023842185735703,0.023320650681853,-0.0083650862798095,-0.028385706245899,0.038349445909262,-0.026770353317261,-0.032494347542524,0.0096492022275925,0.030209504067898,0.02684673294425,-0.034849993884563,0.0093652587383986,0.011769267730415,0.026893185451627,-0.00034985854290426,0.026143373921514,0.0061800247058272,0.030994696542621,0.0012051452649757,-0.0041420059278607,0.017626943066716,-0.016306227073073,-0.024972734972835,-0.019023232161999,0.0015318517107517,0.020077059045434,0.03196169808507,-0.0027563227340579,0.019316419959068,0.014681908302009,0.0023109039757401,0.010694752447307,0.037656862288713,-0.013978495262563,0.035867813974619,0.0085547557100654,0.029789695516229,0.018933963030577,-0.0095216119661927,-0.0095248119905591,-0.028113748878241,-0.021207291632891,0.023134849965572,-0.027523271739483,0.0089164087548852,0.0098644662648439,0.0068653835915029,-0.01992311514914,0.0028382847085595,0.027108712121844,0.036994781345129,0.038425199687481,-0.029921799898148,0.014704277738929,0.026968935504556,0.0040216241031885,-0.0094365421682596,-0.020828939974308,0.0089373840019107,-0.040042009204626,0.007201908621937,-0.0038118110969663,-0.0028861232567579,0.035447746515274,0.035787019878626,-0.0039843595586717,-0.0015756480861455,0.01376361399889,-0.028120331466198,-0.0021866841707379,-0.012974035926163,0.027661932632327,-0.017218889668584,0.0092519093304873,0.01750567369163,0.026577893644571,-0.015389013104141,-0.0083768982440233,-0.0023461985401809,0.015161082148552,0.048448208719492,0.012514510191977,-0.033351089805365,-0.0044358558952808,0.02311659231782,0.016648802906275,0.0076440977863967,0.0040623787790537,0.002795732812956,0.032733574509621,-0.016527662053704,0.034860674291849,0.028937559574842,-0.009850830771029,-0.02496587857604,0.0051219542510808,-0.01178299356252,-0.034822877496481,0.027992164716125,-0.010193134658039,0.005800676997751,-0.029539067298174,0.027288543060422,0.035188756883144,0.034937225282192,0.021506590768695,1.5988676750567e-05,-0.016864750534296,0.028953218832612,-0.033914275467396,-0.012933877296746,-0.027900449931622,0.02759494818747,-0.02372345328331,-0.03582900762558,-0.021293027326465,-0.00010871128324652,-0.0038457955233753,-0.028401970863342,-0.00092516239965335,0.0191317088902,-0.022090632468462,0.035078652203083,0.016351910308003,-0.0036993683315814,-0.02682638168335,-0.030627718195319,-0.0085750287398696,-0.036940049380064,-0.036898866295815,0.025625368580222,0.022389249876142,0.0072790249250829,0.014996951445937,-0.034295342862606,0.052270777523518,0.015701949596405,0.039003808051348,0.028659157454967,0.018608761951327,-0.0050971559248865,0.015680529177189,0.009441171772778,0.00016663667338435,0.031443487852812,-0.0078812390565872,0.022455926984549,-0.024534927681088,0.013827128335834,0.0021539202425629,0.0097946831956506,-0.022779129445553,-0.024788811802864,0.02475761435926,-0.0041637811809778,-0.025946535170078,0.019192645326257,-0.0059248628094792,-0.0029098433442414,0.023401025682688,0.0041951593011618,0.0022764166351408,0.044069401919842,0.017707506194711,-0.019915139302611,0.015404011122882,-0.023421559482813,0.040057253092527,-0.027928506955504,0.0067510898225009,0.030852679163218,0.010554051026702,-0.012660910375416,-0.0025202347896993,0.02553029730916,-0.0046790996566415,-0.031652942299843,0.017507823184133,0.0055354796350002,0.023537710309029,0.0034060755278915,-0.040805116295815,0.013935154303908,-0.030885696411133,0.0045219515450299,0.012395114637911,-0.026192970573902,0.039259001612663,0.00054754904704168,-0.0089993309229612,0.036747999489307,-0.0041719232685864,-0.0084255002439022,-0.0071243443526328,0.0092328861355782,0.021942008286715,-0.008006552234292,0.005994604434818,-0.024627055972815,-0.0040861875750124,-0.013243988156319,0.028518611565232,-0.0079703545197845,-0.013808592222631,-0.032730050384998,0.0026175796519965,-0.017034564167261,0.0043637701310217,0.011709264479578,0.015495174564421,0.018298840150237,0.026602271944284,0.026141539216042,0.0073907449841499,0.0047293696552515,0.011920660734177,0.00043028956861235,-0.021467389538884,-0.031039625406265,-0.032109130173922,-0.019735358655453,0.0084171621128917,0.016901521012187,-0.028275523334742,-0.021322101354599,-0.013580069877207,-0.023940827697515,-0.0099671976640821,0.015375574119389,0.0077030258253217,-0.025972401723266,-0.022674214094877,0.011626344174147,0.004594620782882,0.0024099017027766,-0.00013184786075726,0.022132148966193,0.0062961145304143,0.0039633112028241,0.01143379509449,-0.032441109418869,-0.014134080149233,0.0020668066572398,-0.013186047784984,0.0081242695450783,-0.033106565475464,0.010338321328163,0.026056559756398,0.040097381919622,0.033809419721365,-0.020222334191203,0.021762888878584,0.0083462866023183,-0.00054713315330446,-0.0044779870659113,-0.0069427080452442,0.029098831117153,0.032232128083706,0.033005300909281,0.0049608466215432,-0.020479176193476,0.046398259699345,-0.0072111561894417,-0.010542379692197,0.024691274389625,-0.010886019095778,0.030562065541744,-0.014609743840992,0.007512885145843,0.0022206197027117,-0.010843640193343,0.038919113576412,0.028523335233331,-0.010874873958528,0.029713056981564,0.012567932717502,-0.0025854937266558,-0.038032248616219,0.030052937567234,0.032122958451509,-0.0060938713140786,0.00014696738799103,0.0068172165192664,0.0038301155436784,-0.031323492527008,0.020860742777586,0.0038856505416334,0.010755642317235,-0.031011858955026,-0.018551925197244,-0.025293754413724,-0.038651514798403,0.015166235156357,-0.0043656956404448,0.017708959057927,-0.0012591507984325,0.038038492202759,-0.044124599546194,0.04682245478034,0.026867434382439,-0.045645486563444,0.036458324640989,-0.038205951452255,0.019024804234505,-0.058707188814878,-0.031772948801517,0.010477848351002,0.010011494159698,0.029036097228527,0.015617629513144,0.0024925593752414,-0.010953162796795,-0.051550704985857,-0.013770359568298,0.024054955691099,-0.010799701325595,0.036642652004957,0.024904930964112,0.016307257115841,0.016385002061725,0.024939199909568,0.053475439548492,0.052329063415527,0.014296473003924,0.025579240173101,0.0051702209748328,-0.0012088310904801,0.045198053121567,-0.0088649149984121,0.041027091443539,0.0075824083760381,-0.037554685026407,0.010828042402864,-0.03874308988452,0.03225626423955,-0.047888081520796,0.0043049324303865,-0.0011792024597526,-0.039898488670588,-0.026530375704169,-0.0011186474002898,-0.0082619423046708,-0.024004783481359,-0.0060151098296046,-0.0057418951764703,-0.0041298298165202,0.019596166908741,0.023913439363241,0.0085892779752612,-0.0021998470183462,-0.03603058680892,0.023001525551081,-0.042439967393875,0.033989865332842,-0.010694560594857,-0.0042388271540403,-0.040442414581776,-0.017718968912959,-0.023142175748944,0.034800283610821,0.022585421800613,0.0093018403276801,0.019564747810364,-0.037064407020807,-0.0029121129773557,-0.022919623181224,0.030164282768965,-0.044056963175535,-0.036790709942579,-0.011727634817362,0.025157112628222,0.0013238111278042,0.034977242350578,0.0077010355889797,-0.010485514067113,0.015775131061673,0.018968561664224,0.023261623457074,0.0033358614891768,0.0061202058568597,-0.047641143202782,0.014705453068018,-0.0096397493034601,-0.062556728720665,-0.00099255598615855,0.02530924975872,0.052069306373596,-0.033751141279936,0.034924905747175,-0.039984960108995,0.061705388128757,-0.016879461705685,0.00039575155824423,0.030968328937888,0.024654610082507,0.0059260772541165,0.00037285045254976,0.035075128078461,-0.039455480873585,0.016603289172053,0.02043641358614,0.053216863423586,0.037071384489536,-0.020145298913121,-0.0096129719167948,0.0076823923736811,-0.027424179017544,-0.025979679077864,-0.0056810900568962,0.042775798588991,-0.040494844317436,-0.026386577636003,0.011232491582632,-0.0092944391071796,0.0016736793331802,0.0030327686108649,-0.02364912442863,0.0022948083933443,-0.031056268140674,-0.0051099327392876,-8.0171172157861e-05,-0.0049134227447212,0.010455589741468,0.01080275978893,0.0076253176666796,0.018099801614881,-0.015039251185954,-0.058286357671022,-0.054023195058107,0.029157035052776,0.018434757366776,0.059275921434164,0.0040527782402933,0.050741665065289,0.025836054235697,-0.017102558165789,-0.020177477970719,0.017410969361663,0.016250994056463,-0.0070978146977723,0.012375420890749,0.015633771196008,-0.010352577082813,-0.018423791974783,-0.012494842521846,-0.016232326626778,0.049579318612814,0.047080602496862,0.015707263723016,-0.0045945891179144,0.0079074967652559,0.0015347710577771,-0.027201309800148,-0.0053578750230372,-0.036540932953358,0.021176926791668,0.06460402905941,0.053264614194632,-0.050777498632669,0.0064949416555464,0.0010741339065135,-0.044383086264133,0.022716147825122,-0.0103665208444,0.034518729895353,-0.015212517231703,-0.0028337154071778,-0.023015106096864,0.022424645721912,0.019371174275875,0.019983103498816,0.042448177933693,0.01886429451406,-0.065778724849224,0.039109814912081,0.040431965142488,0.041398160159588,-0.029626188799739,0.038911107927561,0.016271209344268,-0.00078710197703913,-0.015281602740288,-0.020796680822968,-0.033558085560799,0.03063358925283,-0.019211605191231,0.01588867790997,-0.020065082237124,-0.017895266413689,-0.015785412862897,0.022915484383702,-0.041182681918144,-0.029982233420014,-0.028985217213631,-0.032426953315735,0.042638763785362,0.014190115965903,-0.017138183116913,0.0086396289989352,0.073587499558926,-0.03109984844923,0.054943900555372,-0.025790324434638,-0.048749517649412,0.029500801116228,-0.02709005959332,-0.013683833181858,0.025544613599777,0.048295829445124,0.03568571805954,-0.023277739062905,0.031712625175714,0.01455613039434,-0.019257986918092,0.07178770005703,0.038618434220552,0.0051746065728366,-0.040045455098152,-0.015177525579929,-0.0049967961385846,-0.010449296794832,-0.014880752190948,0.012056581676006,-0.025153102353215,0.0036747185513377,0.054771907627583,-0.0088741993531585,-0.032736554741859,0.0086503187194467,0.015693662688136,-0.024350175634027,-0.018865305930376,0.015893045812845,0.037327375262976,0.031581208109856,0.01528540533036,0.0034633753821254,0.017702847719193,-0.0017083642305806,-0.0060311416164041,0.080116391181946,0.003232101444155,0.0074656745418906,-0.028643624857068,0.015903383493423,0.033619791269302,0.038055144250393,-0.0086033772677183,0.0012341885594651,0.016211804002523,-0.015729766339064,-0.0023703991901129,-0.026288006454706,-0.019097309559584,0.060783889144659,-0.030722534283996,0.033125787973404,-0.028252026066184,-0.033707678318024,-0.047090359032154,0.013771221041679,0.010564240626991,-0.00023705893545412,-0.0022237482480705,0.031654585152864,-0.0041458131745458,-0.0162671841681,-0.023482110351324,-0.00018420488049742,0.016129296272993,-0.014560383744538,0.029540466144681,0.062590412795544,0.00087417016038671,-0.033528335392475,0.017345011234283,-0.0012103245826438,0.0024942494928837,-0.0078354245051742,0.033703867346048,0.024807522073388,-0.0014227417996153,0.034843225032091,-0.015468875877559,-0.026659201830626,0.012394666671753,0.0075473794713616,-0.0051037771627307,-0.014984316192567,-0.01555110514164,0.010213958099484,0.010123958811164,0.0543004386127,0.010099929757416,-0.0039951750077307,-0.025639709085226,-0.0091186398640275,0.0041716354899108,0.044561311602592,0.013361901976168,-0.0012206448009238,0.031679347157478,0.016402876004577,-0.014976005069911,0.0018787031294778,-0.0079982401803136,0.027376148849726,0.026151660829782,-0.0094263982027769,-0.027600841596723,0.027661297470331,0.0057325651869178,0.018779026344419,-0.05820843949914,-0.014591974206269,-0.016891518607736,0.001767243957147,-0.037352200597525,0.021416692063212,-0.031684935092926,-0.039784468710423,-0.01438510324806,0.019306825473905,0.0062444950453937,-0.0234688911587,-0.019414704293013,-0.021451717242599,-0.037524215877056,-0.0027245616074651,-0.013166237622499,-0.030328560620546,0.038394376635551,0.035355627536774,0.0079293083399534,0.0013874620199203,-0.027305705472827,-0.012697233818471,-0.0033441027626395,-0.035718962550163,-0.029311263933778,0.017764078453183,0.02198014035821,-0.022803092375398,-0.033977046608925,-0.02729406952858,-0.031548678874969,0.014165468513966,-0.013424061238766,-0.034265447407961,0.007835010997951,0.034821018576622,-0.040190879255533,-0.036781948059797,0.013247705064714,-0.014165672473609,0.031804472208023,0.02673202380538,0.02100376971066,-0.0041120443493128,0.011869363486767,0.024715982377529,0.025836370885372,0.011587603017688,-0.010840685106814,-0.00095849006902426,-0.007846281863749,-0.013140180148184,0.035436414182186,0.00078629958443344,-0.02596259303391,0.035141944885254,0.034117855131626,-0.028265917673707,-0.013599541038275,-0.005828239955008,-0.025111224502325,0.026659799739718,0.0011198214488104,0.010286306031048,0.0019138603238389,-0.031781286001205,0.019605057314038,0.012613182887435,0.0050933160819113,-0.012260269373655,0.00036223596544005,-0.012228742241859,-0.019134296104312,0.0075369281694293,0.0064987922087312,-5.1888986490667e-05,-0.033565487712622,0.03375057503581,0.023996945470572,-0.024825498461723,0.0017451748717576,0.014279249124229,-0.035070281475782,0.015615959651768,-0.0085377199575305,-0.033828221261501,-0.024963814765215,0.0084963263943791,-0.028080372139812,-0.0093401484191418,0.0092886500060558,0.01879571005702,-0.021028239279985,0.010628853924572,-0.0088219977915287,-0.0021947734057903,0.037469293922186,-0.026358567178249,0.020820870995522,0.008757664822042,0.022393755614758,-0.003512148745358,-0.034819260239601,0.021981418132782,-0.028202418237925,-0.02560149691999,0.022547418251634,-0.024066023528576,-0.030605651438236,-0.019156031310558,-0.034587178379297,0.032375380396843,-0.02632100880146,-0.019841419532895,-0.013998950831592,0.029215550050139,-0.031525563448668,0.030094999819994,-0.0024757815990597,-0.029408687725663,-0.027221512049437,0.033439449965954,0.006865622010082,0.02501468360424,-0.026818597689271,0.02804296836257,0.011257485486567,-0.002567867282778,-0.029494877904654,-0.015412824228406,0.022905349731445,-0.030932433903217,0.01523326151073,-0.0098711792379618,0.035997346043587,-0.0039854543283582,-0.002360369078815,0.019478153437376,0.014034071937203,0.019075674936175,0.014446441084146,-0.009658613242209,0.033406428992748,-0.017913095653057,0.018596412613988,-0.014620058238506,-0.020768314599991,-0.017496382817626,-0.0028082090429962,-0.018543653190136,0.0017600524006411,0.016191581264138,-0.012988547794521,0.026896618306637,-0.033714938908815,0.018852539360523,-0.015396726317704,0.020820053294301,0.024430420249701,0.0019607190042734,0.033640284091234,-0.027035837993026,0.012040487490594,0.033478103578091,-0.0058726230636239,0.0255944468081,-0.015818631276488,0.0034603178501129,0.028157711029053,0.014126880094409,-0.0003801878192462,0.024907706305385,0.032078720629215,0.032319694757462,-0.014737583696842,-0.02211588434875,-0.0089604407548904,0.011171641759574,-0.019898554310203,0.033465906977654,-0.013421904295683,0.044679895043373,0.00090907438425347,0.0043290164321661,-0.037032779306173,-0.014919264242053,0.026663875207305,-0.033589411526918,0.013272426091135,-0.021564995869994,-0.022156989201903,-0.026088489219546,0.00077759125269949,0.017758507281542,-0.016020268201828,0.020561398938298,-0.022847956046462,-0.024902060627937,-0.033114299178123,0.032448329031467,-0.032971639186144,0.035787496715784,-0.020677529275417,-0.015448126010597,-0.021580964326859,-0.042224876582623,0.0047758691944182,0.0053291614167392,-0.033972885459661,-0.018552452325821,0.01377082709223,0.025494949892163,0.030195910483599,0.031709957867861,0.01094675809145,-0.032061092555523,-0.0022058328613639,-0.029657820239663,-0.01512385904789,0.00065650005126372,-0.034231420606375,-0.0027383943088353,0.019455512985587,0.0047451518476009,-9.9174270872027e-05,-0.030701080337167,0.01937891729176,0.0068546808324754,0.01514745876193,-0.017482597380877,0.0034980711061507,0.0017999063711613,-0.010374918580055,-0.0060068070888519,0.028576746582985,0.028106378391385,0.037053968757391,-0.0061365426518023,0.016528321430087,-0.026317140087485,0.021917957812548,0.0031071177218109,0.03338086232543,0.024249523878098,-0.015532485209405,-0.022609539330006,-0.016107385978103,-0.031340710818768,0.0033038987312466,0.022075546905398,0.016284750774503,-0.035564824938774,-0.018347334116697,-0.018972745165229,0.032423239201307,0.0049871220253408,-0.03039769642055,-0.025371886789799,-0.012022960931063,0.010579165071249,0.011447947472334,0.021089347079396,0.0031391754746437,0.010443586856127,0.011555774137378,0.0019069539848715,0.012663185596466,-0.0057409638538957,-0.018263477832079,-0.0057896487414837,-0.019052289426327,0.028760811313987,0.021266644820571,-0.020791210234165,-0.0028860250022262,-0.00037673374754377,-0.021839117631316,0.009656997397542,-0.039174944162369,-0.029362203553319,-0.03594983369112,-0.0043942369520664,0.012946824543178,0.036692794412374,0.002081407001242,-0.0069828894920647,0.0087993405759335,0.016281317919493,-0.0035425079986453,-0.021086687222123,0.013638369739056,-0.0080390954390168,0.0029513037297875,0.0022563829552382,0.01382153108716,-0.00057208730140701,0.018511759117246,0.017014024779201,0.022305751219392,-0.017508488148451,0.019158208742738,0.022523438557982,0.030329488217831,0.034725185483694,0.010437935590744,-0.015703689306974,-0.014655158855021,-0.034691669046879,-0.012513732537627,0.011629768647254,-0.0080743804574013,0.032110527157784,-0.023347122594714,0.0065442221239209,-0.0030717060435563,0.0033371900208294,-0.0046533942222595,0.022362934425473,0.016209274530411,-0.022932125255466,0.0050303172320127,0.019174700602889,-0.0041726650670171,0.030609335750341,0.0068320529535413,0.02210952155292,-0.010597771964967,-0.021877652034163,-0.0025726763997227,0.0062189837917686,0.035088524222374,-0.019233899191022,-0.017330572009087,0.043194118887186,-0.021497953683138,-0.014910022728145,-0.033296126872301,0.0068035465665162,-0.0096001150086522,0.032391525804996,0.031004164367914,-0.017423694953322,0.012145230546594,0.010808683931828,-0.015200394205749,-0.0071060815826058,0.024395143613219,-0.018816636875272,0.020858718082309,-0.010799371637404,-0.016604710370302,0.010082857683301,-0.0086871972307563,-0.00020262521866243,0.029286246746778,-0.0032821104396135,0.012046884745359,-0.017787493765354,0.036186393350363,0.019028045237064,0.035489641129971,0.024844367057085,-0.03189417719841,-0.028907041996717,-0.017566835507751,0.029039703309536,0.032805386930704,0.010322416201234,-0.0084303310140967,-0.032266609370708,0.038625344634056,0.029491782188416,0.014029548503458,0.01162903662771,-0.026465803384781,-0.026373948901892,-0.035825546830893,0.016617553308606,-0.0038844768423587,-0.029533473774791,-0.01402511075139,-0.030186727643013,0.017273949459195,0.024756595492363,-0.015368469059467,-0.00095132162095979,-0.0052150581032038,0.015204686671495,-0.030666440725327,-0.030011439695954,-0.001587332575582,0.029145916923881,0.0089322254061699,-0.035830225795507,0.03221832215786,-0.03074456192553,-0.030947079882026,0.034560557454824,-0.025511221960187,0.035068046301603,-0.0096197044476867,-0.022889584302902,-0.029736140742898,-0.001986064016819,0.027012431994081,0.037144795060158,0.017202645540237,0.0093717910349369,0.031612049788237,0.0099634258076549,0.015776259824634,0.013734132051468,0.034235771745443,0.010939734056592,-0.0060157845728099,-0.043176971375942,-0.025803236290812,-0.015582459047437,-0.0052048289217055,0.010284244082868,-0.0091193243861198,-0.032933484762907,-0.039569951593876,0.027310878038406,0.021997233852744,-0.029031038284302,-0.010415893048048,0.011072286404669,-0.0068487548269331,0.0088024362921715,0.036375690251589,-0.022108172997832,0.031471855938435,0.0080979848280549,0.03520093113184,0.017154362052679,0.0077255046926439,-0.011525528505445,-0.01275675650686,-0.02837286144495,0.041129838675261,0.020521223545074,0.032899986952543,0.0008394526084885,0.01442064717412,0.011324973776937,-0.010972893796861,0.011662626639009,-0.011962944641709,-0.021400997415185,-0.01146262511611,0.018151361495256,-0.0017265708884224,0.0068384809419513,-0.021184766665101,-0.030670408159494,0.0099444156512618,-0.014697061851621,-0.02059437148273,0.0071409149095416,0.029828239232302,0.031916100531816,-0.026465153321624,0.032559156417847,0.0090362895280123,-0.01200502179563,0.026621295139194,-0.016989285126328,0.004833719227463,0.027020499110222,-0.017462935298681,0.029263772070408,0.019522299990058,-0.03329760953784,-0.029148604720831,-0.027074694633484,0.0095679881051183,-0.031625006347895,-0.031734816730022,0.01259087305516,0.016035366803408,0.0089648943394423,-0.0058831227943301,-0.043892841786146,-0.0024483455345035,-0.01145005505532,0.0072117527015507,-0.0089742112904787,0.012104616500437,0.019264629110694,0.025179900228977,0.019933963194489,0.0010087516857311,0.018426954746246,0.039649359881878,0.014396145939827,0.0016536286566406,0.00099207158200443,0.0028855740092695,-0.03523775935173,0.046159736812115,-0.0066616018302739,0.012058678083122,-0.0040635615587234,0.032945737242699,0.017057273536921,-0.01423716545105,-0.0024546450003982,0.014774393290281,0.031026817858219,0.017902752384543,0.037018027156591,0.003452820237726,-0.02006016485393,0.0054031196050346,-0.012907075695693,-0.026850523427129,-0.00017122068675235,0.017584726214409,-0.022993749007583,0.035670801997185,-0.012322381138802,-0.013672803528607,0.013950238004327,0.01438042614609,0.029568642377853,0.0096710193902254,0.029963986948133,-0.02448933199048,0.035525448620319,0.020815769210458,-0.0085177524015307,0.020783822983503,-0.019616762176156,0.042606141418219,0.022949911653996,0.010146382264793,0.011748977005482,0.0065650711767375,-0.0033703229855746,-0.025754429399967,-0.033370278775692,0.0051127867773175,-0.014794890768826,0.019746884703636,0.030327038839459,-0.015847187489271,0.0018224365776405,-0.0054996958933771,-0.011288976296782,-0.019121976569295,-0.012905782088637,-0.042917303740978,-0.015392567031085,0.033827241510153,0.028809692710638,0.014292053878307,-0.026794414967299,-0.0037278716918081,-0.031352214515209,-0.011504840105772,-0.00079458969412372,-0.026945265009999,0.0044300747103989,0.00014963901776355,0.037644226104021,-0.023584170266986,0.016870168969035,0.0022377367131412,0.017462594434619,0.0061486018821597,-0.025919120758772,0.01826735585928,0.028483033180237,-0.029395047575235,-0.0078912703320384,-0.026800319552422,-0.024416547268629,-0.003943586256355,-0.030741525813937,0.0096093360334635,-0.033322136849165,-0.00025574810570106,0.011811123229563,-0.0039077042602003,-0.026127833873034,0.039223492145538,0.01246730890125,-0.031630080193281,0.0080574955791235,0.014002301730216,-0.028266033157706,0.024516765028238,0.010807048529387,-0.023156372830272,-0.0060969972983003,-0.022162085399032,-0.040208578109741,0.014953188598156,0.010407361201942,-0.0043577910400927,-0.016360308974981,-0.023870449513197,-0.016721233725548,0.01586033962667,-0.020542917773128,-0.02519903704524,0.020247073844075,-0.0010325700277463,-0.014805549755692,-0.010687025263906,-0.0031185233965516,0.023454077541828,0.024453014135361,-0.015660302713513,-0.02879268489778,0.026325946673751,0.034610532224178,0.026096569374204,-0.010190893895924,0.0023251955863088,0.023658184334636,-0.0049368082545698,0.0039604143239558,0.037194266915321,0.019457085058093,-0.0025016975123435,-0.047159131616354,-0.01250138413161,-0.0051245512440801,-0.0028000974562019,-0.021972876042128,-0.0092642130330205,0.004679262638092,-0.020808251574636,-0.023303676396608,-0.02332554012537,0.027173345908523,-0.0069973096251488,0.025846840813756,-0.0032002793159336,0.021117804571986,0.0047522960230708,-0.031578060239553,-0.0091123608872294,-0.00051443674601614,0.044735562056303,0.030113387852907,0.030088501051068,0.016928520053625,-0.0089907674118876,0.02573499456048,-0.0086477482691407,-0.0087354844436049,-0.020577428862453,0.0059819119051099,-0.027656158432364,0.027379773557186,-0.0071376184932888,-0.017589954659343,-0.015170967206359,0.026451917365193,-0.0075749182142317,0.029499622061849,-0.030795656144619,0.0073226802051067,0.042726285755634,0.0051243579946458,-0.032222032546997,-0.022033389657736,-0.004484002944082,-0.021377107128501,-0.018442803993821,-0.021594466641545,-0.006335387006402,-0.03562929853797,0.029316049069166,0.022254586219788,-0.00030794451595284,0.023477988317609,0.00069877546047792,0.023952027782798,0.047441408038139,-0.012720495462418,-0.032945871353149,-0.0033425849396735,-0.025769336149096,-0.028117785230279,0.02161630615592,0.039935506880283,-0.023760525509715,0.028359303250909,0.031472481787205,-0.016308451071382,0.03514227643609,-0.014736732468009,0.00065671349875629,0.03275078907609,-0.0090102534741163,-0.016383673995733,-0.012657376937568,-0.028033033013344,-0.017003541812301,-0.029435193166137,-0.017296774312854,0.02509499154985,-0.011022748425603,-0.026494663208723,0.040826037526131,0.0021652870345861,0.013474959880114,-0.027512438595295,-0.0030670792330056,-0.038361884653568,-0.015515255741775,-0.022468281909823,-0.02628168836236,0.027503045275807,0.039778389036655,0.0030605690553784,-0.0070496234111488,-0.020095391198993,0.028869466856122,0.016819458454847,0.028469409793615,-0.016028258949518,0.028774501755834,0.013906564563513,-0.019921699538827,0.020336056128144,0.0055101639591157,-0.01116303075105,0.011824963614345,0.056486483663321,-0.0015386107843369,0.030475871637464,-0.021423311904073,-0.023874275386333,-0.015832670032978,0.043694343417883,0.014883247204125,-0.033599115908146,-0.02753740735352,0.015838162973523,-0.012055239640176,0.014900007285178,0.0096964277327061,-0.026256754994392,-0.036329742521048,-0.018916441127658,-0.011621576733887,-0.017161032184958,-0.013712831772864,-0.00095100345788524,0.011399385519326,-0.017260938882828,0.0072695203125477,-0.0094496486708522,0.0015991955297068,0.030980754643679,0.026498578488827,-0.015996603295207,0.014640069566667,0.011771812103689,-0.010790845379233,0.0096110999584198,-0.020853502675891,-0.0059415167197585,0.0095926895737648,0.034322950989008,-0.010541705414653,0.0026795747689903,-0.065372474491596,0.020749712362885,-0.030135560780764,-0.00099856045562774,-0.0032614429946989,0.0014844448305666,0.0072544915601611,-0.016625504940748,-0.001988694537431,0.027252096682787,0.01659326069057,-0.022678304463625,0.023690549656749,0.013731685467064,-0.031290888786316,0.010626268573105,-0.01361629832536,0.036323919892311,-0.027143949642777,0.033386133611202,0.023594375699759,-0.010164723731577,-0.010300176218152,-0.039632339030504,-0.014260152354836,-0.02694091014564,-0.034860331565142,-0.044110760092735,-0.044937893748283,-0.020930593833327,-0.011143978685141,0.038772646337748,-0.027170857414603,-0.0054329903796315,0.036294933408499,-0.019737554714084,0.023923499509692,-0.04480067640543,-0.029257398098707,-0.0073803025297821,-0.015325787477195,-0.029689684510231,0.025156762450933,-0.026245694607496,-0.0076274131424725,-0.032348457723856,-0.0041921683587134,-0.011598381213844,-0.018127970397472,-0.014362215995789,0.015342723578215,0.032317373901606,-0.029702285304666,0.0091677075251937,-0.014467778615654,-0.033766645938158,0.028244320303202,-0.027521083131433,0.037838939577341,0.0065356031991541,-0.022170254960656,-0.012581418268383,-0.028459616005421,0.0080187879502773,-0.032366182655096,0.012839522212744,-0.017763577401638,-0.0155029008165,0.025742322206497,0.0032131827902049,-0.03035644441843,-0.021420171484351,0.023588525131345,-0.014079697430134,-0.030286071822047,0.0059862514026463,-0.012620733119547,-0.0081380261108279,0.031139498576522,-0.0089660910889506,-0.0072984667494893,-0.024515438824892,-0.0027061500586569,-0.014694152399898,0.017258385196328,-0.030035002157092,-0.031543135643005,0.022598925977945,0.032103560864925,-0.0047059296630323,0.014754661358893,0.014310388825834,0.023934604600072,-0.031444635242224,0.015476264990866,0.035266518592834,0.0024314371403307,-0.0066870865412056,0.017624348402023,0.033510256558657,0.011167431250215,0.0054830042645335,-0.012574835680425,0.02979427203536,0.0054828226566315,0.016752369701862,0.030095521360636,0.017519848421216,0.011639788746834,-0.014937055297196,0.026941832154989,0.022396799176931,0.025404080748558,0.001480957842432,0.005149073433131,0.0071531166322529,0.02289704978466,0.039357095956802,0.035866402089596,0.02085224725306,0.019894229248166,-0.0081135183572769,-0.030667973682284,-0.019538845866919,0.016445210203528,5.321631761035e-05,-0.0029753523413092,0.0014982286375016,0.019326116889715,0.021296912804246,0.020603489130735,-0.030231455340981,-0.017640054225922,-0.012736726552248,-0.031292624771595,0.0094637107104063,-0.014067734591663,-0.029394032433629,0.012161592021585,-0.01786276884377,-0.005277709569782,-0.043159395456314,-0.010726913809776,0.031117297708988,-0.024921536445618,0.0045535913668573,0.027373293414712,0.015938684344292,0.012966338545084,-0.011166614480317,-0.027264930307865,-0.01711281388998,0.025047624483705,0.029028160497546,0.041584949940443,-0.035723056644201,0.012100787833333,0.0057059936225414,0.026579601690173,-0.029509834945202,0.023631323128939,-0.029081529006362,-0.013733858242631,0.027207255363464,0.019638543948531,0.026549706235528,-0.0081610642373562,0.0054285130463541,-0.02358753234148,-0.022871199995279,-0.015494298189878,-0.032080184668303,-0.0041561760008335,0.0011932235211134,0.029840629547834,-0.031671792268753,0.019797623157501,-0.0040939459577203,-0.030725754797459,-0.0004164821584709,-0.0017132111825049,0.026410775259137,0.027303660288453,0.028222693130374,0.024331850931048,0.024532973766327,0.036892805248499,-0.016535112634301,-0.020055277273059,0.012153345160186,-0.03555840998888,0.02863578684628,0.0013422734336928,0.037252765148878,-0.0043158633634448,-0.0043406379409134,-0.008419749327004,0.02985617145896,0.022180797532201,-0.032738070935011,-0.0063510718755424,0.021424893289804,-0.031343247741461,0.020000757649541,-0.025715040042996,0.027064960449934,-0.032031070441008,0.028257941827178,-0.028324229642749,0.0035816412419081,-0.00030938012059778,0.03286898881197,-0.00037086621159688,0.0059488513506949,0.011701132170856,0.0050531178712845,-0.011429235339165,0.0043130675330758,-0.0029754862189293,-0.011062609031796,-0.011578015983105,-0.020408356562257,-0.0086860181763768,0.017455082386732,-0.0050116474740207,-0.0051499051041901,0.016525311395526,0.026137501001358,-0.015198140405118,-0.032380953431129,0.027403367683291,-0.020350575447083,0.0016112482408062,0.041713714599609,-0.021537195891142,-0.015648974105716,-0.028663607314229,0.021482931450009,-0.024652853608131,0.026167877018452,0.0011338969925418,-0.017449291422963,-0.039165504276752,-0.027559859678149,-0.041039258241653,0.032490823417902,-0.0054745459929109,-0.011425659060478,0.026787461712956,-0.0017290459945798,0.02624480985105,-0.0039085270836949,0.025844568386674,0.0096946358680725,0.0056608328595757,0.028520746156573,-0.020397093147039,-0.031025553122163,0.0027792858891189,-0.0080833183601499,-0.034527245908976,-0.019479976966977,0.012260174378753,0.03027437441051,0.0041450844146311,-0.047051623463631,0.011530367657542,-0.037854369729757,-0.013419222086668,0.011544622480869,0.030504237860441,-0.032519109547138,0.035528551787138,-0.00043039827141911,0.0036841274704784,-0.021033298224211,0.011061017401516,-0.0061590992845595,-0.0035598091781139,-0.034159172326326,-0.015626322478056,0.01185910962522,0.023537131026387,0.015839703381062,-0.042204961180687,-0.0036499449051917,-0.015016280114651,0.0027828761376441,-0.0046452414244413,-0.043401461094618,-0.033507779240608,-0.0040351650677621,0.036518074572086,0.0098073026165366,-0.024760900065303,-0.030267557129264,0.024265429005027,-0.013000450097024,0.0081397769972682,0.012409573420882,0.0065434128046036,0.0089122401550412,0.02315597422421,0.022266108542681,-0.018562918528914,-0.023349959403276,-0.020567111670971,5.8422469010111e-05,-0.011896321550012,0.02326974272728,0.030501486733556,-0.012729468755424,0.0095622763037682,-0.023703111335635,-0.011727683246136,-0.018542325124145,-0.004546464420855,-0.030456610023975,-0.011581543833017,-0.013324002735317,-0.035781472921371,-0.023502139374614,-0.00087519845692441,-0.031457431614399,-0.011279169470072,0.0089990505948663,0.012895338237286,0.0062596909701824,-0.017349446192384,0.016193062067032,-0.028908306732774,-0.022160960361362,-0.041063118726015,0.046276349574327,0.018896339461207,-0.029795128852129,-0.0034555085003376,-0.025571916252375,-0.022686660289764,-0.032380063086748,-0.014151294715703,-0.029485773295164,0.019555237144232,0.009538815356791,0.024321900680661,-0.01331727579236,-0.017229206860065,0.018977461382747,0.0073565980419517,-0.030419297516346,-0.043879993259907,0.017175955697894,0.025120874866843,0.019873835146427,0.0068915258161724,-0.028644405305386,0.0055810501798987,0.038364864885807,0.033774599432945,0.036413080990314,-0.025316348299384,-0.036138545721769,0.034897796809673,-0.010275847278535,-0.008204597979784,0.0060567008331418,-0.020909741520882,0.047583527863026,-0.030557997524738,-0.014131863601506,-0.041519403457642,-0.028587274253368,-0.00051614682888612,-0.040441177785397,-0.0056870458647609,0.021975081413984,0.070424787700176,-0.027340423315763,0.026204757392406,0.0075456257909536,-0.035772532224655,0.0052833608351648,0.022464767098427,-0.032087150961161,-0.040213610976934,-0.039522364735603,-0.0035738553851843,-0.0017933169147,-0.025748806074262,0.00070241309003904,-0.0072976415976882,0.0001424252113793,-0.018689138814807,0.0089597115293145,-0.016596786677837,0.0054947277531028,0.012245912104845,-0.012807400897145,-0.017570998519659,0.010048792697489,-0.015977501869202,0.0047499747015536,-0.022073710337281,0.017765028402209,0.034263484179974,0.038481749594212,-0.021766766905785,0.0064734891057014,-0.046781226992607,-0.030850289389491,0.015490524470806,0.0092623680830002,0.021327409893274,0.010781417600811,-0.0086121270433068,0.01075400877744,0.017284609377384,-0.015648106113076,0.0083841327577829,0.00047825661022216,-0.055850073695183,0.05275646969676,-0.0089871287345886,0.021750709041953,-0.028162961825728,0.029392592608929,-0.023450564593077,0.0042210477404296,-0.0035709964577109,0.03510095179081,0.0022996088955551,-0.00047044863458723,0.028423126786947,0.012457656674087,0.017800433561206,-0.032701872289181,0.04150165617466,0.064132452011108,-0.028854705393314,-0.0055099469609559,-0.025663621723652,0.0037126794923097,0.01770768687129,0.024776678532362,0.0084077976644039,-0.013628508895636,-0.018455361947417,0.008710409514606,-0.048790499567986,0.020873093977571,-0.017801748588681,-0.028282383456826,0.0037925976794213,0.028576226904988,0.012828856706619,-0.030817791819572,0.018163880333304,-0.030751399695873,0.040295150130987,0.026655020192266,-0.00066431215964258,0.03323994576931,0.044622357934713,-0.0062921806238592,0.014727580361068,-0.0014349877601489,-0.027179520577192,0.01458191499114,-0.024403175339103,0.03197655826807,0.02094561047852,-0.04394880309701,-0.017946755513549,-0.018493494018912,0.0062567479908466,0.039526272565126,0.034896168857813,-0.050828997045755,-0.021789308637381,0.027071749791503,-0.012705308385193,-0.011810144409537,0.022532220929861,-0.016265980899334,0.028285790234804,-0.031071361154318,-0.028528256341815,0.0011300528421998,0.010308116674423,0.028587214648724,0.029973750934005,0.02458406612277,0.013435278087854,-0.024916656315327,-0.025336118414998,-0.013698173686862,0.02785993181169,-0.035240318626165,-0.06172688305378,0.015967609360814,-0.0014553276123479,-0.01002861559391,-0.024211952462792,0.027873465791345,-0.0089303897693753,0.024631280452013,0.021658077836037,-0.033302068710327,0.020887413993478,0.026467246934772,-0.012593541294336,0.0070549552328885,0.0070068091154099,0.026430232450366,0.0078239496797323,-0.0033214788418263,-0.04765360802412,0.019274484366179,-0.015420778654516,-0.04038742929697,0.0037638409994543,0.020157879218459,-0.0048588523641229,-0.04650404304266,0.020400732755661,0.0064683803357184,0.0068622147664428,-0.01505480427295,0.0070526683703065,0.0017639595316723,-0.0037329194601625,-0.043299898505211,0.0011213745456189,-0.015077438205481,0.026137590408325,0.030430000275373,0.034343332052231,-0.0061262166127563,0.03089995123446,0.0060035083442926,-0.0040230145677924,-0.032758574932814,0.0023416690528393,0.021153459325433,-0.029091233387589,-0.012263406999409,-0.021133182570338,0.0058994116261601,-0.011964665725827,-0.025098999962211,-0.013418572954834,-0.046308021992445,-0.033403716981411,-0.022415295243263,0.0099849756807089,-0.0058993548154831,0.0054745585657656,-0.0010166806168854,-0.019461700692773,-0.024543156847358,0.013578808866441,0.011416343972087,0.029726618900895,-0.027910782024264,-0.0046090823598206,0.033321604132652,0.033095829188824,0.011414880864322,0.043648079037666,0.036844495683908,0.013359280303121,0.023359522223473,0.029509793967009,0.022477159276605,0.02107778005302,-0.055399812757969,-0.022397916764021,0.0091558564454317,-0.028380446135998,-0.014484617859125,0.040465231984854,-0.023544916883111,-0.0043548350222409,-0.0091692432761192,-0.019831797108054,0.014679273590446,-0.024689035490155,-0.0016962533118203,-0.061902649700642,-0.027027770876884,-0.011877657845616,0.014564857818186,0.011774416081607,0.0023603290319443,0.0032431585714221,-0.043856721371412,0.014435758814216,-0.031149765476584,-0.035997457802296,0.010120075196028,0.020728493109345,-0.0082054827362299,-0.034733209758997,0.037098426371813,0.038737621158361,-0.030274486169219,0.050621744245291,-0.0030257350299507,-0.034271817654371,0.0028608837164938,-0.031908217817545,-0.012299858033657,-0.029322268441319,0.04324584826827,-0.002589778508991,0.037567339837551,-0.023420311510563,0.0024123936891556,0.021061660721898,0.0033088673371822,0.0047263456508517,0.024403283372521,-0.027666257694364,0.0034914261195809,-0.0006440231227316,-0.037812903523445,0.024118486791849,0.037868425250053,-0.031690124422312,0.032805040478706,-0.021671883761883,-0.01670472510159,0.0102747855708,-0.030252527445555,-0.026833156123757,0.0025209642481059,-0.00067907199263573,0.033042415976524,-0.033192966133356,0.026955135166645,0.040436718612909,0.029084980487823,0.022192748263478,0.013062663376331,-0.028169076889753,0.026520881801844,0.027041854336858,-0.0058452263474464,0.024899709969759,-0.028657291084528,-0.016689838841558,0.016587352380157,0.00055886275367811,0.031979240477085,-0.01654046960175,-0.046015214174986,0.048777595162392,-0.0010598448570818,0.0062019894830883,-0.037911090999842,0.002890643896535,-0.0095429690554738,0.013554500415921,0.0031433911062777,-0.028736555948853,-0.031730730086565,-0.0080424789339304,-0.035823207348585,-0.042705833911896,0.030576571822166,-0.026237839832902,0.0067749856971204,0.013541599735618,0.015716675668955,0.022185146808624,0.021135231480002,-0.016621565446258,0.00014867377467453,0.024615244939923,0.053229916840792,-0.053778845816851,0.025140510872006,0.0053685614839196,-0.038407042622566,0.016465403139591,-0.010377394035459,-0.020547883585095,-0.012166243046522,0.026736715808511,-0.034650426357985,-0.023600237444043,0.003015992231667,0.026603301987052,0.049314144998789,-0.031991869211197,-0.059227421879768,0.01510520465672,-0.020009532570839,0.021498570218682,-0.00015625462401658,0.021806124597788,-0.024991704151034,-0.020391399040818,0.030566778033972,-0.0037252318579704,-0.015697918832302,0.0026002121157944,-0.024892497807741,0.019075596705079,-0.0064136679284275,-0.0070439516566694,-0.0035220514982939,-0.026463486254215,0.01897688396275,0.030641766265035,-0.03288696706295,0.035974070429802,0.0012399749830365,-0.0098948916420341,0.012994185090065,0.028318054974079,0.021518474444747,-0.0032157034147531,-0.031067008152604,-0.024844551458955,-0.030383665114641,0.021770620718598,-0.032471552491188,-0.015260284766555,-0.023353664204478,-0.007216997910291,0.023292981088161,-0.0091520566493273,-0.010721071623266,0.015537984669209,0.035425655543804,0.01748506911099,0.026640018448234,0.0084166284650564,0.036429326981306,-0.030527859926224,0.0080218622460961,-0.010927349328995,-0.024396497756243,-0.033471293747425,0.0052473554387689,-0.0071436250582337,-0.033033452928066,-0.012071138247848,-0.033489927649498,-0.0061009875498712,-0.021232303231955,-0.019771186634898,-0.010815260931849,0.014931816607714,0.012013091705739,-0.014359519816935,-0.00040501254261471,0.030993241816759,0.033712882548571,0.018219070509076,0.029703382402658,0.0056463717482984,0.010802841745317,0.011239095591009,0.027285482734442,0.020803976804018,0.018055032938719,-0.018976153805852,-0.03010886348784,0.031093750149012,0.013064257800579,-0.018204556778073,0.011644500307739,0.005790657363832,0.018876098096371,0.033133242279291,-0.031945005059242,0.0022618281655014,0.021945232525468,0.026638321578503,-0.022434737533331,0.013027647510171,0.030446011573076,-0.03310327231884,-0.02622658573091,-0.014524582773447,0.0171705968678,-0.03675640001893,0.019642544910312,0.013985355384648,0.019795823842287,0.014066399075091,-0.035635147243738,0.038149103522301,0.031732030212879,0.022218514233828,0.033270668238401,-0.010097262449563,0.024791397154331,-0.017319867387414,0.017474856227636,0.017292594537139,0.021193694323301,0.029497614130378,-0.0083326911553741,0.02746482565999,-0.0039666607044637,0.024306060746312,0.031446617096663,0.0082640992477536,0.033555626869202,-0.031892251223326,-0.032892633229494,0.020353451371193,0.023346338421106,0.011971569620073,-0.02299165725708,0.036294709891081,0.020169256255031,0.034473121166229,0.025290949270129,0.020572543144226,0.017113965004683,-0.00030918564880267,0.037362813949585,-0.036676436662674,0.023562816902995,-0.027985380962491,0.016182711347938,0.00095678318757564,-0.02719615586102,-0.019430445507169,-0.024147132411599,-0.028235418722034,-0.018129823729396,0.0053093307651579,-0.018761655315757,0.0021194582805037,0.027015771716833,-0.022036897018552,0.0079265888780355,-0.020448924973607,0.032146096229553,-0.031887698918581,-0.032126668840647,0.0014149392955005,0.010286151431501,0.020315637812018,0.034529503434896,-0.021120572462678,-0.025498265400529,7.9097590059973e-05,0.021385315805674,-0.00055564695503563,-0.026037195697427,-0.034770712256432,0.0072245644405484,-0.01159552205354,-0.016573591157794,-0.026464311406016,0.021694455295801,-0.032907083630562,0.0049901129677892,0.011037860065699,-0.010364007204771,-0.027934761717916,-0.014167211018503,-0.017226208001375,-0.028377749025822,-0.018249159678817,-0.032987862825394,0.019516972824931,0.033375151455402,-0.0077857202850282,0.018065843731165,0.011638094671071,-0.029395177960396,-0.02831968665123,-0.021593542769551,0.025691263377666,-0.038094896823168,-0.0047758081927896,-0.018571263179183,0.028012121096253,-0.0073475763201714,-0.024049727246165,0.0032332327682525,-0.01737729460001,-0.0063482788391411,0.0058055832050741,0.010626306757331,0.030591240152717,0.027704264968634,-0.0076402085833251,0.0065477029420435,0.01202398724854,-0.033186513930559,-0.0028076774906367,-0.028995795175433,0.023793963715434,0.018928475677967,-0.031983528286219,0.026181761175394,0.017767591401935,0.03190179169178,-0.0092746270820498,-0.023501439020038,-0.027158658951521,0.0097048981115222,0.022441847249866,-0.0067904274910688,-8.1766098446678e-05,-0.015674039721489,0.025392200797796,-0.036553762853146,-0.030153810977936,-0.026439726352692,-0.0044926223345101,0.035664848983288,-0.0062636509537697,-0.0066477246582508,-0.030357742682099,0.013513094745576,-0.01498587243259,0.011291515082121,-0.0040227505378425,-0.0098217278718948,0.0029892444144934,0.012084100395441,-0.0075070429593325,0.026372190564871,-0.034848410636187,-0.024617906659842,-0.031180322170258,-0.0073120975866914,0.022798718884587,-0.0084619466215372,-0.0055553317070007,-0.029218444600701,0.014444237574935,0.017876015976071,-0.0021361457183957,-0.0023472495377064,-0.034121155738831,-0.027527453377843,-0.033092740923166,0.013654445298016,0.019101802259684,-0.0094526205211878,-0.00097443745471537,-0.038463484495878,0.030301181599498,-0.015029427595437,0.029899589717388,-0.0043943077325821,-0.029621811583638,0.033775955438614,0.031650692224503,-0.028368044644594,-0.024861179292202,0.0058599361218512,-0.035028975456953,0.013014912605286,0.0078657055273652,0.0051027094013989,-0.0097451712936163,-0.0023245692718774,0.0095920786261559,-0.024180144071579,-0.028119454160333,0.0061833201907575,-0.004511496052146,-0.036080781370401,-0.013851827941835,-0.027333071455359,0.030484968796372,0.010408408008516,-0.003709840355441,0.035108298063278,0.0073521225713193,-0.013209148310125,0.03561482205987,0.020759085193276,0.015982117503881,-0.0090167401358485,-0.035550218075514,-0.019315319135785,-0.03687971830368,-0.0090598575770855,-0.002972575603053,-0.036725528538227,-0.0034919772297144,-0.022295080125332,-0.0080200657248497,0.025279026478529,0.018536143004894,0.0020733363926411,0.028510734438896,-0.031154653057456,-0.016687631607056,-0.0082525350153446,0.024544540792704,-0.026108285412192,-0.009181528352201,0.0036571298260242,-0.0073967413045466,-0.022447532042861,0.0006794105283916,0.0020050667226315,-0.0060971775092185,-0.0039169918745756,-0.031206058338284,-0.004553341306746,0.012526590377092,0.001232786802575,-0.0052535361610353,-0.030006172135472,0.020996889099479,-0.00818488933146,-0.006378557998687,-0.034199021756649,0.0063031916506588,0.016726123169065,-0.029794001951814,0.00059180578682572,0.020051043480635,-0.017620967701077,0.029513332992792,0.030868923291564,-0.031168857589364,-0.013658369891346,0.018871480599046,-0.0021004802547395,0.01291530020535,0.029835691675544,-0.01777228154242,0.016896169632673,-0.0087427822872996,-0.011262140236795,-0.010820469819009,0.017660822719336,0.031792644411325,0.0075100748799741,-0.00015764034469612,-0.022896138951182,0.020826857537031,0.019669124856591,-0.0076893293298781,-0.0019829869270325,0.026824004948139,-0.0015732299070805,0.012175610288978,-0.026098066940904,-0.024843255057931,-0.030863914638758,0.035979583859444,-0.031873818486929,0.02835432253778,0.014359301887453,-0.002642621519044,0.002785291755572,0.0048292865976691,0.031327281147242,0.0050281248986721,0.023394953459501,-0.0073839104734361,0.012595540843904,0.0038833019789308,-0.011388748884201,-0.0036927878390998,0.035339079797268,-0.036100063472986,0.0031226123683155,0.019397297874093,-0.018291292712092,0.013645841740072,0.0077755628153682,-0.035860687494278,-0.034152157604694,0.020864710211754,-0.031416710466146,0.011981194838881,-0.021726883947849,0.020054511725903,0.005860039498657,-0.010842479765415,-0.027796376496553,0.036353122442961,0.035338047891855,-0.0022299264091998,0.025788385421038,0.0031015360727906,-0.00031335203675553,0.027686195448041,0.013518730178475,-0.012884452007711,-0.00077796285040677,-0.0023485915735364,0.023614145815372,0.019922375679016,0.014397330582142,0.03601573035121,-0.014214333146811,0.023307548835874,0.035128407180309,-0.0012930824887007,0.028341233730316,0.025067646056414,-0.033794827759266,-0.028782948851585,0.0016995439073071,-0.0014976673992351,0.033236809074879,-0.0055356817319989,0.0091005377471447,-0.029114607721567,-0.010795373469591,0.022737201303244,-0.031278066337109,0.0085652740672231,-0.0061014038510621,0.016312638297677,0.021967714652419,0.0056137312203646,-0.022095866501331,0.01009513810277,0.0097081251442432,-0.01451894454658,0.022970754653215,0.001717392122373,0.024127027019858,-0.028657481074333,0.0024106313940138,-0.033370167016983,0.0032381725031883,-0.02030142582953,-0.021906351670623,0.020199222490191,-0.016051348298788,-0.0086922459304333,-0.0069321724586189,-0.013047582469881,-0.01755553483963,-4.5847300498281e-06,-0.01492494251579,0.0053669889457524,0.027253590524197,-0.034343555569649,0.0071087181568146,0.0048609604127705,0.016841327771544,-0.0088878544047475,-0.011946152895689,-0.011623828671873,-0.021117627620697,0.0061245011165738,0.011962682940066,0.012586548924446,0.028462205082178,0.017333110794425,-0.016115456819534,-0.018035776913166,-0.029637284576893,-0.031500414013863,-0.031939744949341,-0.021073279902339,-0.003819088684395,0.011355850845575,0.026308476924896,-0.00500608375296,0.0033742971718311,0.020158933475614,-0.0082473075017333,0.029175331816077,-0.012826395221055,0.012911381199956,0.011300328187644,-0.018998954445124,0.012613460421562,-0.017659556120634,0.0080660488456488,0.011608152650297,-0.0002177922433475,-0.02266102284193,-0.011721692048013,-0.00029626445029862,0.03398323059082,-0.035043943673372,0.023449646309018,0.019290175288916,0.022820798680186,-0.027783177793026,0.019432626664639,0.0092497225850821,0.031021447852254,0.0038235997781157,0.029884826391935,-0.029397629201412,0.034770213067532,-0.013438765890896,0.036100529134274,-0.0045597734861076,1.5143336895562e-05,-0.032143954187632,-0.014017044566572,-0.0052907327190042,-0.012969827279449,0.0039097010158002,0.013753244653344,-0.0025419029407203,-3.4064207284246e-05,-0.0057044322602451,0.031554121524096,0.036052644252777,0.031114753335714,-0.0055391327477992,0.012078814208508,0.010050316341221,-0.002500539412722,0.036612059921026,0.028882125392556,-0.032603189349174,0.010695083066821,-0.028874022886157,0.0023223981261253,0.03032449260354,0.0093273930251598,-0.00020544405560941,-0.0078987367451191,0.017427306622267,-0.0076111420057714,0.014768595807254,0.015527510084212,0.016863381490111,0.022302072495222,0.0084185777232051,0.014136399142444,0.010249461047351,-0.018987098708749,-0.013245971873403,0.034624326974154,0.036530170589685,0.035101346671581,0.00072725722566247,0.021301383152604,0.0090779736638069,0.0043088560923934,0.025884995236993,0.0086729498580098,-0.015429661609232,0.0312066860497,0.014563172124326,0.035015713423491,-0.022137045860291,0.0046578668989241,0.0004503843956627,-0.0033068393822759,-0.028512535616755,0.031109319999814,-0.032054781913757,0.006937459576875,-0.033424098044634,-0.012089548632503,0.0022225186694413,0.025702742859721,-0.0053588952869177,0.020352425053716,-0.014649286866188,-0.011277557350695,0.0010938057675958,0.03353338316083,0.01124185975641,0.034450702369213,-0.027998773381114,0.031346395611763,0.02036246471107,0.026500822976232,0.023927005007863,0.014410387724638,-0.018072176724672,-0.0088906548917294,-0.018122468143702,0.0087517667561769,-0.024481611326337,0.01560689881444,-0.027638394385576,-0.028221551328897,-0.010044611059129,0.0077530546113849,0.00055938237346709,0.033178228884935,0.0068015758879483,0.0042505906894803,-0.0082173980772495,0.023648185655475,-0.0014398937346414,-0.033289331942797,0.024228135123849,0.025044171139598,-0.031563598662615,-0.017528211697936,0.0032411289867014,0.035200420767069,-0.037070918828249,-0.020911432802677,-0.01976584456861,-0.02514923363924,-0.02157430164516,0.02192248404026,0.015143162570894,-0.0047049508430064,0.03092747181654,-0.027079524472356,0.0027823140844703,-0.026480231434107,-0.029595175758004,-0.023582246154547,0.0071641146205366,-0.026322754099965,-0.020886348560452,0.012449080124497,0.012319015339017,-0.031051279976964,0.0016277889953926,-0.0087355729192495,-0.027272725477815,0.0098567819222808,0.029078239575028,-0.0074226944707334,0.016417382284999,0.026182891801,0.012606517411768,0.0081928623840213,0.028784099966288,0.023594669997692,0.00096359790768474,-0.034600481390953,-0.023535590618849,0.021410785615444,0.03222082555294,-0.023906826972961,-0.014992815442383,-0.018381653353572,0.0034202330280095,0.017005013301969,-0.031080033630133,-0.031462196260691,-0.0045629236847162,-0.0014487137086689,-0.016267357394099,-0.013304453343153,0.029096873477101,-0.0055411695502698,-0.0020932552870363,-0.010438546538353,0.031925663352013,-0.020475879311562,-0.0012193974107504,0.015831829980016,0.0067968261428177,0.03560396656394,-0.019779486581683,-0.0041117975488305,-0.0014688291121274,0.029424650594592,0.0058865486644208,-0.023201929405332,-0.035153213888407,-0.02321227453649,-0.01680320315063,0.032061520963907,0.035242304205894,-0.02374642342329,0.0086596626788378,-0.029182378202677,0.0084745259955525,0.0058899186551571,-0.011463973671198,0.040227770805359,0.024965649470687,0.01299761980772,0.030205618590117,0.025958240032196,0.021132081747055,-0.0084657678380609,0.025774894282222,-0.017440628260374,0.0043708733282983,0.0055361008271575,-0.029096720740199,-0.013163642957807,-0.030418302863836,0.039619877934456,-0.0077599659562111,-0.024591196328402,0.0084130829200149,0.034336905926466,-0.0098299225792289,0.02166785672307,-0.035234101116657,-0.0020484519191086,0.030365452170372,-0.0029737604781985,0.02548716776073,-0.0359787940979,0.010115566663444,0.016472905874252,0.0066199451684952,0.021995283663273,-0.021258786320686,-0.0067415093071759,0.0016800976591185,-0.0105085298419,0.0011055239010602,-0.015006500296295,0.0084050633013248,0.040730271488428,-0.0019203686388209,0.028570665046573,0.032878499478102,-0.014351399615407,0.021295551210642,0.0192886646837,0.028309714049101,0.025401683524251,-0.030067805200815,-0.029116921126842,0.018569231033325,0.035152118653059,0.018750140443444,0.032428707927465,-0.0020348341204226,0.02640874683857,-0.013570860028267,-0.032832100987434,0.019071279093623,-0.0021015703678131,-0.010873509570956,0.011700835078955,-0.031660687178373,0.0014277356676757,-0.019868789240718,-0.032126028090715,0.00024062507145572,-0.013662310317159,-0.023275570943952,-0.040659252554178,0.020539155229926,0.042304817587137,-0.011446476913989,-0.025610335171223,0.005162735003978,0.0084722759202123,-0.0082018533721566,-0.0074042300693691,0.012210915796459,-0.052297323942184,0.035967003554106,-0.020312650129199,-0.018788015469909,-0.0052398275583982,-0.01236608158797,-0.0019769163336605,-0.022080842405558,0.0071587190032005,0.017745638266206,-0.017135700210929,-0.00074032426346093,-0.019951766356826,0.0077597699128091,-0.00080343754962087,-0.0075926179997623,0.0032252022065222,0.0014677067520097,0.0018588745733723,0.025469908490777,0.016389260068536,0.015374356880784,-0.015171300619841,-0.032575517892838,0.013639803975821,0.00032142898999155,0.005662654992193,-0.031663749366999,-0.020074246451259,-0.013295686803758,-0.030931938439608,-0.0074310251511633,-0.0081357732415199,0.02705142647028,0.028972744941711,-0.0063231163658202,-0.037764638662338,-0.0084215281531215,0.024381391704082,0.010387824848294,0.023349564522505,0.023605696856976,-0.02902320958674,0.011276418343186,0.015288311056793,0.0077895685099065,-0.013493227772415,0.023502927273512,0.01930888928473,-0.026414738968015,-0.026188476011157,0.032552231103182,0.034927044063807,-0.0082553718239069,0.019586889073253,0.033679105341434,-0.027955763041973,-0.00074447895167395,0.010360482148826,-0.019531827419996,-0.036491580307484,-0.029116291552782,0.022956470027566,-0.036519702523947,0.042109873145819,0.055561818182468,0.011879769153893,0.0041093742474914,-0.020400956273079,0.00822414457798,0.024607619270682,0.0039512272924185,0.024904048070312,0.015839153900743,0.041691187769175,0.015542621724308,-0.051016539335251,0.041342705488205,-0.0012891892110929,0.014477657154202,0.023771503940225,-0.027839487418532,0.026284992694855,0.030902175232768,-0.027250725775957,0.030411595478654,0.0027816637884825,0.021180706098676,-0.029702864587307,0.015414012596011,0.026878532022238,0.0040072668343782,-0.019468322396278,0.023962626233697,-0.013189245946705,-0.013630436733365,0.019282015040517,0.024542223662138,-0.0062950453720987,-0.0011233111144975,-0.025023078545928,-0.0059682717546821,0.0036395760253072,-0.022313326597214,0.02678545191884,0.028721917420626,-0.0078178839758039,0.039356008172035,0.024506079033017,0.017619658261538,-0.01432008203119,-0.0096800057217479,-0.02970807813108,-0.013105308637023,0.047243401408195,-0.009087085723877,-0.048213504254818,0.020959734916687,-0.024339066818357,-0.0063317297026515,-9.9897433756269e-06,0.0086167166009545,0.002987083978951,0.035286594182253,-0.016943138092756,0.0098851639777422,0.00044308870565146,-0.028809104114771,-0.014450001530349,-0.040246110409498,0.023590991273522,-0.021023578941822,-0.012737978249788,-0.019980123266578,-0.035427466034889,-0.035672303289175,0.0036979604046792,-0.017425073310733,0.022647378966212,-0.0008968174806796,-0.045589834451675,0.0034530241973698,0.0047538364306092,0.020803935825825,0.0031698180828243,0.039100743830204,0.028544137254357,0.032329741865396,-0.032928928732872,-0.0074227503500879,0.0089681297540665,0.0038152274210006,0.036763180047274,0.00080443342449144,-0.023877302184701,-0.0026579024270177,-0.043457191437483,-0.0070680300705135,-0.0039599714800715,-0.037543125450611,-0.04196210205555,-0.028567977249622,0.034365009516478,-0.0086995931342244,-2.0676190615632e-05,-0.025805620476604,0.046457570046186,0.030515158548951,-0.018030988052487,0.012680791318417,-0.019732534885406,0.031360037624836,-0.024355329573154,-0.028798051178455,-0.018073324114084,0.026502458378673,0.040665298700333,-0.033249154686928,0.023330362513661,0.02142770960927,0.033511705696583,0.01777015440166,0.0013196086511016,0.022296998649836,0.0034444509074092,-0.012715762481093,0.017483277246356,-0.03292129561305,-0.036115486174822,-0.013841316103935,0.018904704600573,0.013026494532824,-0.013823933899403,-0.021355740725994,-0.022281492128968,-0.018313208594918,-0.013523694127798,-0.0099824666976929,-0.035322677344084,-0.010256927460432,0.014070173725486,0.0072567393071949,-0.033549912273884,-0.044778000563383,-0.017154423519969,0.025189526379108,-0.031215839087963,0.038966786116362,0.038038250058889,-0.012956432066858,-0.0054934420622885,0.02067850343883,0.0018014885718003,-0.041721180081367,-0.011924909427762,0.0046300762332976,-0.027018176391721,0.044034522026777,0.0091061247512698,-0.02516657859087,-0.001750300405547,-0.0085621029138565,0.0033508627675474,-0.0087588429450989,0.0093550002202392,0.0023561913985759,0.004601402208209,0.039084147661924,-0.0016737671103328,-0.01918756403029,-0.025813451036811,0.029727686196566,0.034071791917086,0.013184556737542,0.0056543527171016,0.042757406830788,0.0021221267525107,0.0021685943938792,-0.016354452818632,0.0044885622337461,0.018941070884466,-0.019416019320488,-0.030235100537539,0.036112848669291,-0.028656531125307,0.01446914114058,0.0031122206710279,-0.040998391807079,-0.010538602247834,0.01712504029274,-0.024152539670467,0.013990643434227,-0.013250621967018,-0.02273153886199,0.039875827729702,0.041160937398672,0.016210997477174,-0.027698192745447,0.033131323754787,-0.0065004052594304,0.0054702199995518,0.025370629504323,-0.026460196822882,-0.0026936233043671,-0.013297505676746,-0.029468441382051,-0.029215844348073,0.0026215345133096,0.03440697491169,0.032077625393867,-0.013250750489533,-0.024501973763108,-0.028143364936113,-0.017187042161822,0.02642747014761,0.0029377299360931,0.013891814276576,0.0082233184948564,-0.0061214729212224,0.037587031722069,-0.006882740650326,-0.029308449476957,0.012613112106919,-0.023870123550296,-0.030483406037092,0.019429054111242,-0.036476723849773,-0.0055268849246204,-0.020125765353441,-0.040768012404442,-0.031714994460344,-0.004581599496305,-0.0071159992367029,0.012582275085151,0.049282301217318,0.022322660312057,0.028369575738907,-0.038366746157408,-0.0022052521817386,-0.0096418270841241,-0.0063392990268767,-0.013656413182616,0.036883767694235,-0.0022710650227964,0.029292371124029,-0.031512394547462,0.03082631714642,-0.0018548297230154,0.0064268964342773,-0.025772470980883,0.049774948507547,0.015309718437493,0.022061951458454,-0.0070782597176731,0.014626896008849,0.012680225074291,-0.012453724630177,-0.030650233849883,0.022230243310332,0.0043906038627028,0.041603468358517,0.0092995772138238,0.017474440857768,0.045664243400097,0.026338692754507,0.029954535886645,-0.0071603986434639,-0.037539407610893,0.0026472725439817,-0.0043230247683823,0.049289342015982,0.0058440724387765,-0.020562285557389,0.031488835811615,-0.0095665389671922,-0.026582503691316,-0.035706005990505,-0.018008444458246,0.023632071912289,-0.016312161460519,-0.032865945249796,-0.046755630522966,-0.012842150405049,-0.00862976629287,-0.027079481631517,-0.0023448197171092,0.03066941909492,0.029363228008151,0.00026452634483576,-0.0030268714763224,0.035652831196785,-0.035239599645138,0.019394686445594,-0.011061386205256,-0.02485335431993,-0.0043000769801438,0.035622771829367,0.0042733554728329,0.040956232696772,-0.032850410789251,0.010746100917459,-0.012683369219303,0.021880967542529,-0.015249835327268,0.025965953245759,-0.065961234271526,0.042668912559748,-0.017833119258285,-0.02477945946157,-0.022480636835098,0.017960704863071,0.02070658840239,-0.0080874562263489,-0.016176279634237,-0.028971476480365,-0.025733023881912,-0.018711112439632,-0.027665873989463,0.030184630304575,0.0053661507554352,-0.048640005290508,0.00013330836372916,-0.011192382313311,-0.024639023467898,0.0015270498115569,-0.0068239266984165,-0.037087868899107,-0.029482314363122,-0.042077202349901,0.0062073501758277,-0.034584406763315,-0.033884573727846,0.053154852241278,-0.0044078235514462,-0.00080197770148516,-0.0043318583630025,-0.024103874340653,-0.036873176693916,0.0035086481366307,0.015430136583745,0.0046608592383564,0.028690157458186,0.031039785593748,0.047593597322702,-0.022778987884521,-0.021104000508785,0.017435997724533,0.02038105763495,0.00085253396537155,0.0063170096836984,-0.030211182311177,-0.032769203186035,-0.011343725956976,-0.016599917784333,0.024685760959983,0.0059606884606183,0.017189387232065,-0.021020509302616,0.021189320832491,0.022942466661334,0.010295758023858,-0.023949893191457,-0.012641259469092,0.019153468310833,0.0045450660400093,-0.045034091919661,-0.039892144501209,-0.0089658107608557,0.055432055145502,0.04554857686162,-0.0075258854776621,-0.014961528591812,0.021352218464017,0.010094501078129,-0.017446542158723,0.041555915027857,0.0094436770305037,-0.03995755687356,-0.054149843752384,0.022618724033237,0.0029588313773274,0.038229588419199,-0.048929642885923,-0.0094953309744596,0.010140473023057,-0.0042568650096655,0.019180724397302,-0.032611064612865,0.025354042649269,-0.0087266601622105,0.0061885500326753,-0.01259708404541,0.0051443013362586,-0.030260637402534,0.017095204442739,-0.030268238857388,-0.024594243615866,0.038932587951422,0.00088053802028298,-0.023380471393466,0.033307049423456,0.036181997507811,0.058754645287991,-0.00099694891832769,0.0083181848749518,0.0058722444809973,-0.0064231953583658,-0.020153403282166,-0.031975116580725,0.012196588329971,0.032853357493877,0.04450923204422,-0.0049245953559875,-0.011202683672309,0.049165710806847,-0.0079416697844863,0.021180162206292,0.089114479720592,0.051541335880756,-0.017327768728137,-0.064158856868744,0.030598485842347,0.012803921476007,-0.028931591659784,0.017388429492712,-0.021289443597198,-0.016159143298864,0.011982682161033,-0.018352279439569,-0.073585294187069,0.019030744209886,-0.0096430415287614,0.034080676734447,-0.013590106740594,-0.031217040494084,0.002890732139349,0.030754093080759,-0.010989293456078,0.006383671425283,0.0017753421561792,-0.00033153119147755,0.058008562773466,0.025635616853833,0.0018151041585952,-0.042956046760082,-1.2017735571135e-06,0.020710024982691,-0.012884141877294,-0.0031828007195145,-0.0020367777906358,-0.049061413854361,0.017830340191722,0.042800813913345,0.018007224425673,0.0047913659363985,-0.0085812276229262,0.0013828570954502,-0.04131231829524,0.020539658144116,-0.017439242452383,-0.0099920248612761,0.037647124379873,0.022089999169111,0.0059042596258223,-0.049963556230068,-0.035913500934839,0.010865000076592,-0.014849118888378,0.033157024532557,-0.027878537774086,0.015297404490411,0.0047209123149514,0.00064078695140779,-0.026554964482784,0.0076044355519116,-0.003417591098696,-0.010805131867528,0.0018094959668815,-0.0082488851621747,0.036140169948339,0.0088138114660978,-0.019959408789873,0.0096369329839945,-0.026374874636531,0.0083549879491329,0.021143946796656,-0.047118920832872,0.028105095028877,-0.036264568567276,0.00076748622814193,-0.015584200620651,-0.0068265101872385,0.035987451672554,0.098385691642761,0.02366335131228,-0.0070216376334429,0.008124940097332,0.052918661385775,-0.0026216732803732,0.0005674171843566,0.035938557237387,0.017835829406977,0.013289683498442,-0.027331385761499,-0.011436906643212,-0.021677576005459,-0.0059264148585498,-0.016260072588921,0.017671946436167,-0.024049567058682,0.025900794193149,-0.034503191709518,-0.018005067482591,0.0042393179610372,-0.0025658560916781,0.0057179261930287,-0.019832786172628,-0.034387562423944,-0.041018579155207,-0.0070455479435623,0.012170906178653,-0.044114973396063,-0.0062214434146881,-0.011451477184892,0.065396279096603,-0.017998419702053,-0.019645795226097,0.014400820247829,0.042646188288927,-0.010411779396236,0.017749115824699,-0.013847958296537,-0.033416375517845,0.024482084438205,-0.027156537398696,0.0093450704589486,-0.006613458506763,0.028550734743476,-0.0048430259339511,0.032885573804379,-0.001413217629306,-0.023321125656366,-0.0031994304154068,0.0015960824675858,0.024305857717991,-0.031027453020215,0.01433579903096,0.021335635334253,0.018624907359481,0.011394180357456,0.034958157688379,0.014934457838535,-0.03588979691267,-0.021815419197083,-0.03709177300334,-0.035593867301941,-0.0082505587488413,0.02531030960381,-0.0015173684805632,0.01847412250936,0.020341411232948,0.035631157457829,0.011840315535665,0.03504217416048,-0.027664348483086,-0.02215120755136,0.042355913668871,0.027860622853041,0.0047985133714974,-0.032948303967714,-0.061307158321142,-0.01674622297287,0.015231627039611,-0.035359885543585,-0.0083308322355151,0.040232021361589,-0.033685695379972,-0.031550150364637,0.0032341806218028,-0.025528095662594,0.0054281782358885,0.041450664401054,0.022844122722745,0.034813474863768,-0.032178781926632,-0.010584023781121,-0.0083663538098335,-0.015830840915442,0.021470353007317,0.015482756309211,-0.024137936532497,-0.013139052316546,-0.031406290829182,0.014831542037427,-0.011827665381134,0.048499163240194,0.0055230213329196,0.0099283596500754,0.04800483956933,-0.014984381385148,-0.02125346288085,-0.014130374416709,-0.044406820088625,0.00089424249017611,-0.022537924349308,-0.017149046063423,-0.020024469122291,0.0010494767921045,-0.0037128985859454,-0.0071802064776421,0.02867634780705,0.022550413385034,0.0054924106225371,0.019918788224459,0.027945853769779,0.033298205584288,-0.017300747334957,0.0048266379162669,0.0055416510440409,0.0044039883650839,0.057443387806416,0.0011156138498336,0.048889003694057,-0.031261429190636,0.0020293325651437,-0.023230997845531,-0.04766483977437,0.042645651847124,-0.00085558829596266,-0.026661032810807,0.081300638616085,-0.017382780089974,0.0068993577733636,-0.0069286888465285,0.030828753486276,-0.01258797571063,-0.015675880014896,-0.058564238250256,0.031456891447306,0.014372664503753,0.011334492824972,0.014429501257837,0.011532260105014,0.026838343590498,-0.033409703522921,-0.020409757271409,0.03018089197576,0.026988603174686,0.0012581367045641,0.0084385061636567,-0.038505133241415,-0.047313466668129,0.03843055665493,0.0038087726570666,-0.026848247274756,-0.014235594309866,-0.010367308743298,0.014190726913512,0.048454146832228,-0.00020509738533292,-0.022305754944682,0.0091704810038209,0.029828932136297,-0.0015393996145576,0.0014997674152255,-0.027148494496942,0.039535008370876,0.02239546738565,0.016729777678847,0.019646566361189,0.034741543233395,0.0071159168146551,0.018985908478498,0.0048901867121458,-0.040198806673288,0.00089087331434712,-0.038845390081406,0.022898841649294,0.019188288599253,-0.013024344108999,-0.013744057156146,0.013659968972206,0.024586776271462,-0.017744967713952,-0.045778259634972,-0.033708598464727,-0.010920160450041,0.027970958501101,0.0052426704205573,-0.00019753933884203,0.0016872312407941,-0.053349055349827,-0.01576922647655,-0.029719971120358,-0.030972093343735,-0.00835454557091,0.027581300586462,-0.010228045284748,0.027617229148746,-0.015167571604252,0.013643382117152,-0.023247770965099,0.0013881142949685,-0.015101690776646,-0.018199106678367,-0.0060116411186755,0.0035478344652802,-0.015687750652432,0.0051493286155164,0.01901626214385,-0.026370150968432,0.028756108134985,0.017201034352183,-0.042733412235975,0.013182328082621,0.0064288284629583,-0.035487059503794,-0.036031674593687,0.020649939775467,0.038123328238726,-0.032931782305241,-0.029628504067659,-0.0072094961069524,-0.01291052531451,-0.013812963850796,0.014654182828963,0.028589457273483,0.034974981099367,-0.010126180946827,0.035143036395311,0.047344893217087,0.0084015363827348,-0.036392852663994,0.028889525681734,-0.025379406288266,-0.0014569602208212,-0.0099549097940326,-0.013051844201982,-0.029213227331638,0.019292211160064,-0.0044882381334901,0.032580226659775,0.034455023705959,-0.0098492158576846,-0.034300405532122,0.018247976899147,0.018014287576079,-0.028872642666101,-0.013787936419249,-0.017563989385962,0.022469092160463,0.03037104010582,0.0076469262130558,-0.040002822875977,0.023848008364439,-0.0066164438612759,-0.027415879070759,-0.022969560697675,-0.022423336282372,0.012272072024643,0.011768272146583,0.035136580467224,-0.028489585965872,0.034646470099688,0.0099491868168116,0.02371222525835,-0.0084781888872385,0.013084589503706,0.0069217095151544,0.031223142519593,-0.021497724577785,-0.0050335843116045,0.039961405098438,0.01193237118423,-0.0099068898707628,-0.023348104208708,0.04766034334898,0.0033611794933677,0.029645195230842,0.0015392018249258,-0.023586748167872,0.0040817800909281,-0.010931712575257,0.020261881873012,-0.019762560725212,-0.021190600469708,0.045334555208683,-0.00098539877217263,0.010470695793629,-0.031910516321659,-0.026145732030272,0.026912171393633,-0.0062835440039635,0.011450188234448,-0.0058489814400673,-7.8140627010725e-05,0.0031888415105641,-0.032257989048958,0.014305962249637,-0.038348466157913,-0.0053977072238922,0.031866606324911,-0.0075597516261041,0.045813798904419,0.0041450127027929,0.020240247249603,-0.06552305072546,0.018700594082475,0.0023214831016958,0.0051101497374475,-0.031643636524677,0.050922490656376,0.036099545657635,0.014952091500163,-0.017665538936853,0.057925961911678,0.045012518763542,0.051840145140886,-0.028065154328942,-0.015789089724422,0.055741682648659,0.0069650034420192,0.0096437763422728,-0.0072900890372694,0.022565865889192,-0.00024574718554504,0.006198784802109,0.00062056799652055,-0.00052625004900619,0.01997658982873,-0.020824775099754,0.0034189946018159,-0.012080856598914,0.026741085574031,-0.031148981302977,-0.022442910820246,0.010069366544485,-0.0014864257536829,0.018244182690978,-0.023909410461783,-0.019630663096905,0.0039029966574162,0.010878128930926,-0.0052030342631042,-0.0035261670127511,-0.024184092879295,-0.019923781976104,-0.0016888200771064,0.0070901978760958,0.034708224236965,-0.023296669125557,-0.043485835194588,-0.012509706430137,0.0035919842775911,0.026722928509116,-0.0032833630684763,-0.0069892662577331,0.033535588532686,0.018815306946635,-0.036792457103729,0.001108736381866,-0.012367736548185,0.02866886369884,-0.035120032727718,-0.02818931825459,-0.0207191221416,-0.011298419907689,-0.030019616708159,-0.030858492478728,-0.0051245833747089,-0.018699202686548,0.014818524941802,0.0023793624714017,-0.025556776672602,-0.0042088041082025,0.036833077669144,0.016224468126893,-0.0040152850560844,0.028023423627019,0.0080771306529641,-0.024781364947557,-0.033918876200914,-0.0057490621693432,-0.032825827598572,0.0080830594524741,-0.024432415142655,0.016703814268112,-0.03539315611124,0.030159244313836,-0.052195232361555,-0.027843529358506,-0.010222903452814,-0.015980733558536,0.023312427103519,0.0034557403996587,-0.011417250148952,0.020957136526704,0.020675286650658,0.0075951488688588,0.026573719456792,-0.012380527332425,-0.0013229643227533,0.0068206456489861,0.0069020902737975,-0.016198685392737,-0.0015558616723865,0.022444957867265,0.019448332488537,0.010003029368818,0.0061152540147305,-0.013785902410746,-0.028793875128031,-0.011940062046051,0.00069072743644938,0.0083240801468492,-0.034481771290302,-0.0088402489200234,-0.0087242526933551,0.020456528291106,-0.023799506947398,-0.0085373567417264,0.016098920255899,0.025272065773606,0.025511499494314,0.040914095938206,0.028817778453231,0.0059120478108525,-0.014925473369658,-0.03587169572711,0.017669701948762,0.0076360073871911,-0.017889617010951,0.01706188172102,-0.0089674135670066,0.026211343705654,0.042921256273985,-0.02335300296545,-0.012096009217203,0.014199380762875,-0.0029602451249957,-0.021913098171353,0.034030150622129,-0.0014917994849384,0.014535731635988,0.022236134856939,-0.027315445244312,0.0011110188206658,0.022533824667335,0.021877782419324,0.010723791085184,-0.028818575665355,0.018642824143171,0.0045983577147126,-0.0018326150020584,0.00064945145277306,0.0043190009891987,0.055885579437017,0.0045936177484691,-0.00043885098421015,0.022254848852754,0.039216373115778,0.013388907536864,-0.014492375776172,-0.038589622825384,-0.0094586806371808,-0.036400977522135,0.0038945933338255,-0.024850845336914,0.018699072301388,0.025405606254935,0.014012603089213,-0.0068749585188925,0.037373188883066,0.013350156135857,0.018542435020208,-0.035067811608315,-0.02431189827621,-0.0011760633205995,0.026059536263347,0.01881380751729,-0.043823655694723,-0.066178388893604,-0.015189617872238,0.010609904304147,0.026770867407322,0.035096377134323,-0.012925796210766,-0.002452677115798,0.015403098426759,-0.012381007894874,-0.050766639411449,-0.0071810209192336,0.0087063414976001,0.030712805688381,0.01672207005322,-0.015750642865896,0.0080719087272882,-0.022878184914589,-0.02134120464325,-0.0017489072633907,-0.0081449933350086,0.0066568721085787,-0.024270532652736,-0.022362239658833,0.0049768188036978,-0.03769601136446,0.046328704804182,0.013645628467202,0.01467255782336,0.034429166465998,-0.0071546318940818,-0.0017081591067836,-0.021895430982113,-0.015822615474463,0.017801687121391,-0.015866231173277,-0.019404007121921,0.0038753014523536,0.021808564662933,0.020618751645088,-0.024110438302159,0.0081863151863217,-0.016844894737005,0.014343567192554,0.034237142652273,0.022471142932773,-0.0094099612906575,-0.030996980145574,0.044619042426348,-0.022217325866222,-0.017630832269788,-0.011745490133762,0.021643821150064,0.033467575907707,0.015300133265555,-0.0021991850808263,-0.030497286468744,-0.041547033935785,-0.014534949325025,0.016651432961226,0.01323605235666,-0.013720970600843,-0.0028734754305333,0.026101280003786,0.019911892712116,0.022762654349208,-0.022695455700159,0.026227248832583,0.042131204158068,0.01811483874917,0.035625696182251,-0.010558182373643,0.0059197400696576,-0.0078574027866125,-0.0016259690746665,0.017855076119304,0.0038953362964094,-0.0046699210070074,0.024662684649229,-0.0025089699774981,0.025220764800906,0.020121643319726,0.02959705889225,0.072205074131489,0.0015757590299472,-0.033123698085546,-0.029236020520329,0.045246414840221,0.010751518420875,-0.011055278591812,0.052446566522121,0.098333068192005,-0.018403200432658,-0.028882911428809,0.029668401926756,0.057507734745741,0.029864776879549,0.018516799435019,-0.019645538181067,0.073493748903275,-0.040715169161558,-0.010916597209871,0.016420692205429,0.016693525016308,0.02880228869617,0.032119281589985,-0.03164154663682,-0.0089118182659149,0.013150551356375,0.014726002700627,0.062436796724796,0.034541867673397,-0.014857295900583,-0.015792816877365,-0.032038595527411,0.014428260736167,0.0076848627068102,-0.051997400820255,-0.037106357514858,-0.034381918609142,0.042960301041603,0.049412980675697,0.041203688830137,0.027594881132245,-0.01937404088676,-0.0085017299279571,0.033481575548649,0.012022247537971,0.0037374245002866,-0.016488146036863,0.063403271138668,0.043934360146523,-0.0087910359725356,-0.00080747675383464,0.019891640171409,0.03938141092658,0.036857649683952,0.026787249371409,-0.0084779253229499,-0.0070221885107458,0.006373084615916,-0.032975301146507,0.032087489962578,0.035161942243576,0.016912885010242,-0.009137874469161,-0.018355151638389,0.03313347324729,0.025742078199983,0.0093826977536082,0.019549248740077,-0.020967630669475,0.016553901135921,-0.035594150424004,-0.017049936577678,0.01935014128685,0.077900074422359,-0.032855421304703,-0.017992665991187,-0.065251991152763,-0.0088668642565608,0.046599149703979,-0.01161727309227,-0.014174541458488,0.0077386638149619,0.0098758395761251,-0.061160296201706,-0.060424976050854,0.019578009843826,-0.017964148893952,0.034574549645185,0.025827527046204,0.038588110357523,0.017100688070059,0.013290739618242,-0.014597774483263,0.038817521184683,0.030004663392901,-0.0043841041624546,0.0070184576325119,0.017449194565415,-0.010078797116876,0.0067456937395036,0.0041647222824395,-0.051083531230688,-0.011514156125486,0.038552466779947,0.0019744210876524,0.055607613176107,0.015273968689144,0.032119739800692,-0.012912649661303,-0.071924038231373,-0.02825491130352,-0.0054576974362135,0.016243582591414,0.024890201166272,0.017175940796733,-0.033342760056257,0.0050388961099088,-0.02009210921824,-0.041250519454479,0.03028673492372,-0.063463553786278,0.071193464100361,-0.014188157394528,-0.037199832499027,0.036225061863661,0.086627833545208,0.016087299212813,0.013953424058855,-0.02657807059586,0.018623661249876,0.017365207895637,-0.036406148225069,0.022498335689306,-0.10891108214855,-0.041751943528652,-0.02842135541141,0.0080036213621497,0.0093949064612389,0.025589667260647,-0.01296802982688,-0.024124540388584,0.021696200594306,0.035218972712755,-0.0060848891735077,-0.0099861873313785,-0.050388183444738,-0.010959341190755,0.01423330232501,-0.027097348123789,0.023928921669722,0.0069307829253376,0.021834937855601,-0.014409290626645,0.023675518110394,-0.0025283023715019,0.01757238805294,0.027305858209729,-0.020319161936641,0.0016123375389725,-0.0028567693661898,0.019116220995784,0.033168938010931,0.0049327202141285,-0.014212203212082,-0.037156790494919,-0.022897915914655,-0.013309131376445,-0.038114301860332,0.0072179948911071,-0.012070056982338,-0.0050958320498466,-0.029287215322256,0.024383964017034,0.021469704806805,-0.018059778958559,-0.0059003955684602,0.044707044959068,-0.027684068307281,-0.0097190104424953,0.014861152507365,0.030171610414982,0.032044641673565,-0.037499960511923,-0.035907492041588,0.019907919690013,0.014289525337517,0.025003844872117,-0.0015550869284198,-0.067066870629787,0.069925867021084,0.038620509207249,0.026241784915328,-0.012756800279021,0.0019323363667354,0.041916076093912,-0.025987640023232,0.027994470670819,-0.0299898609519,0.00040412382804789,0.028636954724789,-0.016679186373949,-0.011631213128567,-0.02627264522016,0.040028631687164,0.010324222967029,0.032297443598509,0.022413427010179,0.06097448989749,-0.040831118822098,0.022727666422725,0.023933293297887,-0.049390852451324,-0.001002567820251,-0.0082283681258559,-0.0001476908364566,0.030701741576195,-0.033083364367485,-0.00498559884727,0.011999734677374,0.055494666099548,0.0037889529485255,-0.031570944935083,-0.0093127796426415,0.0040467376820743,-0.029224472120404,0.0014167679473758,0.0099348975345492,-0.052619080990553,0.015658667311072,0.00050866510719061,0.04386318847537,-0.010132615454495,0.044089633971453,-0.0053659002296627,0.030071513727307,-0.017151968553662,-0.043656401336193,0.023199139162898,0.056278973817825,-0.014007868245244,0.057442173361778,0.012675778008997,-0.026320736855268,0.0019157954957336,-0.023925337940454,-0.025097226724029,0.01377212908119,0.09059602022171,0.016111243516207,-0.032743360847235,0.017928838729858,0.0048078745603561,-0.039636850357056,0.030343603342772,0.0017102180281654,-0.037509597837925,-0.024574149399996,-0.024173067882657,-0.023886229842901,0.035893477499485,-0.016305185854435,-0.032292563468218,0.10532989352942,-0.05488159134984,-0.01796786673367,-0.03077651374042,0.025072148069739,0.0088677750900388,0.024767406284809,-0.018236646428704,0.02168988995254,0.074384145438671,-0.029926650226116,0.0070273103192449,-0.039962310343981,-0.034419517964125,0.057692311704159,-0.021937631070614,0.054523766040802,-0.020715303719044,0.044660795480013,-0.01484549138695,-0.0165761616081,0.009120911359787,-0.0025606260169297,0.0047494238242507,-0.026099881157279,0.046802323311567,0.01529797911644,-0.022002007812262,-0.0010121972300112,0.0019896051380783,-0.020780837163329,0.056877948343754,0.013127924874425,-0.0011865887790918,0.014211378060281,-0.00411232188344,0.046504557132721,-0.05312629789114,-0.0042674588039517,-0.024839190766215,0.025368882343173,0.10596999526024,-0.021952820941806,-0.046385645866394,0.018824366852641,-0.045232314616442,0.025007363408804,-0.062722004950047,-0.022642377763987,-0.013772978447378,-0.016644574701786,-0.038960680365562,0.038301337510347,-0.02875267714262,0.015250166878104,-0.017699660733342,0.041632182896137,0.010369341820478,0.020866457372904,-0.028278155252337,0.018116695806384,0.029845051467419,0.0034648445434868,-0.0038350098766387,0.04787416011095,0.005530861672014,0.022764848545194,-0.031546793878078,-0.022577207535505,-0.019700467586517,-0.011528906412423,0.023443344980478,-0.026524975895882,0.032806437462568,0.025251150131226,0.0085769100114703,0.031665492802858,0.033423203974962,-0.0018043419113383,3.971630212618e-05,-0.00026162641006522,0.0016075412277132,-0.018007317557931,0.0026472189929336,-0.018269727006555,0.0039927773177624,-0.034007105976343,-0.035951904952526,-0.0012271858286113,0.024995785206556,-0.010723860003054,0.015016673132777,0.0011916452785954,0.027099592611194,0.032778047025204,0.013497018255293,-0.010257826186717,0.015047499909997,-0.0020266105420887,-0.028063006699085,-0.0046951891854405,-0.00067828415194526,-0.03810653090477,0.010476462543011,-0.0042568203061819,0.037229642271996,0.028756393119693,0.028813753277063,-0.023798003792763,0.012062977068126,-0.035999525338411,0.010468433611095,0.033125746995211,-0.012064965441823,0.023090574890375,0.032949030399323,-0.0052420985884964,-0.030169235542417,0.03180268406868,0.015013631433249,-0.019905073568225,0.014920387417078,0.014179900288582,-0.0088370973244309,-0.021455764770508,0.030797677114606,-0.013990805484354,0.026878880336881,-0.024114923551679,0.013540521264076,0.023393291980028,-0.026600956916809,0.0069667561911047,0.036205545067787,0.012959202751517,-0.026100708171725,0.022491071373224,0.026114817708731,-0.019413694739342,0.013981146737933,-0.0057583716697991,0.033765371888876,0.01025356631726,-0.025421464815736,-0.0031995957251638,-0.0327621512115,0.019977211952209,0.0017097509698942,-0.030955938622355,0.018901184201241,-0.021726777777076,0.028001291677356,-0.034408539533615,-0.024503098800778,0.011229508556426,-0.015082037076354,0.025509051978588,-0.010045383125544,0.037200640887022,-0.033748153597116,-0.017654253169894,0.0017211748054251,0.035888496786356,-4.6465600462398e-05,0.0023959106765687,0.036857463419437,0.012301815673709,0.029007917270064,-0.017701422795653,-0.034353483468294,0.008991071023047,-0.029479268938303,-0.013395313173532,0.034563843160868,-0.013298414647579,-0.0093676289543509,0.025919917970896,-0.013450377620757,0.0057485555298626,0.021764678880572,0.01237281318754,-0.030017169192433,-0.026333902031183,0.03000427596271,-0.021365081891418,-0.00021075821132399,-0.027704054489732,0.019370635971427,0.0081478394567966,-0.0070838355459273,0.015609547495842,-0.0088365003466606,-0.018613744527102,0.025621611624956,-0.016797885298729,0.018750740215182,0.010695961304009,0.011541561223567,-0.018755314871669,0.023661233484745,-0.011325654573739,-0.032011348754168,0.031017247587442,-0.0017314768629149,-0.01747553050518,0.02737495675683,-0.010870336554945,0.0047253770753741,-0.011132136918604,-0.03415272384882,-0.03454015776515,-0.030958017334342,0.013215322047472,0.021695423871279,-0.034459628164768,-0.029467433691025,0.03481874242425,0.029804483056068,0.028195429593325,-0.016947792842984,-0.015028703026474,-0.0096279177814722,-0.024899644777179,0.027956910431385,-0.018015291541815,-0.02404048666358,0.029740381985903,-0.010891846381128,0.033821124583483,-0.014275727793574,0.020213158801198,-0.01749580539763,0.021241156384349,-0.016937086358666,0.017930790781975,-0.0025803628377616,-0.032436583191156,-0.027048829942942,0.023552272468805,-0.015355122275651,-0.035464376211166,-0.0020967228338122,-0.0064438399858773,0.014891607686877,0.0079028522595763,0.0034108741674572,0.0060873017646372,-0.012717968784273,0.032458011060953,0.032929141074419,-0.021130632609129,-0.021442117169499,-0.030747592449188,0.020157558843493,-0.0041525503620505,0.016911646351218,0.012622723355889,0.0035364734940231,0.018754899501801,0.015810038894415,0.029160721227527,0.019691215828061,-0.034996688365936,0.02709892578423,0.011170784942806,-0.028645431622863,0.032478872686625,-0.012216502800584,0.012118429876864,-0.022398771718144,0.034074518829584,-0.0096588619053364,0.013578109443188,0.037294927984476,-0.0055369804613292,0.0002224874770036,0.019033282995224,0.0049936436116695,0.038752224296331,0.029480529949069,-0.011379646137357,0.011005133390427,0.011739694513381,-0.0041893403977156,-0.03173715621233,-0.0058046234771609,-0.0072299428284168,-0.030019942671061,-0.0010139454388991,0.040016748011112,0.038324989378452,0.012824723497033,-0.027623940259218,-0.002434188965708,0.025480868294835,0.015915347263217,0.034444820135832,-0.024788148701191,-0.0088817309588194,0.0039442973211408,-0.0024585658684373,0.019887927919626,0.028081681579351,0.026396049186587,-0.020455816760659,-0.015696140006185,0.022510489448905,0.016895901411772,-0.0032978970557451,-0.010034657083452,0.025390924885869,-0.0045482111163437,0.037473015487194,-0.030177734792233,0.0094243865460157,0.008318698965013,0.01791993714869,0.0068066813983023,-0.024064745754004,-0.026662275195122,0.029070448130369,-0.011160677298903,-0.0025995234027505,-0.00066300894832239,0.020964546129107,0.0063167186453938,0.019340010359883,-0.0053966790437698,-0.015963178128004,-0.00060050672618672,0.0349375680089,0.028013555333018,0.0096092289313674,0.020635280758142,0.028897987678647,0.030606428161263,-0.013806388713419,0.026267921552062,-0.032667562365532,0.014720313251019,-0.02721338160336,0.033172391355038,0.030801033601165,-0.0074328826740384,0.010342748835683,-0.017425874248147,-0.0044427802786231,-0.025439538061619,-0.0055222930386662,0.020522564649582,-0.0056667379103601,-0.023664871230721,0.014746671542525,0.030334597453475,0.030976409092546,-0.0090097645297647,-0.012840817682445,-0.035991620272398,-0.00993337854743,-0.015717899426818,-0.013896989636123,-0.0020865318365395,-0.034793082624674,-0.029473764821887,0.034973703324795,0.014488255605102,0.035201225429773,0.003543347120285,0.016856215894222,-0.027767328545451,0.00039265441591851,0.015869710594416,-0.0048777172341943,0.011713357642293,0.029485568404198,0.031288623809814,-0.029666271060705,0.0021639589685947,-0.018703302368522,-0.024606889113784,-0.027905812487006,-0.031099878251553,-0.014561356045306,-0.020769707858562,0.031286142766476,0.029131276533008,0.025806507095695,0.0017720274627209,-0.010797222144902,0.028104223310947,-0.019176824018359,0.029122920706868,0.018723277375102,-0.019254792481661,-0.023702997714281,0.019736424088478,0.021578038111329,0.0031613982282579,-0.0036453602369875,0.0092970812693238,-0.031343773007393,0.0007148923468776,-0.021864047273993,-0.0072392588481307,0.014784405939281,-0.026106225326657,0.0010200217366219,0.0031044234056026,0.0052053821273148,0.010669958777726,0.0098598152399063,-0.033800717443228,-0.031451430171728,-0.0029985539149493,-0.029422340914607,0.035762891173363,-0.028426427394152,-0.034695990383625,-0.00082375772763044,0.015067362226546,-0.028866017237306,-0.0071886302903295,-0.02422065474093,0.03886891528964,-0.010296851396561,0.0073290839791298,0.0018171179108322,0.034271217882633,0.035792652517557,0.00049862661398947,-0.028349343687296,0.025673748925328,-0.013822232373059,-0.027517907321453,0.012384712696075,-0.012296172790229,0.028757089748979,-0.027410447597504,0.018354488536716,0.017157208174467,0.03845551609993,0.0050840592011809,-0.03289245441556,0.035897735506296,-0.0080665955320001,0.033770624548197,-0.010319454595447,0.0068119936622679,0.012866009958088,-0.027096420526505,0.0079213110730052,-0.027062302455306,-0.011839043349028,0.043317791074514,-0.0074713374488056,-0.019699843600392,0.010567958466709,0.011435011401772,0.00072950357571244,0.018371753394604,-0.036215960979462,-0.0067306137643754,-0.0092550190165639,-0.013802222907543,0.020670440047979,0.0051565570756793,0.014165897853673,0.026456452906132,0.0043422072194517,-0.0084946267306805,0.016420528292656,-0.023113742470741,-0.035935319960117,0.026407914236188,0.034786030650139,-0.026303838938475,0.016205836087465,-0.031483758240938,0.027861416339874,0.01702774502337,0.032910987734795,0.014848979189992,-0.0017355618765578,-0.008462717756629,0.0124841183424,-0.00555040827021,-0.020713869482279,-0.0016678274841979,0.0074381679296494,-0.03739133477211,-0.030126864090562,-0.043929476290941,-0.0059318710118532,-0.027271617203951,-0.0041255773976445,0.015074647963047,-0.016563629731536,0.015443860553205,-0.02372533082962,-0.009285856038332,-0.0032448878046125,-0.0020376511383802,-0.0023510605096817,-0.023714262992144,-0.024676073342562,0.035422220826149,0.0040384563617408,0.0034834768157452,-0.017810987308621,-0.019507877528667,-0.0082583231851459,0.017244333401322,-0.023705398663878,0.039207555353642,0.022266563028097,0.0059156599454582,-0.010231275111437,-0.0078286593779922,0.00028330195345916,0.025615889579058,0.037070143967867,0.028093531727791,0.031044026836753,-0.037236347794533,-0.017703119665384,0.020466150715947,0.019884316250682,-0.027581868693233,-0.028794215992093,-0.020439898595214,-0.02296819165349,-0.013921961188316,-0.0068400977179408,-0.028841441497207,0.0043292380869389,-0.011272709816694,-0.030762307345867,0.032912619411945,0.0025201407261193,-0.038900267332792,0.011010925285518,-0.0071253487840295,-0.00010843130439753,-0.0058583091013134,0.020298574119806,-0.013394542969763,0.0092044351622462,0.044764366000891,0.00044568913290277,-0.034680239856243,0.021684393286705,0.0065238010138273,0.0097112273797393,0.005209144204855,0.023551618680358,-0.018143005669117,-0.026352420449257,-0.01945173740387,0.0094116404652596,0.034967701882124,-0.031708933413029,-0.029369208961725,0.003364875447005,0.00088598486036062,0.0011734378058463,-0.016127690672874,0.021578026935458,-0.022430416196585,0.0085183968767524,-0.0032371333800256,0.015703655779362,0.019202904775739,0.030565273016691,-0.029875822365284,0.0013506325194612,0.029646340757608,-0.018268255516887,0.010886336676776,0.032636340707541,-0.03274691849947,0.0053099505603313,0.0073882336728275,0.021993445232511,0.0018367368029431,0.026358662173152,-0.02498185262084,-0.02107754163444,-0.022684775292873,-0.0025728335604072,0.027709105983377,-0.0059641012921929,0.038950625807047,-0.00073975435225293,0.038535259664059,0.027771528810263,-0.0086901877075434,0.018835620954633,-0.010222636163235,0.020465100184083,0.027098264545202,0.014226854778826,0.013108117505908,0.017276113852859,-0.030130906030536,0.020994806662202,0.037448562681675,-0.027316255494952,0.0051585049368441,-0.013316314667463,-0.0041303485631943,0.022791566327214,0.021893240511417,-0.023391561582685,0.021492514759302,0.0064499913714826,0.025218617171049,-0.021977366879582,-0.0080410605296493,0.0053805243223906,-0.0023935539647937,0.0092006726190448,-0.013399781659245,-0.018456041812897,0.018049199134111,0.019080445170403,0.0065306173637509,0.014669158495963,-0.012799534015357,0.0032455094624311,-0.027367336675525,0.02035104110837,-0.026105530560017,0.031402070075274,-0.007336625829339,0.038143657147884,0.024696396663785,-0.025179898366332,-0.030692612752318,-0.012915353290737,0.015991752967238,0.0047695636749268,-0.029074525460601,-0.034498590976,-0.035792145878077,-0.009561694227159,0.03376080095768,-0.0071555855683982,-0.0017634721007198,-0.02513194642961,-0.001910220249556,0.0034847743809223,0.02129434235394,-0.024800015613437,-0.0033647131640464,-0.012622396461666,0.028946055099368,-0.0022460981272161,-0.027653368189931,-0.025014502927661,0.022369274869561,-0.012248878367245,0.03042302466929,0.021182676777244,0.03273805975914,-0.030732015147805,0.018858272582293,0.0077277976088226,0.019010253250599,-0.027196062728763,0.032643120735884,-0.022475538775325,0.0062082316726446,0.011674809269607,-0.032773289829493,-0.02776856161654,0.040274664759636,-0.023974226787686,-0.01450905110687,-0.022437389940023,-0.0086301667615771,0.0013078365009278,-0.011321848258376,-0.015590293332934,-0.031035337597132,0.0078595262020826,-0.011112496256828,-0.016336591914296,0.012535396032035,0.0097872829064727,-0.01151046808809,-0.025089763104916,-0.0040228175930679,-0.015353047288954,-0.022112868726254,-0.015414926223457,-0.013514737598598,-0.031964607536793,0.0033135286066681,0.011790142394602,-0.019516434520483,-0.023423822596669,0.018934927880764,0.018155543133616,-0.023477237671614,0.011693173088133,0.026697646826506,0.027350792661309,0.02551936917007,0.0022616256028414,0.026033308357,0.013530006632209,0.024055304005742,0.027370743453503,0.038325037807226,0.03289170563221,0.029788067564368,0.011953050270677,0.00085098133422434,0.027637841179967,-0.012428553774953,0.012354957871139,0.027546375989914,-0.0072128316387534,0.016433699056506,0.033696133643389,-0.026729714125395,0.0084964744746685,0.015937672927976,-0.02346270903945,0.019817670807242,0.0013895811280236,0.013949654065073,-0.012163986451924,-0.00027770179440267,0.0052136038430035,0.035503551363945,-0.031014241278172,0.030276838690042,-0.017692904919386,-0.020938578993082,-0.022160531952977,0.032875258475542,0.031562943011522,0.0038493988104165,-0.020777540281415,0.018291741609573,0.030262112617493,0.018613714724779,0.023358218371868,0.022495590150356,-0.029495107010007,0.031565926969051,0.016092559322715,-0.019688924774528,0.0072212144732475,-0.023854998871684,0.0077593317255378,-0.02636488340795,-0.0081120878458023,0.0028444773051888,0.022395227104425,-0.01918426528573,0.0081611834466457,0.014597604982555,-0.034828681498766,0.034310862421989,0.0054448461160064,0.039437960833311,0.020777139812708,0.012698840349913,0.022166512906551,0.023653741925955,-0.025091739371419,0.016792412847281,-0.0012289562728256,-0.017129791900516,0.015482329763472,-0.043084714561701,0.026568610221148,-0.03476819768548,-0.01596805267036,-0.0053598936647177,-0.025728810578585,-0.0034348901826888,-0.013270531781018,0.02934817224741,-0.012298286892474,-0.010948937386274,0.021333061158657,-0.014469003304839,0.017103541642427,-0.029988057911396,-0.035343386232853,0.01391173619777,0.03531302139163,0.038777384907007,-0.037926148623228,-0.026237912476063,0.0043310131877661,0.012451373971999,-0.026964519172907,-0.040573470294476,-0.019801558926702,0.033574718981981,0.0092810047790408,-0.028093753382564,0.0039321379736066,-0.012207908555865,-0.043889343738556,-0.024078344926238,0.00082417938392609,0.0080570057034492,0.025752237066627,0.0038383293431252,-0.03921078518033,-0.028992544859648,-0.017101129516959,-0.002596651436761,-0.01179325953126,-0.038916941732168,-0.018041798844934,-0.027110883966088,0.0305580124259,0.017838867381215,-0.014871418476105,-0.0053355330601335,-0.0040693203918636,0.023564007133245,-0.0016619898378849,-0.029997577890754,-0.0033569869119674,0.024539420381188,-0.018001526594162,-0.028266709297895,0.0037038421723992,0.010391138494015,0.0048047830350697,-0.0088186813518405,0.035982679575682,0.014683852903545,-0.023291094228625,-0.015255630947649,-0.019243447110057,-0.0026127288583666,-0.033336188644171,0.01819908618927,0.03511780500412,0.028958199545741,0.033886406570673,0.010188735090196,-0.012008169665933,0.011058641597629,-0.028918977826834,0.025657968595624,0.010946393944323,-0.018879322335124,-0.0048634260892868,0.012279810383916,-0.0013307846384123,-0.015614748932421,0.0028184682596475,0.00050558603834361,-0.033568810671568,-0.016535582020879,0.0081924283877015,0.00080436916323379,0.02850354835391,-0.037089549005032,-0.003124238923192,-0.00862290058285,-0.0023721798788756,-0.0089862579479814,-0.012582613155246,-0.03643936291337,-0.041659239679575,0.012367212213576,0.012863401323557,-0.02897890843451,0.0014256766298786,-0.036075793206692,0.024582501500845,0.027756134048104,0.013313588686287,-0.021429587155581,-0.027525404468179,-0.02310810610652,0.026239616796374,-0.005901490803808,0.0074757803231478,0.01679391041398,0.013852017000318,0.013704472221434,-0.017947087064385,-0.033327706158161,0.015516484156251,0.017802726477385,-0.021466774865985,0.017019825056195,-0.0054118363186717,0.0038857839535922,-0.031853474676609,-0.019258631393313,-0.011932761408389,0.01884937658906,-0.024349274113774,0.016304012387991,-0.014694002456963,0.0030007425229996,-0.028799099847674,-0.028384571895003,-0.0072154398076236,-0.045225195586681,0.0011003910331056,0.0031393838580698,0.032060336321592,0.02174879796803,-0.016786577180028,0.00076991313835606,0.014723177999258,-0.021667309105396,-0.022743739187717,-0.016830397769809,0.003577079391107,-0.026931302621961,-0.037876080721617,0.026054622605443,0.015799090266228,0.0079777492210269,-0.016139721497893,-0.0071271918714046,-0.038399793207645,-0.022734815254807,-0.034411959350109,-0.040235474705696,-0.021743230521679,0.025238700211048,-0.016321998089552,0.034965269267559,-0.004017477389425,0.015788773074746,0.01264834869653,-0.0064954003319144,0.02063418738544,0.030181998386979,-0.036586470901966,0.00057682901388034,0.012177677825093,0.0066445833072066,0.033740490674973,-0.024013940244913,-0.020925790071487,0.017171427607536,0.023706804960966,-0.028308497741818,-0.029065117239952,0.007509152404964,0.013938512653112,0.030909329652786,-0.0061897756531835,-0.03768503293395,-0.029477452859282,0.036641016602516,-0.032973349094391,0.026214091107249,-0.013692847453058,-0.0029631578363478,-0.037892822176218,0.040290612727404,0.017122570425272,-0.0017769205151126,-0.019889345392585,-0.015031575225294,-0.038972537964582,-0.012736019678414,-0.031395792961121,-0.016857005655766,-0.029666516929865,0.029603373259306,-0.010313999839127,-0.024878967553377,-0.028508469462395,-0.040317371487617,0.016719901934266,-0.0040689534507692,0.023200137540698,-0.021782457828522,0.023031895980239,-0.015756729990244,-0.034464783966541,-0.028162306174636,0.020476453006268,-0.018508302047849,-0.034400649368763,0.026903036981821,0.023809039965272,-0.035950846970081,-0.0083103338256478,0.011531081981957,-0.043567057698965,-0.014260279946029,-0.01474560238421,-0.02975682541728,-0.0084456298500299,0.0099399806931615,0.033129032701254,0.010629567317665,0.018528437241912,0.03508273884654,-0.0093684699386358,0.01390968170017,0.029177997261286,0.034992471337318,-0.02278596162796,-0.017269248142838,-0.029717037454247,-0.029346063733101,0.035294860601425,0.0019835170824081,-0.0064394408836961,-0.01543038431555,-0.037092890590429,0.017765391618013,0.024120761081576,-0.0093646300956607,-0.027393884956837,-0.03013707138598,0.027290383353829,-0.039376944303513,0.031301345676184,-0.037047330290079,0.032563030719757,-0.017668617889285,-0.034298032522202,0.015697330236435,0.009032835252583,0.023644912987947,0.0022808907087892,-0.024846885353327,0.0094954650849104,-0.032498273998499,-0.020303837954998,0.0023696960415691,0.032741535454988,0.014755856245756,-0.034180458635092,0.021791713312268,-0.034445442259312,-0.014219348318875,-0.011316440068185,0.013788716867566,-0.0089739980176091,-0.0091948434710503,0.022040328010917,-0.01325863879174,-0.017163824290037,-0.040560584515333,0.004476681817323,-0.034724909812212,-0.0005815887125209,0.0054392595775425,-0.011445749551058,0.015908697620034,-0.00049230683362111,0.012953064404428,0.0088847298175097,-0.02976006269455,0.00080436054849997,-0.0061875311657786,-0.0089694485068321,0.002614390803501,0.013919875957072,0.005235692486167,-0.020009627565742,0.0090378075838089,0.029584376141429,0.026575760915875,0.036893669515848,-0.010404815897346,-0.021984774619341,0.00024748034775257,-0.016475083306432,0.010035449638963,0.019602013751864,-0.036234099417925,0.0070855342783034,-0.028621912002563,0.026773445308208,-0.015777602791786,-0.0124083282426,-0.016970105469227,0.029179560020566,-0.00071664084680378,-0.017418900504708,-0.027647202834487,0.023725332692266,0.0067963982000947,0.034072414040565,-0.0058068442158401,-0.025646571069956,0.01526209153235,-0.047463420778513,-0.030651435256004,-0.0057673482224345,0.028235672041774,0.022429786622524,0.028862504288554,-0.01638182066381,-0.001540339901112,0.020862659439445,-0.011751762591302,0.0086285062134266,0.034922573715448,0.017793273553252,-0.01648087054491,0.03008652292192,0.012003025971353,-0.017994791269302,0.019813621416688,-0.020657056942582,-0.021911181509495,0.023373505100608,-0.0030993900727481,-0.017702778801322,0.026848815381527,-0.037365816533566,-0.038942608982325,-0.023644223809242,-0.020510915666819,0.0085311075672507,-0.034740041941404,0.0091780200600624,-0.028436671942472,-0.0063902409747243,-0.0035643728915602,-0.018801113590598,-0.0027525047771633,0.019332634285092,-0.035915218293667,0.0054218075238168,-0.0054528741165996,0.028748771175742,-0.0026718666777015,0.019454525783658,0.048422496765852,0.0093318233266473,0.019239243119955,-0.026271600276232,-0.030812282115221,0.017130132764578,0.0025413155090064,0.032423701137304,0.011731147766113,-0.0114461844787,0.0045910286717117,0.027540292590857,-0.028473565354943,-0.013415230438113,-0.014667836949229,0.024120012298226,-0.01472957059741,0.029438575729728,0.021701516583562,0.001162928994745,-0.0031563704833388,0.039006929844618,-0.020219745114446,-0.034205615520477,0.010470817796886,-0.01760620623827,0.0052262544631958,0.028882121667266,-0.032575063407421,0.004168666433543,0.044747527688742,0.026690978556871,-0.022612471133471,0.016761936247349,-0.0077658821828663,-0.0054486626759171,-0.0030352282337844,-0.00025165901752189,0.0093396818265319,-0.00016431912081316,0.042787805199623,0.033526267856359,-0.029563903808594,-0.034440547227859,0.020366629585624,-0.011562268249691,-0.042200285941362,-0.0031998814083636,-0.054953694343567,-0.0029704701155424,0.041586890816689,-0.019610602408648,-0.041344430297613,-0.048514887690544,-0.020733634009957,-0.0015677397605032,-0.0076448624022305,0.025382174178958,-0.016099758446217,-0.0069810370914638,0.036285698413849,0.015905836597085,-0.0083041498437524,-0.0036690086126328,-0.037251960486174,0.033448707312346,-0.0043949522078037,0.011096415109932,0.040310960263014,0.020969644188881,-0.029090259224176,-0.024866523221135,0.033876940608025,0.021470244973898,-0.009391762316227,0.032468177378178,-0.0095688067376614,-0.038650203496218,-0.042571898549795,-0.0047857146710157,-0.027815844863653,-0.033846613019705,0.021168572828174,-0.024078598245978,-0.0063300407491624,-0.022349951788783,0.025030720978975,-0.031205890700221,-0.0046256575733423,0.019214702770114,0.028275709599257,-0.025698935613036,0.028089016675949,-0.034169938415289,-0.046543460339308,0.012903412804008,-0.0098266741260886,-0.022219041362405,-0.032156769186258,-0.015527888201177,-0.01879570633173,-0.0065223122946918,0.011822844855487,-0.037728667259216,-0.038999680429697,0.025040913373232,0.047127991914749,-0.012148699723184,-0.028753768652678,0.0028219767846167,-0.033373020589352,-0.021433653309941,-0.019510060548782,-0.036913510411978,0.011208289302886,-0.015780186280608,0.017573347315192,-0.0037266302388161,0.0027660948690027,0.038841191679239,-0.027055555954576,-0.041516125202179,0.023457052186131,-0.037664938718081,-0.024682274088264,-0.013913006521761,0.035630658268929,-0.001687569427304,0.014454544521868,-0.0050124172121286,-0.011237374506891,-0.02328453399241,-0.012775234878063,0.036045968532562,-0.025751559063792,0.018951173871756,0.0008902883855626,0.018133953213692,0.014355790801346,-0.020427606999874,-0.063341490924358,-0.028553115203977,-0.031703997403383,0.012362306937575,-0.028720419853926,-0.0029500387609005,0.033358547836542,-0.016407243907452,0.011244229972363,0.022511528804898,0.014369491487741,-0.0045220465399325,0.024897297844291,-0.033302169293165,0.0081476578488946,0.0065359189175069,0.030375458300114,-0.017416095361114,0.024138234555721,0.034772645682096,0.0077204792760313,0.04228550568223,0.021658234298229,0.029459746554494,-0.02583871409297,0.028844155371189,-0.019138563424349,0.025246579200029,0.022837545722723,0.00042294198647141,-0.019849402830005,0.023501450195909,-0.0067215315066278,-0.026172179728746,0.029430342838168,0.025467123836279,-0.042874958366156,-0.04216930642724,0.015818018466234,0.023356916382909,0.01721927896142,0.0063190325163305,-0.040729064494371,-0.016391301527619,-0.022104168310761,-0.031829975545406,-0.025439318269491,-0.016364494338632,-0.043983582407236,0.021594952791929,-0.028516786172986,-0.028136359527707,-0.0088750366121531,-0.023160926997662,0.020019978284836,0.01695816591382,0.026885004714131,0.04726642742753,0.027208829298615,0.025701008737087,-0.030021345242858,-0.051942333579063,0.0036645454820246,-0.020657336339355,0.018742565065622,-0.0087956450879574,0.024474674835801,0.0058917189016938,0.012441656552255,-0.030122812837362,0.017693404108286,-0.0023695169948041,0.034806221723557,0.018230831250548,0.033041395246983,-0.00021440249111038,-0.016398292034864,-0.025576846674085,0.020181566476822,0.0077139786444604,0.024015827104449,-0.023610915988684,0.0039347065612674,0.017080316320062,-0.039524964988232,-0.027925934642553,0.033410053700209,-0.051591571420431,0.0051622786559165,0.0241913869977,0.0083085875958204,-0.03595719859004,0.0070946766063571,0.0085641602054238,-0.04543275013566,-0.018561350181699,0.014491720125079,-0.015781253576279,-0.027170807123184,-0.023399636149406,0.026483101770282,0.011276996694505,-0.025983367115259,-0.028368055820465,-0.018108686432242,0.014846883714199,0.012618567794561,0.0024074865505099,0.0036934481468052,0.011541578918695,0.008898152038455,-0.026176625862718,0.01171235088259,-0.019048782065511,-0.04721200466156,0.030223108828068,-0.011394082568586,-0.043834514915943,0.041389349848032,0.011443022638559,-0.0060019697993994,0.006106507498771,0.0046315570361912,-0.010044396854937,-0.039874978363514,0.015597025863826,-0.0055426796898246,-0.022679641842842,-0.039025291800499,-0.0073916576802731,0.0034173417370766,-0.0056150741875172,0.0064805466681719,-0.034511763602495,0.065442927181721,-0.0085087167099118,0.011961813084781,-0.023927761241794,-0.014024139381945,0.023019410669804,-0.027345042675734,0.017480315640569,-0.018675962463021,-0.0079026557505131,0.0073171015828848,0.0028210594318807,-0.014008772559464,0.043098922818899,0.067168310284615,0.034201215952635,0.010385313071311,0.018740840256214,-0.0053216624073684,0.014049955643713,0.029288500547409,0.017313668504357,-0.032472815364599,-0.0044056079350412,-0.026948098093271,0.0081716161221266,-0.024745898321271,0.012230537831783,-0.030406912788749,0.014239809475839,0.012772407382727,-0.016775563359261,-0.024458205327392,0.023042425513268,0.02625953964889,-0.036648940294981,0.01896134018898,-0.017591962590814,0.012995730154216,-0.0072770733386278,-0.029754610732198,0.012260908260942,0.034262515604496,0.04320016130805,-0.037178374826908,0.00058423588052392,-0.013805883005261,0.0050258478149772,-0.028279721736908,0.014118013903499,0.0069313910789788,-0.017794612795115,-0.034025263041258,0.020754629746079,0.0043203150853515,0.021214103326201,-0.032290618866682,-0.026278268545866,0.010676654055715,0.01139459758997,0.004985308740288,-0.023416187614202,0.0082280253991485,-0.019855292513967,-0.0033190906979144,-0.03218412399292,-0.044670294970274,0.026971600949764,-0.0034084734506905,0.032925829291344,-0.023988017812371,0.02749932743609,-0.029467981308699,0.0053535224869847,0.014940701425076,0.0083584291860461,0.021409597247839,-0.014596188440919,-0.016003027558327,-0.002439430449158,-0.014142518863082,0.04631968960166,-0.0090959500521421,0.030009796842933,0.0079148886725307,-0.021025869995356,-0.01422518864274,0.0017415563343093,0.034966498613358,0.02203750051558,-0.00075384345836937,0.0059653045609593,0.025877764448524,-0.032333448529243,0.020723393186927,-0.022637689486146,0.012540444731712,-0.034270744770765,0.040943875908852,0.0085000246763229,0.0086962273344398,0.0073062954470515,-0.027047391980886,-0.036199681460857,-0.0060356659814715,-0.0024386018048972,-0.035913314670324,-0.018366236239672,-0.073506280779839,-0.035336636006832,0.022926062345505,0.012101308442652,0.022700257599354,-0.0037043718621135,-0.032041639089584,0.029009202495217,-0.026299992576241,0.012966797687113,0.04066975414753,-0.0047259028069675,-0.021159583702683,-0.0051734601147473,-0.022840157151222,0.0018855257658288,-0.035680290311575,0.022984236478806,-0.038607064634562,0.02565935626626,0.029227748513222,0.0056497096084058,0.00093864410882816,0.01940730586648,-0.011321504600346,0.013499432243407,-0.012782496400177,0.002231776714325,0.0029835533350706,0.0048113889060915,-0.0090717626735568,-0.0014745069202036,-0.0055118482559919,0.008008929900825,0.025138285011053,0.028550382703543,-0.0025182713288814,-0.0069287116639316,0.0080502247437835,0.0058696484193206,0.0071921739727259,-0.027580240741372,-0.0027775666676462,0.020045226439834,-0.010392853058875,0.024750968441367,0.018061995506287,-0.020727030932903,0.0027521059382707,-0.01435974240303,0.018387161195278,0.0089257499203086,-0.0061318767257035,-0.0040425574406981,-0.014156654477119,-0.007357728201896,0.017060797661543,-0.027579750865698,0.0120356855914,0.012893347069621,-0.016484577208757,0.0060955276712775,-0.030422413721681,0.011526314541698,0.018036663532257,-0.0036958556156605,-0.034507993608713,0.0060726180672646,0.034879226237535,0.028506029397249,0.032690837979317,-0.035772621631622,-0.0036632705014199,-0.025562794879079,-0.036783970892429,0.027854304760695,-0.021715918555856,-0.026087116450071,-0.022971527650952,0.013250056654215,-0.016631843522191,0.03320599347353,-0.025518039241433,-0.029524344950914,0.020799919962883,-6.6463639086578e-05,0.0054354690946639,0.023032706230879,-0.031783491373062,-0.0055469600483775,-0.016453051939607,-0.025446886196733,-0.024572670459747,-0.017694920301437,0.031959928572178,-0.0088434377685189,0.03324181959033,0.017266938462853,-0.00015308246656787,-0.021370274946094,-0.016003299504519,0.0090196365490556,-0.00029090308817104,-0.010976504534483,0.029891291633248,0.009419234469533,0.0070998752489686,0.0049653747119009,-0.036011260002851,-0.023603582754731,0.018193583935499,0.018244920298457,-0.035224840044975,0.022874152287841,0.025633823126554,0.018610134720802,0.029239511117339,-0.023650515824556,0.0089677823707461,0.033997111022472,0.0255705434829,-0.026275793090463,0.035078965127468,0.028843019157648,0.02278751321137,-0.031973801553249,-0.03338348865509,0.033508326858282,0.0030518353451043,0.021029843017459,-0.018283691257238,-0.024011181667447,-0.036224983632565,-0.035461917519569,-0.0057834712788463,-0.0016331506194547,0.032456606626511,0.023137429729104,0.0018819351680577,0.002127357525751,0.015728462487459,-0.011368083767593,0.0098318764939904,9.6531075541861e-05,0.019202282652259,-0.031051624566317,-0.00093282939633355,-0.0013086125254631,-0.015603609383106,-0.0087498547509313,0.0098834969103336,0.036751572042704,0.02954182215035,0.021495338529348,0.022137535735965,-0.0010925641981885,0.012042193673551,0.0049387603066862,0.0039469031617045,0.021720578894019,0.025660511106253,-0.01067472435534,0.0017090282635763,0.0074175293557346,-0.015192661434412,-0.023402130231261,0.038786668330431,0.038721058517694,0.024312710389495,0.026265166699886,0.027093773707747,0.011637058109045,-0.0048797759227455,-0.010349160991609,-0.027452858164907,-0.03349145129323,0.0016713816439733,0.005303708370775,0.00031951983692124,-0.025382414460182,-0.028390266001225,-0.00177721621003,-0.017138425260782,0.027805794030428,0.027673861011863,0.02911532483995,0.015397095121443,-0.0094811338931322,0.0082209007814527,-0.0083803916350007,-0.020900694653392,-0.02975832670927,0.0033449605107307,-0.016834758222103,-0.0092994356527925,-0.01880032941699,-0.027210691943765,0.024386806413531,-0.022145988419652,0.0019330733921379,0.0075012473389506,-0.0063270577229559,-0.01615222543478,-0.013847546651959,0.0072788530960679,0.022590879350901,-0.0036154778208584,0.023559898138046,-0.024179210886359,-0.010667137801647,0.026381624862552,0.036492444574833,-0.0033396880608052,-0.02706310339272,0.023265784606338,-0.011775326915085,-0.026220908388495,-0.011999852024019,-0.0096905417740345,-0.018915021792054,-0.012552574276924,-0.0080173872411251,-0.032819382846355,0.034271899610758,0.021394675597548,-0.00079345901031047,-0.004572834353894,-0.011781969107687,-0.0054856855422258,-0.033744070678949,-0.018872691318393,0.0090347053483129,-0.014310199767351,-0.0046773534268141,0.0098058171570301,-0.024770757183433,0.018327932804823,-0.010534638538957,-0.019499281421304,-0.012167116627097,0.031908288598061,0.025283291935921,0.017574204131961,-0.0024108996149153,-0.026329116895795,0.019740650430322,0.037389263510704,0.016362907364964,-0.0076413503848016,0.0034520218614489,0.015877408906817,0.022389639168978,-0.028519595041871,0.002648705849424,0.0019435746362433,0.026398057118058,-0.020803330466151,-0.014430589042604,-0.010927502065897,0.026046207174659,0.029448239132762,0.0063426299020648,0.0209282618016,0.033699557185173,0.010343953967094,0.029513951390982,-0.0093522304669023,0.028172982856631,0.0038301511667669,-0.036001220345497,0.019950510933995,0.028732091188431,0.020051935687661,0.029410691931844,-0.0098482882604003,0.024082353338599,-0.011290488764644,-0.019361974671483,0.027792043983936,-0.04054993763566,-0.034941583871841,-0.036139965057373,-0.030699711292982,0.033028997480869,0.020529679954052,-0.011618535034359,-0.025553248822689,-0.01410763617605,-0.0089201256632805,-0.013658947311342,-0.034258466213942,-0.03190204501152,0.027102429419756,-0.011212225072086,0.0029423965606838,-0.029715130105615,-0.03587881103158,-0.022576896473765,0.017465909942985,-0.024602007120848,0.0086623141542077,0.014433301985264,0.031588118523359,-0.024389320984483,-0.0073055359534919,0.021227398887277,0.015039360150695,1.3912311260356e-05,3.8336696889019e-05,0.033952593803406,0.019530016928911,0.017866833135486,-0.00057399168144912,-0.024129770696163,0.038684088736773,-0.02123955078423,0.013908758759499,0.014426765963435,-0.0034186271950603,0.0094170831143856,0.026043638586998,-0.024787863716483,0.012441655620933,-0.017967814579606,-0.028734672814608,-0.031736698001623,-0.0064359661191702,0.029509419575334,-0.03779960796237,0.021145965903997,0.0080511281266809,0.019437519833446,0.025394847616553,-0.017206624150276,0.0075523499399424,-0.031121285632253,-0.026935461908579,0.0055275252088904,-0.011674333363771,0.0072306082583964,-0.0063137179240584,0.014896418899298,0.0021827607415617,-0.029568623751402,-0.019898941740394,-0.025116458535194,-0.024503970518708,-0.035028818994761,-0.019667023792863,0.020029893144965,-0.010080711916089,-0.020634654909372,0.018406698480248,-0.027143580839038,0.001825885148719,0.0097639542073011,-0.014607727527618,0.028234632685781,0.022718979045749,0.012449342757463,0.0061560529284179,0.010495193302631,-0.028231522068381,0.019729148596525,0.026598334312439,-0.0054354560561478,-0.024999622255564,0.036993861198425,0.00043138512410223,-0.033461954444647,-0.028565976768732,0.037774320691824,0.0056791501119733,0.020792998373508,0.011363815516233,0.0049550635740161,-0.030902167782187,0.0094730323180556,-0.032240647822618,0.0015504132024944,0.0067673269659281,0.016849147155881,-0.016551012173295,0.029606189578772,-0.0025653969496489,-0.0097161931917071,-0.016403948888183,0.028731349855661,0.0078459698706865,-0.032746404409409,-0.013097726739943,-0.020694106817245,-0.022148370742798,0.016521848738194,-0.028271587565541,-0.019967291504145,-0.011067755520344,-0.023156516253948,0.0050868238322437,-0.0015959246084094,-0.020631514489651,-0.02720507979393,0.019262617453933,0.03277551010251,0.04479007422924,0.00020021360251121,0.026219505816698,-0.019946733489633,-0.031758394092321,0.011409394443035,-0.026981562376022,-0.033702485263348,-0.034862145781517,0.011846045032144,-0.0020349607802927,0.027454061433673,0.042731042951345,0.017918022349477,0.030551081523299,-0.024993661791086,0.018536625429988,0.024209562689066,0.0036124053876847,0.020482566207647,0.016973232850432,-0.031275119632483,-0.031619735062122,-0.0308449100703,0.019516300410032,-0.0097343111410737,0.004528489895165,0.0029595687519759,0.021310523152351,0.041730117052794,-0.014151745475829,0.014192974194884,0.0012588078388944,0.028172833845019,-0.037260208278894,-0.01067986804992,0.041785910725594,0.018418077379465,0.012444600462914,-0.029660584405065,0.022355314344168,0.025925517082214,-0.0051040924154222,-0.012212536297739,0.019899344071746,-0.017810523509979,-0.016437852755189,-0.011815245263278,-0.003605741309002,0.0057599702849984,0.01072727702558,-0.014908326789737,0.0065011321566999,0.0053390227258205,-0.0054388553835452,-0.031830076128244,0.0026888439897448,0.030824858695269,-0.0042774970643222,-0.0056267469190061,0.017705453559756,0.0059673879295588,0.004570335149765,-0.0053035980090499,0.038804464042187,-0.00028747689793818,0.0014935890212655,-0.016628356650472,0.037085510790348,-0.015110583044589,-0.015616236254573,-0.012101829051971,-0.010794614441693,-0.029628343880177,-0.00040682143298909,0.028274416923523,0.0080736260861158,0.020002376288176,-0.036026906222105,0.00064740923698992,0.029130050912499,-0.013662311248481,0.010096225887537,-0.018261546269059,0.020036270841956,-0.031285900622606,0.031622990965843,-0.031062306836247,0.038573376834393,0.0030728427227587,0.040099035948515,0.0019043812062591,-0.011139404959977,0.029122779145837,0.035370621830225,-0.0024337603244931,0.018223209306598,0.02570441737771,0.027764238417149,0.021616457030177,-0.021720174700022,0.014125183224678,-0.00049183476949111,0.025818802416325,0.0037428915966302,0.03529391810298,-0.00047836461453699,-0.030320003628731,0.0083171799778938,0.0092062000185251,-0.031979329884052,0.029680026695132,0.014974986203015,-0.017680611461401,-0.030086044222116,0.010560597293079,-0.01616015098989,-0.013654269278049,-0.025453325361013,0.023706471547484,-0.0013626752188429,-0.024007996544242,0.017923012375832,-0.028131594881415,0.010895639657974,0.021247614175081,-0.037509761750698,0.0094261607155204,-0.035257454961538,-0.0096623227000237,-0.018132565543056,0.026158683001995,0.032717108726501,0.026066720485687,0.028799310326576,-0.017149917781353,-0.0057891909964383,-0.035360936075449,-0.012656835839152,-0.031513847410679,-0.017766891047359,0.033599201589823,-0.02738406509161,-0.010680041275918,-0.0052074608393013,0.0098574217408895,-0.0091770207509398,-0.020971233025193,-0.037150513380766,-0.029931485652924,-0.017460450530052,0.0053462209179997,-0.011116353794932,-0.014689079485834,0.016625862568617,-0.033777333796024,-0.01086746994406,-0.043999202549458,-0.0119165815413,0.017878446727991,0.028967475518584,0.018349757418036,0.023457989096642,-0.016210000962019,-0.020089037716389,0.030282685533166,0.023510802537203,-0.0035369698889554,0.028211273252964,-0.016566706821322,-0.0064055193215609,-0.021009145304561,0.018885396420956,-0.04301230609417,-0.014758446253836,0.0088868755847216,0.026564590632915,0.024725245311856,-0.0037277857773006,0.034186765551567,0.020242528989911,0.011108217760921,0.0018144176574424,0.022176861763,0.0052277920767665,-0.027786538004875,0.02088133059442,0.018654864281416,0.016253549605608,-0.023034684360027,0.022141536697745,-0.019251441583037,-0.0025398433208466,0.012424136511981,0.036167692393064,0.0019977644551545,0.026504771783948,-0.0061094616539776,0.029126774519682,-0.011285804212093,0.030333707109094,0.012643764726818,0.022459603846073,0.019850444048643,-0.0095972716808319,-0.00063322007190436,-0.035281300544739,0.023047314956784,0.018996857106686,0.038621798157692,0.0056985537521541,-0.032223373651505,0.015185561962426,-0.016125787049532,0.025149419903755,-0.010576850734651,-0.012917605228722,0.028874652460217,-0.0037945294752717,-0.03500697016716,0.02014827542007,-0.026645146310329,-0.03147765994072,0.01840771920979,-0.0007047689286992,0.026961108669639,-0.028407577425241,-0.026768652722239,0.0011238972656429,0.021219020709395,0.026124622672796,-0.04925124719739,0.013001644052565,-0.027600375935435,-0.0092707369476557,-0.0097088413313031,0.018361572176218,-0.0070294053293765,-0.0078894337639213,0.0092661147937179,-0.032717905938625,0.023880211636424,0.033881925046444,0.035984188318253,-0.031088894233108,0.030761113390326,0.0021640853956342,0.050384052097797,-0.011774095706642,0.033640053123236,-0.026993123814464,-0.0029723395127803,0.0058461898006499,-0.033149477094412,0.0046252869069576,-0.034962251782417,-0.0019309277413413,0.017082635313272,-0.0146375130862,-0.020596386864781,-0.02259517274797,0.0014307526871562,-0.021490490064025,-0.017422333359718,-0.001798669109121,-0.027001619338989,0.008000236004591,0.034753661602736,-0.00025941579951905,0.018855504691601,0.052293095737696,-0.031319264322519,0.035574857145548,-0.02636337466538,-0.027295205742121,0.012814620509744,-0.0056825983338058,-0.0030200520996004,0.035366959869862,0.01169519405812,-0.011447810567915,0.0091587686911225,-0.027735715731978,-0.017826043069363,-0.012095318175852,0.0069089005701244,-0.01076455693692,-0.020174941048026,-0.036369785666466,-0.01553060207516,-0.00086127303075045,-0.031824391335249,0.0069890115410089,0.030462522059679,-0.014613644219935,-0.020387740805745,-0.025445200502872,-0.0053303758613765,0.0046106372028589,0.0030530083458871,-0.0031609018333256,0.028692143037915,-0.020056314766407,0.02491525746882,0.00030969746876508,0.012156733311713,-0.020348567515612,-0.0010402059415355,0.026440396904945,0.025549430400133,-0.014588620513678,0.005745402071625,0.0049549387767911,0.0098395477980375,-0.014797424897552,-0.029634144157171,0.022452134639025,0.032751899212599,-0.012049819342792,0.018131840974092,-0.034543726593256,0.036399852484465,-0.03218861669302,-0.028606925159693,-0.020850341767073,0.029358251020312,-0.019801374524832,0.0087199090048671,0.0401128269732,-0.0036709995474666,0.012226114049554,0.011660056188703,0.041132178157568,0.024601444602013,0.015195607207716,-0.0087572196498513,-0.014123187400401,-0.0086022652685642,0.013927269726992,0.0094684613868594,0.022567693144083,-0.007294709328562,0.0351587459445,0.028713034465909,-0.027892122045159,0.00068254215875641,0.0042827911674976,-0.0092775672674179,0.017827311530709,-0.022167762741446,0.035673450678587,0.01442442368716,-0.034808088093996,0.036148082464933,-0.0021587784867734,0.019599968567491,-0.019642602652311,-0.020101942121983,0.033116295933723,-0.0019498671172187,-0.0014835114125162,-0.020578127354383,0.01829575933516,0.00033631382393651,0.029348840937018,-0.029145777225494,-0.0058334157802165,-0.028449285775423,-0.034142825752497,0.0094384616240859,0.034725613892078,-0.020144058391452,0.021923353895545,0.035639084875584,-0.024813501164317,-0.0079883905127645,0.034032355993986,-0.011411091312766,0.035357143729925,-0.025561584159732,0.0099455527961254,0.0066249212250113,0.021493909880519,0.013266731053591,-0.03367355465889,0.010424028150737,0.024393754079938,-0.016076996922493,-0.0012203000951558,-0.0041957017965615,-0.0077946339733899,0.017864596098661,0.033513732254505,0.036502297967672,-0.030025849118829,0.0097877634689212,0.024539960548282,-0.0011669304221869,0.031659599393606,0.021056395024061,-0.029452133923769,-0.022990100085735,0.012606267817318,0.0006972422124818,-0.0023618137929589,-0.021244063973427,-0.0022792418021709,-0.0064718974754214,0.027314158156514,-0.031412415206432,0.0054928991012275,-0.032079610973597,-0.021273734048009,-0.0016713428776711,-0.031948994845152,-0.025502324104309,-0.010800271295011,0.018810769543052,-0.021793577820063,-0.027010630816221,0.021556284278631,0.012268702499568,-0.014712685719132,0.01070449128747,0.032972846180201,-0.021362351253629,-0.019349507987499,-0.0077316644601524,-0.010495060123503,-0.031219216063619,0.0024534873664379,0.024671984836459,0.027870792895555,0.031320210546255,0.0074791358783841,0.023505419492722,-0.02669950760901,0.01271756272763,0.018427107483149,-0.0076548624783754,-0.020519182085991,-0.0030487331096083,0.014230408705771,0.02353235706687,-0.0027420872356743,0.024755192920566,-0.032420206815004,0.019033471122384,-0.0063017434440553,0.016029762104154,0.036270938813686,0.03111375682056,0.013230835087597,-0.011060405522585,0.0030224565416574,0.0060063805431128,0.0060408739373088,0.0077763269655406,-0.033055108040571,0.014033544808626,-0.028128264471889,0.012833848595619,0.011984908021986,0.0039754281751812,-0.006998616270721,-0.0017566726310179,0.031407929956913,0.021681148558855,-0.018202468752861,0.027969554066658,-0.019075749441981,0.027702698484063,-0.013937302865088,-0.004533105995506,0.013150990009308,0.00037560681812465,0.023327896371484,-0.0077074379660189,0.018247539177537,0.032669994980097,-0.0068454924039543,-0.00017133666551672,-0.017502997070551,0.030887009575963,0.036274142563343,0.014683721587062,0.028519727289677,-0.0066918563097715,-0.018114108592272,-0.014305562712252,-0.018711941316724,0.03173254057765,-0.01824614405632,-0.024151749908924,0.026194868609309,-0.01916491240263,0.030466791242361,0.029861215502024,0.034372493624687,0.013942164368927,0.028253015130758,-0.0011807914124802,0.01262893807143,-0.015792239457369,0.0062737283296883,0.019146550446749,0.030011344701052,0.025377983227372,-0.022680809721351,-0.021902490407228,-0.0043791024945676,0.0054801804944873,-0.011130115017295,0.0022814117837697,0.0027621167246252,0.020991342142224,0.031984817236662,-0.030997605994344,0.0024744998663664,0.014216180890799,0.028052810579538,-0.031947761774063,0.032689642161131,0.024682084098458,0.0024762691464275,-0.034643389284611,0.001377958804369,0.0083155520260334,0.036090217530727,0.013327717781067,-0.0053536514751613,0.013916936703026,-9.3988230219111e-05,0.002721261465922,-0.021659040823579,0.032091297209263,-0.026968419551849,0.025631885975599,-0.014880096539855,-0.034400589764118,-0.031527020037174,-0.011615958996117,-0.01099350862205,0.013408344238997,-0.029967600479722,-0.019988607615232,-0.019218074157834,0.0076399156823754,-0.0055235577747226,0.02512083761394,-0.015347878448665,0.00029449959401973,-0.0015866475878283,-0.020733524113894,0.030815361067653,0.02507296949625,0.026473021134734,0.013708983547986,-0.029487749561667,-0.0336346141994,0.025985702872276,0.017177036032081,-0.032492816448212,-0.026393629610538,-0.031128697097301,-0.0011591812362894,0.0020388858392835,-0.019283188506961,0.030783457681537,-0.020169647410512,0.027585778385401,-0.02656084112823,-0.026985393837094,-0.032479468733072,-0.0056090727448463,-0.014123987406492,-0.017683854326606,-0.035769801586866,0.02339936606586,-0.014490456320345,0.024684604257345,-0.0019974049646407,0.023515379056334,0.031989112496376,0.010138111189008,0.0013719404814765,-0.004766087513417,-0.036668412387371,0.0042675831355155,0.025002066046,-0.028762109577656,0.011977331712842,-0.033218242228031,-0.013294919393957,0.020839121192694,-0.036491815000772,-0.031598228961229,-0.016057943925261,0.021893614903092,-0.0084899971261621,0.0046123322099447,0.010309572331607,0.019916161894798,-0.0064392066560686,0.029221292585135,-0.010383225046098,-0.027883030474186,0.026532934978604,0.010177082382143,-0.0080125303938985,-0.00089752156054601,-0.017467116937041,-0.018946655094624,-0.026670578867197,-0.004223043564707,-0.0086884396150708,0.02313045412302,-0.032408237457275,0.030332043766975,0.029428729787469,0.0036793614272028,-0.015778699889779,0.0046898131258786,0.035625781863928,-0.033761478960514,-0.005955180618912,0.0209368634969,0.036147069185972,0.018240064382553,-0.0015375445364043,0.020212884992361,-0.028009781613946,0.0088752098381519,0.0092057129368186,0.0088309999555349,-0.028126893565059,-0.018147131428123,-0.0075663072057068,-0.023158170282841,-0.02976381033659,0.014180518686771,-0.013657539151609,6.9697249273304e-05,-0.014938184991479,0.030848683789372,-0.036025881767273,0.02179192751646,0.016696751117706,-0.010588272474706,0.0040466524660587,-0.018293669447303,0.026174023747444,-0.03435343131423,-0.032936587929726,-0.011421309784055,0.011566581204534,0.036103188991547,0.023315567523241,-0.025342252105474,0.0058789770118892,0.015724509954453,0.0028985722456127,-0.026570392772555,-0.0014165230095387,0.0030178630258888,-0.0050081345252693,0.023111907765269,0.028946405276656,-0.011792672798038,-0.016143878921866,-0.002682178048417,-0.031354501843452,0.021984016522765,0.0016022716881707,0.021159283816814,-0.024469146504998,0.0019522585207596,-0.024390382692218,-0.026772864162922,-0.021627524867654,-0.01038075145334,-0.02098941989243,0.00564033864066,-0.010552217252553,-0.016565691679716,0.0098126996308565,-0.021911103278399,0.0072894762270153,-0.0091414479538798,0.018710352480412,-0.022755682468414,-0.013283347710967,-0.023803029209375,-0.015513410791755,0.0039390330202878,0.004068817012012,0.0055943047627807,-0.030648062005639,-0.030718006193638,-0.017993221059442,-0.017547007650137,0.03463314846158,-0.032109420746565,-0.030748754739761,0.016175478696823,0.0059012481942773,0.012972842901945,-0.02092219889164,-0.020737413316965,0.027654279023409,-0.029336044564843,-0.018332803621888,-0.025719517841935,-0.036817513406277,-0.025166738778353,-0.025532197207212,0.026934660971165,0.036836560815573,-0.02913137152791,0.012211229652166,-0.014440377242863,0.033708762377501,0.0017680154414847,-0.031930405646563,-0.021633686497808,-0.02126662991941,0.03180781006813,-0.012113275937736,-0.036580234766006,-0.012539277784526,-0.012917205691338,0.011318254284561,0.028110209852457,0.0067492919042706,-0.022800544276834,-0.035618241876364,0.016077786684036,0.012294517830014,-0.010146121494472,0.010281478054821,0.016871323809028,-0.0058277999050915,-0.0068476959131658,0.0059316242113709,-0.0017666834173724,0.018883161246777,-0.0065609766170382,-0.017789401113987,0.0067738466896117,0.020757993683219,0.017572227865458,0.025000102818012,-0.004908767528832,-0.0013598981313407,-0.019809549674392,0.017652776092291,-0.033738952130079,-0.019993750378489,0.036552615463734,0.022896304726601,-0.0009346273727715,0.024148399010301,-0.028188522905111,-0.00011307698150631,0.014095759950578,0.032106470316648,0.010123696178198,-0.029872735962272,0.035519648343325,-0.0064662508666515,0.029194131493568,0.02445494197309,0.027496792376041,-0.027019342407584,0.0044948202557862,-0.030144231393933,-0.02789493277669,0.021880889311433,0.01905782148242,0.025238569825888,0.011960948817432,0.0032377545721829,-0.025384828448296,-0.0028450300451368,0.026348093524575,0.019070964306593,0.02886063978076,0.036662857979536,-0.014987814240158,-0.027865312993526,0.016236381605268,0.022171009331942,-0.031769510358572,0.0068368553183973,0.0028296557720751,0.036580145359039,-0.026880655437708,-0.012816508300602,0.025967763736844,0.036279547959566,-0.0049948315136135,0.023450950160623,-0.035778883844614,-0.028272945433855,-0.027331879362464,0.0063030337914824,-0.01712585799396,0.018501108512282,-0.036236386746168,-0.011077242903411,-0.026163036003709,0.012707797810435,0.031320370733738,0.020873023197055,-0.0089964643120766,-0.033989451825619,-0.020386401563883,0.010430627502501,0.029822386801243,0.021456848829985,0.017820136621594,-0.0032795153092593,0.023881286382675,0.011875321157277,0.00093561020912603,-0.011535436846316,0.035361681133509,-0.030282193794847,0.035091355443001,-0.031019212678075,-0.029586993157864,0.017063368111849,0.0068630743771791,-0.0099022975191474,-0.016631815582514,-0.033427927643061,-0.011515342630446,0.00070615188451484,0.023534210398793,-0.019335072487593,0.02757771871984,-0.023198138922453,0.0039118132553995,-0.020201824605465,0.02019558288157,-0.0065377266146243,-0.03565402328968,-0.021157685667276,-0.0069921440444887,0.01637290418148,0.034679148346186,0.029305670410395,0.020301843062043,-0.02230565994978,0.007431604899466,-0.0017606602050364,-0.0042192526161671,0.0074154967442155,0.029563853517175,-0.034268215298653,-0.013492601923645,-0.0051786322146654,0.006132060661912,-0.034732155501842,-0.03099612891674,0.018157368525863,0.0089475503191352,0.0014438839862123,0.01745162345469,0.01495043374598,0.034897565841675,-0.0014457129873335,-0.010861176066101,-0.032632850110531,0.026381816715002,-0.024697352200747,-0.011913727037609,-0.021511616185308,0.029734555631876,-0.01178992073983,-0.022949952632189,0.025182895362377,-0.02446411922574,-0.0080301705747843,0.03381647542119,-0.014878068119287,0.0028241842519492,-0.0029565065633506,0.034227628260851,-0.019446866586804,0.030734064057469,0.036132238805294,-0.018647365272045,0.0063159437850118,0.0085084876045585,-0.024241970852017,-0.034540772438049,0.0042577926069498,0.031136382371187,-0.00060251209652051,-0.015981450676918,-0.00032227198244072,0.015084652230144,-0.0068096220493317,-0.0061968886293471,-0.018806621432304,-0.021105479449034,-0.036583054810762,-0.0080942576751113,0.033191807568073,0.031751554459333,-0.025369074195623,-0.0020895090419799,-0.030727528035641,0.034272942692041,-0.024194661527872,-0.016339311376214,-0.014168821275234,-0.015843378379941,-0.02424194291234,-0.024462884292006,0.027221819385886,-0.005903537850827,0.031877849251032,-0.0072423685342073,0.033222213387489,-0.022478766739368,0.023092919960618,0.018988352268934,-0.018888145685196,0.035584975033998,0.021917974576354,-0.024938805028796,-0.019940795376897,-0.030117202550173,0.0073128421790898,-0.0029299478046596,0.015973770990968,0.0051966421306133,-0.029092526063323,-0.0067092622630298,-0.016500856727362,0.017170757055283,0.0064938962459564,-0.01473093777895,0.02462955750525,0.015737246721983,-0.023193761706352,0.036098759621382,0.016720913350582,-0.028322933241725,-0.034328430891037,0.017015403136611,0.026532718911767,0.013021944090724,0.019444894045591,0.031132262200117,0.029351493343711,-0.026074884459376,0.03357257694006,0.015876166522503,0.009795006364584,0.018496915698051,0.0052991006523371,-0.031135091558099,0.0056381970643997,0.034048993140459,-0.025261366739869,0.017720367759466,-0.028700241819024,0.016993533819914,-0.025128569453955,0.026687568053603,-0.033529344946146,0.0090091750025749,0.033119261264801,-0.0042596831917763,-0.029481334611773,-0.033880934119225,-0.035973712801933,-0.031443022191525,-0.011603423394263,-0.028534403070807,3.8242356822593e-05,-0.022046448662877,0.0041143000125885,0.0033695423044264,0.029681345447898,0.0074404762126505,-0.028577169403434,-0.01198198273778,0.022764533758163,-0.01247182674706,0.035218276083469,0.032083682715893,0.033377379179001,-0.030807111412287,-0.010232228785753,-0.014148465357721,0.033861599862576,0.0079984283074737,-0.030302500352263,0.0023242682218552,0.0099423592910171,-0.00653773592785,0.013411175459623,0.0082907984033227,0.0051440917886794,-0.0071463845670223,0.021096173673868,-0.025955753400922,0.015728862956166,0.021915819495916,-0.014866171404719,0.0084690544754267,0.030091378837824,-0.014413522556424,-0.0051164999604225,0.0067938547581434,-0.033174522221088,0.031458254903555,-0.025329936295748,-0.0013812250690535,0.018454343080521,0.019848709926009,-0.026870856061578,0.024216672405601,-0.025465052574873,0.02529238909483,-0.026478514075279,0.029651707038283,-0.031378749758005,-0.024820746853948,0.0157820135355,0.011918732896447,-0.019041154533625,-0.033941630274057,0.0095001189038157,0.029216414317489,-0.012062664143741,-0.00078472559107468,0.0070517053827643,0.026787208393216,0.018631961196661,0.025313662365079,0.0020572214853019,-0.023224890232086,-0.014919620938599,0.024715086445212,0.0055173868313432,0.035096075385809,0.0098081547766924,-0.033342514187098,0.0059287715703249,-0.0043630725704134,0.0017753633437678,-0.0099998321384192,-0.036644745618105,0.034260809421539,0.036035779863596,0.014193477109075,-0.016418613493443,-0.0089899152517319,0.02484904229641,-0.028942164033651,-0.018432604148984,-0.020247587934136,-0.0053846943192184,0.0045331311412156,0.0044498746283352,-0.0012548137456179,0.021618673577905,0.030531084164977,-0.013417398557067,-0.018424525856972,0.034955687820911,0.03581628203392,0.0059287720359862,0.012764900922775,-0.026703117415309,-0.0042179701849818,-0.0056407400406897,-0.0012114687124267,0.023560382425785,0.029573496431112,-0.0084376474842429,-0.012477086856961,0.027722507715225,-0.021801622584462,0.0025866264477372,0.011124498210847,0.037606559693813,-0.012614951469004,-0.031093282625079,-0.022985948249698,-0.011127818375826,-0.037368036806583,-0.033051121979952,-0.0036502638831735,-0.0096710780635476,0.014878327026963,-0.025016678497195,0.015796499326825,-0.023380819708109,0.0096302917227149,0.018980594351888,-0.036314565688372,-0.033728078007698,0.03374457731843,-0.023066351190209,-0.0096057374030352,0.032430808991194,0.028956200927496,0.00053385552018881,0.0004634999204427,0.022765370085835,-0.012431527487934,-0.02928588911891,-0.021170567721128,0.021551763638854,0.032131526619196,-0.0056926519609988,0.018251497298479,0.0048543964512646,0.0045648133382201,-0.0044425744563341,-0.02250680886209,0.024045178666711,-0.005756497848779,0.0095149930566549,-0.030710950493813,-0.010300869122148,-0.037432208657265,-0.026612402871251,0.024619033560157,-0.021721545606852,0.00070686370600015,0.024338115006685,0.027677023783326,0.002751732012257,-0.011686056852341,-0.0071357544511557,0.012311751022935,-0.034334789961576,-0.005722414702177,0.029806818813086,0.027087712660432,0.0223618298769,-0.035605069249868,0.03765207529068,0.03222231566906,0.025121988728642,0.024836473166943,0.031169755384326,0.018476096913218,0.031067481264472,-0.0039250054396689,0.03527445718646,0.034465666860342,-0.0038769871462137,0.025198135524988,0.015253843739629,-0.015748381614685,0.014252386987209,0.01714812964201,0.014942404814065,0.008656082674861,0.016699681058526,-0.015777850523591,0.031457312405109,0.0082583017647266,-0.0204256195575,0.0075513357296586,0.0040869158692658,0.01296882238239,-0.025471275672317,-0.0053831585682929,0.019286775961518,-0.016563445329666,-0.024638997390866,-0.0062596499919891,0.010657412,0.013499338179827,-0.0097866347059608,0.0079172868281603,0.0073304502293468,-0.012824474833906,0.033710215240717,0.019766794517636,0.0010867612436414,0.023626834154129,0.03428590670228,-0.0080794263631105,0.0021206142846495,0.0026785433292389,-0.019108774140477,-0.0015520863234997,-0.0070903552696109,-0.037812918424606,0.030558465048671,-0.010636740364134,-0.035637356340885,0.031844098120928,0.0006511026294902,0.024088658392429,-0.035806428641081,-0.016243439167738,-0.016649192199111,0.028253488242626,0.012552420608699,-0.0014244135236368,0.025077378377318,-0.033220428973436,-0.029964882880449,0.013798836618662,0.024546669796109,0.0073374351486564,0.010097676888108,-0.01507128123194,0.028815895318985,-0.0061218990013003,-0.028188526630402,-0.01771349273622,0.00058437883853912,0.0067351539619267,-0.00090841122437268,-0.0040551857091486,-0.022799540311098,-0.0031077698804438,-0.032644506543875,-0.0067317611537874,-0.0094350436702371,-0.011036327108741,0.037347037345171,-0.018382027745247,-0.019346563145518,-0.035642877221107,-0.0013277509715408,-0.011798465624452,0.0094429953023791,0.016682071611285,-0.0063551547937095,-0.020818449556828,-8.8114618847612e-05,0.018595051020384,-0.016645079478621,0.035381652414799,-0.0088039012625813,0.021908270195127,-0.0019786916673183,0.034696169197559,-0.024467719718814,0.013861945830286,-0.01157016120851,-0.0090655097737908,0.0095163518562913,-0.0059796972200274,-0.0093686347827315,-0.014286749064922,-0.029062192887068,0.013566506095231,0.03185323625803,0.031711302697659,-0.032552629709244,-0.017699917778373,0.011714622378349,0.01528765168041,-0.023194294422865,-0.017557308077812,0.034493390470743,-0.017191568389535,0.03784092515707,-0.015056017786264,-0.022440826520324,-0.015822287648916,0.022155733779073,0.0088081872090697,-0.03559909388423,0.017122313380241,-0.014790739864111,-0.023341191932559,0.025976601988077,-0.028865247964859,0.014901028946042,-0.0029276446439326,0.0015788379823789,-0.033535450696945,0.0042859688401222,0.032338678836823,-0.013939926400781,0.011578311212361,0.031148564070463,0.01169968675822,-0.036089133471251,-0.014360191300511,0.019872389733791,-0.032685916870832,0.0092453947290778,-0.012305096723139,0.0019949285779148,-0.026273330673575,-0.018101658672094,-0.005567682441324,-0.017434107139707,0.029459798708558,-0.0094231907278299,-0.014910814352334,-0.0112144658342,0.025716673582792,-0.010358254425228,0.025873500853777,-0.030437767505646,-0.0286032743752,0.034519869834185,0.014437695965171,0.008206463418901,-0.0044435900636017,0.02081666700542,0.01400988176465,0.016961809247732,0.030277227982879,0.0057902112603188,0.0001170776449726,-0.0087466724216938,-0.0066612563095987,-0.0060119526460767,-0.0066055995412171,-0.035775661468506,-0.018747223541141,-0.010349227115512,0.00085106288315728,-0.021842610090971,-0.01438420265913,0.0038987386506051,0.0036364519037306,-0.014874091371894,0.024931967258453,0.031417533755302,-0.034311182796955,-0.0085207438096404,0.0075491014868021,-0.0013492204016075,0.0076136817224324,0.0070454520173371,-0.011120859533548,-0.021508384495974,0.015366141684353,-0.028857581317425,-0.024172006174922,-0.016523277387023,-0.024296101182699,-0.023525903001428,-0.018325762823224,-0.023611262440681,0.033393960446119,-0.015293268486857,0.013286210596561,-0.036127991974354,-0.026352263987064,-0.00090156984515488,0.035362895578146,-0.02772755920887,0.00030156227876432,-0.015707984566689,-0.029057323932648,-0.0024529260117561,-0.017405131831765,0.0045681549236178,0.024645982310176,-0.011187884025276,0.0052519901655614,0.015225362963974,0.017833789810538,-0.0098282843828201,-0.014617933891714,0.023047314956784,0.014494546689093,0.0056059546768665,-0.020524274557829,0.0038583953864872,-0.011556128971279,0.037076398730278,-0.00065274606458843,0.0018410697812214,-0.010758069343865,-0.018322061747313,-0.033131804317236,-0.021913442760706,0.011592259630561,-0.032022625207901,-0.032772932201624,0.013522618450224,-0.0092349937185645,0.001610015402548,-0.0062682032585144,-0.00027386043802835,-0.0058055892586708,0.036318711936474,0.021970719099045,0.029701551422477,-0.031285490840673,0.01168221142143,0.0042254864238203,-0.027509305626154,0.013533232733607,0.010110897943377,0.0024451136123389,-0.0060194660909474,0.008877320215106,0.031831860542297,0.027565386146307,-0.020039953291416,-0.011599453166127,-0.0081737227737904,-0.034773930907249,0.013172389008105,-0.030622120946646,0.035067565739155,-0.013853824697435,0.026682995259762,-0.02425230666995,0.0082665784284472,-0.030049478635192,0.0028464249335229,-0.029737578704953,-0.023460380733013,-0.03443618491292,0.021472344174981,-0.0016819953452796,0.03029746375978,0.003422053065151,0.0064996276050806,-0.020752899348736,-0.00782719720155,-0.023020738735795,0.010915046557784,0.014737053774297,0.010245409794152,-0.027544213458896,-0.021872771903872,-0.012855070643127,-0.012304085306823,-0.015876483172178,0.034756492823362,0.024616729468107,0.0034612698946148,0.037426896393299,-0.031928144395351,-0.014188763685524,0.0063046882860363,-0.03073988109827,0.017755014821887,0.007906393148005,0.033806078135967,0.031046187505126,-0.011811164207757,-0.013814648613334,0.019852500408888,0.0086337421089411,0.0099790003150702,0.0017023048130795,-0.00020952326303814,0.023151637986302,-0.024588139727712,-0.00052668730495498,0.023983897641301,-0.031764894723892,0.028621206060052,0.033011790364981,0.014264755882323,-0.0058168903924525,0.032132253050804,0.020393682643771,-0.016107181087136,0.026617316529155,-0.024828618392348,0.020695710554719,0.029344547539949,0.034922003746033,0.023723524063826,-0.030543198809028,-0.030772373080254,-0.010627266950905,0.011658358387649,-0.015752522274852,0.032742764800787,-0.018184946849942,-0.013132762163877,-0.035861700773239,0.015518873929977,-0.0070789512246847,0.031569011509418,0.0063623120076954,0.0039632585830986,0.023867772892118,0.0036620055325329,-0.024290459230542,-0.023281656205654,-0.0075087663717568,0.018293494358659,-0.021314665675163,0.030580960214138,0.023695243522525,-0.0087831094861031,0.0165189281106,-0.020678121596575,-0.024466328322887,0.01440844964236,-0.038307465612888,-0.00028693309286609,0.0063941651023924,-0.031729582697153,-0.028078058734536,-0.03566337376833,-0.031661693006754,-0.035164088010788,-0.022579031065106,-0.031259544193745,-0.033992219716311,-0.0041307797655463,0.032286126166582,0.026157345622778,0.017207428812981,-0.036382418125868,-0.00029210222419351,0.012436397373676,0.027329877018929,-0.027857471257448,0.012634363025427,0.017796771600842,-0.030327776446939,-0.031888034194708,0.0036051061470062,0.015425546094775,-0.032898169010878,0.032700404524803,-0.031278256326914,0.010200714692473,-0.0023571432102472,-0.016650538891554,0.0035655195824802,0.014198931865394,0.023336604237556,-0.019060553982854,-0.02637336216867,-0.027691405266523,-0.0076228305697441,-0.029590718448162,-0.0057162805460393,0.031844709068537,-0.018189445137978,-0.00072545243892819,0.024551335722208,0.019372973591089,-0.025662560015917,0.029174219816923,0.0053107617422938,-0.016843669116497,0.01237503066659,0.0068198279477656,-0.026765940710902,-0.034900590777397,-0.022081455215812,0.0077168196439743,0.036190129816532,0.014363648369908,0.016793549060822,0.010711749084294,0.020625887438655,-0.0064282980747521,-0.0040203710086644,0.034746486693621,-0.025010317564011,-0.0065346788614988,0.017802286893129,-0.018888242542744,0.024856051430106,0.0088302409276366,-0.015683749690652,-0.0086759245023131,-0.013695540837944,-0.02356331795454,0.021516710519791,0.0061457948759198,0.027287831529975,0.033495884388685,0.023765277117491,0.004452240653336,0.017548238858581,-0.012652867473662,0.0038024282548577,-0.025346495211124,0.02434809319675,-0.020426113158464,0.036295723170042,-0.0051662996411324,-0.012172125279903,0.010846639983356,-0.010614664293826,0.033905733376741,-0.038502786308527,0.012916235253215,0.029759630560875,0.0093403831124306,0.00035915928310715,-0.0055904821492732,0.00020752204000019,0.032715164124966,0.00011311339039821,-0.026802072301507,-0.030048886314034,0.036365065723658,0.016751009970903,0.018021935597062,0.038688063621521,-0.0155806299299,0.030143296346068,0.015129673294723,0.009935986250639,0.0032588895410299,-0.011947117745876,0.030336474999785,0.017076432704926,-0.010132963769138,-0.0030172932893038,0.013743804767728,-0.028510069474578,0.0028578625060618,0.0044094892218709,-0.018670355901122,0.031253196299076,0.03825069218874,0.028371628373861,-0.029769025743008,0.013485646806657,0.036179788410664,0.027659077197313,-0.019399037584662,0.027369126677513,0.018378235399723,-0.027812968939543,0.027572443708777,-0.034799579530954,0.012529195286334,0.013241317123175,-0.032519362866879,0.0085668470710516,-0.015362503007054,0.020274115726352,-0.007637940812856,0.022900843992829,0.020085508003831,-0.019777156412601,-0.0069151925854385,0.011688922531903,0.030070489272475,-0.024262731894851,0.027468433603644,-0.02013910189271,-0.028904745355248,0.02530675381422,0.026628585532308,-0.018768234178424,-0.015851564705372,0.02156575024128,0.011728155426681,-0.030774122104049,-0.026239901781082,0.016473645344377,-0.019324462860823,0.028598640114069,-0.013020404614508,-0.020597159862518,-0.035609092563391,0.0051277419552207,0.0098994811996818,-0.011700899340212,-0.013613637536764,0.013716105371714,0.0085825631394982,0.033419352024794,0.025908442214131,-0.017112497240305,0.00021565370843746,-0.0039910175837576,-0.035426829010248,-0.0049244160763919,-0.036062072962523,-0.007041531149298,-0.0087455343455076,-0.01239671651274,-0.018292598426342,0.015454879030585,0.0078977029770613,-0.0085506578907371,0.02972723543644,-0.026916706934571,-0.016641475260258,-0.012208038941026,-0.013442300260067,-0.0050445152446628,-0.031046405434608,-0.023377973586321,0.028417894616723,-0.036487646400928,0.015229614451528,-0.0046954909339547,-0.0025050528347492,0.016177017241716,-0.01739689707756,-0.025761129334569,0.014332050457597,0.011173100210726,0.037130672484636,0.03587444499135,0.014185530133545,0.015048746950924,-0.0022670044563711,-0.010595657862723,0.0034314161166549,0.027488512918353,-0.024068942293525,-0.008653755299747,0.018349146470428,0.031499538570642,0.021716380491853,-0.029635895043612,0.0016908773686737,0.0012883695308119,-0.031398192048073,0.0014285552315414,-0.030937951058149,-0.0063956822268665,0.010945126414299,0.0043867565691471,-0.0083099268376827,-0.0021013962104917,0.032222382724285,0.0074399984441698,0.012457293458283,0.0019776483532041,0.024734796956182,-0.017164099961519,0.0056844060309231,-0.030838897451758,0.027932338416576,0.0021120924502611,0.041135642677546,0.038000456988811,-0.0033623261842877,-0.035327136516571,-0.0072133727371693,-0.0058272639289498,-0.023991657420993,-0.0086820814758539,0.020345566794276,-0.018409429118037,0.01707467995584,0.005613352637738,-0.035784654319286,-0.026695244014263,0.020957097411156,-0.02847588993609,-0.03041404671967,-0.026687858626246,0.026850705966353,0.017954898998141,0.025378592312336,-0.028692314401269,-0.020755264908075,-0.014933010563254,-0.015683779492974,-0.020004868507385,-0.0069857304915786,-0.0044403183273971,-0.013312607072294,-0.018468832597136,0.015959469601512,0.0068393559195101,0.004256340675056,-0.0035784428473562,-0.014285527169704,-0.012819324620068,-0.035187404602766,0.012275749817491,-0.018512669950724,-0.032327488064766,-0.0020208056084812,0.023420168086886,-0.0083939963951707,-0.0039314916357398,-0.011056924238801,0.031311526894569,0.034037102013826,0.022876398637891,0.008104388602078,-0.033937405794859,0.01250549312681,-0.022248713299632,0.019787469878793,-0.0046225949190557,0.0056662275455892,-0.0049391249194741,-0.031275689601898,-0.01879251934588,-0.0152218490839,-0.022342540323734,0.012509568594396,-0.012152779847383,0.017339898273349,-0.0077818520367146,-0.0033797912765294,0.036956738680601,-0.021162206307054,-0.026424748823047,0.0019907767418772,-0.016518499702215,-0.014564853161573,0.038131508976221,-0.0015265337424353,-0.03497003018856,-0.026961792260408,0.032021448016167,-0.024951355531812,0.032512422651052,-0.0061624594964087,-0.011416411958635,0.032971236854792,0.036553375422955,0.030424226075411,0.024605600163341,-0.024054229259491,0.0011399837676436,-0.018388945609331,0.022384461015463,-0.0054436968639493,0.02455553971231,0.036115873605013,-0.026208758354187,-0.0081440676003695,0.0092553477734327,0.0078882742673159,0.027639245614409,-0.013990399427712,0.029705852270126,-0.016607627272606,0.028566248714924,0.024568973109126,0.0073056668043137,0.0047236210666597,-0.00073762628016993,-0.029072506353259,0.036739394068718,0.012829231098294,-0.021605830639601,-0.014565235935152,-0.0094514414668083,-0.033460069447756,-0.018219958990812,-0.025882242247462,0.0408367626369,-0.034215223044157,0.009269374422729,0.0069066840223968,0.029432192444801,-0.017526345327497,0.013718512840569,0.020070327445865,-0.027622492983937,-0.027138026431203,-0.0089256428182125,0.0048194159753621,0.0025570536963642,-0.00061092694522813,-0.011134495958686,0.016427613794804,-0.029174245893955,0.0038580098189414,-0.02372806891799,0.0010448213433847,0.028727700933814,0.0079544568434358,0.02191106043756,0.017504189163446,0.025455214083195,0.00016485278320033,-0.02562103047967,-0.024177862331271,-0.026040988042951,0.030061673372984,0.037402868270874,-0.032986905425787,0.0051289838738739,0.001268150866963,-0.0015483750030398,-0.01030042860657,0.022064791992307,0.020475184544921,0.038973834365606,-0.011833865195513,0.026152722537518,0.01688033528626,0.026071364060044,0.031137954443693,-0.031621668487787,-0.032581817358732,-0.027269884943962,-0.033987864851952,-0.025268126279116,-0.016675818711519,-0.017325786873698,0.01723893173039,-0.015946589410305,0.0090144351124763,-0.01793010532856,-0.010025248862803,-0.0074707744643092,0.021540831774473,0.010308090597391,-0.033108923584223,0.034522529691458,0.037208266556263,-0.017067641019821,0.014182978309691,-0.022680830210447,0.03656455501914,0.018188962712884,-0.0048775486648083,-0.0078283883631229,0.022046530619264,-0.036240372806787,0.016347467899323,0.019277708604932,0.014569188468158,0.03741904720664,0.016446094959974,0.016479182988405,0.025120090693235,0.033059854060411,-0.0027819634415209,0.0017394417664036,-0.014344294555485,-0.013037835247815,0.020833188667893,-0.019391104578972,0.011826388537884,-0.024908542633057,0.011397428810596,-0.022683620452881,-0.029670793563128,-0.00014845898840576,-0.035561803728342,0.010111665353179,0.0095867589116096,0.03674678131938,-0.024389147758484,0.011667490936816,0.015705494210124,0.025095880031586,0.0019589280709624,0.013806545175612,0.036448709666729,-0.0078716157004237,0.034666337072849,0.028852747753263,-0.031783118844032,0.029517367482185,0.029682129621506,0.038507465273142,-0.017946418374777,0.026209527626634,0.0034119447227567,0.0028501388151199,0.023245757445693,-0.031672108918428,0.030536349862814,-0.009736624546349,0.0021371918264776,-0.016572248190641,-0.0032404949888587,-0.0062459367327392,-0.014053614810109,0.021959565579891,0.011547496542335,-0.01670540496707,-0.027827268466353,-0.029003467410803,0.0084889838472009,0.0037703700363636,-0.024312630295753,0.016615783795714,0.028962090611458,0.019445240497589,-0.018007323145866,0.026326959952712,-0.011690649203956,0.0086386557668447,0.036115448921919,-0.025041179731488,0.03760414198041,0.028629617765546,-0.00074256624793634,0.015503655187786,-0.025435395538807,-0.016488702967763,-0.024351922795177,-0.013814598321915,0.029593108221889,-0.014023032970726,0.023881904780865,-0.017767611891031,-0.02318225055933,0.015007454901934,-0.024701556190848,-0.013035511597991,-0.030554940924048,-0.028734389692545,-0.0028796542901546,0.025782726705074,0.0023924179840833,0.024286229163408,-0.012588321231306,0.031646937131882,-0.027601197361946,-0.0010326780611649,-0.0056257313117385,-0.022585306316614,-0.013243943452835,-0.024587089195848,0.010440900921822,0.008327592164278,-0.0089431507512927,0.020497163757682,-0.031007390469313,0.0061785695143044,0.0081606050953269,0.040761455893517,0.025245737284422,0.019804313778877,-0.030340833589435,-0.030470678582788,-0.014753173105419,-0.0092567354440689,0.036952905356884,-0.032837573438883,-0.001770606264472,0.017252616584301,0.0090561294928193,0.024317523464561,0.025612935423851,0.004808119032532,-0.0072292303666472,0.025981584563851,0.015926344320178,-0.016290055587888,-0.033831723034382,-0.020741945132613,-0.0093415910378098,0.0013280650600791,0.031155558302999,0.0045692464336753,-0.015414825640619,-0.028784794732928,0.034829996526241,0.022452665492892,0.012427560985088,0.040037531405687,-0.021805504336953,0.012934174388647,-0.019532976672053,-0.0021248557604849,-0.022032072767615,0.028393894433975,-0.025268077850342,-0.015815319493413,0.017285272479057,-0.01964682713151,0.034967090934515,-0.029415247961879,0.021948425099254,0.021009309217334,-0.019550053402781,0.027673596516252,-0.033051788806915,0.027149522677064,0.03675302118063,-0.018372096121311,-0.022440889850259,0.023646852001548,-0.023319948464632,-0.0087287425994873,-0.0078446120023727,-0.034961298108101,-0.016017954796553,-0.013680341653526,0.040761850774288,-0.032274696975946,0.026673836633563,-0.021718522533774,-0.0010949817951769,-0.027452183887362,0.014799169264734,-0.012507864274085,0.010299779474735,-0.0022283217404038,0.006984428036958,0.01798946224153,-0.005884270183742,0.025115502998233,0.036916151642799,0.023345006629825,-0.021391035988927,0.025019166991115,-0.034309942275286,-0.014176974073052,0.010486454702914,-0.031432740390301,0.012809254229069,-0.021823946386576,-0.013800078071654,-0.028459120541811,-0.024053528904915,0.021833799779415,0.0074035171419382,-0.0035736509598792,-0.025181584060192,-0.01401640009135,0.017006626352668,0.039952863007784,0.031046630814672,-0.017452443018556,0.01503789331764,0.037848889827728,-0.024902543053031,0.0003619056660682,-0.022160243242979,-0.0042973854579031,-0.022606125101447,0.0065226564183831,-0.027609003707767,-0.0082843117415905,-0.037896323949099,-0.0088571971282363,-0.014155458658934,-0.015445840544999,-0.031925521790981,0.0024397484958172,-0.012457477860153,-0.013264031149447,0.021264323964715,-0.02397626452148,-0.028901973739266,0.013254532590508,0.019924947991967,-0.019274262711406,0.030169686302543,-0.034896265715361,0.035456243902445,-0.0068925502710044,-0.0025424386840314,-0.013688844628632,0.03903054445982,0.016479918733239,-0.02959942445159,0.02433106303215,0.030189631506801,0.025304703041911,-0.018969954922795,0.029849864542484,0.0033874402288347,0.014115032739937,0.032448649406433,0.033051893115044,-0.0044522709213197,-0.01453101541847,0.0018941276939586,-0.0075662350282073,0.009548963047564,-0.03165215626359,-0.018025515601039,0.022708484902978,0.031153876334429,-0.017999706789851,0.0051618716679513,0.020862938836217,-0.020534824579954,-0.023718619719148,-0.00077142741065472,0.02267012372613,0.028795633465052,0.028485706076026,-0.033149220049381,0.02201135456562,-0.025142619386315,0.024898311123252,0.013873932883143,-0.0076525774784386,-0.0032195989042521,0.00085057382239029,0.02652296423912,-0.025800693780184,0.021831946447492,-0.018570574000478,0.028895493596792,0.024142311885953,0.0083146644756198,-0.014538570307195,0.031180253252387,0.014141104184091,-0.023065820336342,-0.053987711668015,-0.040950603783131,0.028942843899131,0.038982421159744,0.033316288143396,0.010432727634907,-0.033674702048302,-0.0071643930859864,0.025339893996716,-0.030993836000562,0.013276343233883,-0.010510571300983,0.011314922012389,0.019370600581169,0.019830172881484,-0.011177160777152,0.021891001611948,-0.015521328896284,0.040109258145094,-0.04229049384594,0.024289732798934,0.011899538338184,-0.018302718177438,0.030972948297858,-0.029443157836795,0.0020651614759117,-0.0025135427713394,-0.0086489534005523,-0.023095050826669,0.0062301619909704,-0.04327005147934,0.022185079753399,0.019970638677478,0.024900522083044,0.04376370087266,-0.033381536602974,0.026105422526598,-0.035958800464869,0.022539608180523,0.016419351100922,0.026155648753047,0.0071840309537947,-0.015224289149046,-0.018528314307332,0.0081896893680096,0.0097695151343942,0.0017636680277064,0.030995428562164,0.022474534809589,-0.012691402807832,-0.006916020065546,-0.036299116909504,0.033642895519733,0.022348310798407,-0.0068331491202116,-0.0065103489905596,0.021468201652169,-0.035112164914608,-0.013305922038853,-0.030278937891126,0.025451162829995,-0.018903229385614,0.0026269026566297,0.023774882778525,-0.045278448611498,0.019013164564967,0.01070430316031,-0.005112515296787,0.023372184485197,-0.0087165916338563,-0.0047760875895619,0.0059127220883965,-0.02878156490624,0.035645578056574,0.041682217270136,0.022365842014551,-0.02397982776165,-0.005506076849997,-0.019353920593858,-0.023422311991453,-0.022421224042773,0.031434960663319,-0.0036776454653591,-0.017638551071286,-0.0049200458452106,0.016008893027902,0.021468902006745,-0.013641107827425,-0.008623480796814,0.00020945702272002,-0.0022494536824524,-0.0048039495013654,-0.0055426727049053,0.031399119645357,-0.031213779002428,-0.029288712888956,-0.0053320396691561,-0.028778880834579,-0.01312708389014,-0.03127060085535,0.017152450978756,0.021401137113571,0.029934009537101,-0.027043985202909,0.034408017992973,-0.019387079402804,-0.017920626327395,-0.032058756798506,0.047455690801144,-0.021406147629023,0.0084971832111478,0.039328709244728,-0.030977204442024,-0.015622005797923,-0.029636180028319,0.010447724722326,0.046234354376793,-0.02468647621572,0.00072571355849504,-0.0097671523690224,-0.010681129992008,-0.011907153762877,0.0047807954251766,-0.017541609704494,-0.038904424756765,-0.028264554217458,-0.02213042601943,-0.012617103755474,-0.017874322831631,-0.015066630207002,0.015632817521691,0.012731708586216,2.9732364055235e-06,0.035809949040413,0.035030998289585,-0.0047432607971132,-0.01893911883235,-0.020770033821464,0.020248789340258,-0.0062336986884475,0.012323048897088,0.00019370621885173,0.01272898260504,0.0058193430304527,-0.0089083416387439,0.035065561532974,-0.0074198134243488,-0.01900165900588,0.052506688982248,-0.02100445330143,-0.022496020421386,-0.031115503981709,0.029124826192856,0.006520860362798,0.032891549170017,-0.017121756449342,-0.0202612336725,0.018110875040293,0.00058463477762416,0.048309311270714,-0.011061428114772,-0.0067245964892209,-0.01000911090523,5.4207870562095e-05,-0.012450045906007,0.01737904921174,-0.010626193135977,-0.0087632965296507,-0.027758449316025,0.02146877720952,-0.019779656082392,0.012917003594339,-0.013829058036208,0.032930333167315,0.0097368936985731,-0.020252253860235,-0.036660250276327,0.0097917001694441,0.040074825286865,0.0063341939821839,-0.019210208207369,-0.0010962357046083,-0.0052633504383266,-0.02885690331459,-0.020221529528499,0.0013090833090246,0.031148832291365,-0.032753214240074,0.031568322330713,0.037730637937784,0.0037783791776747,0.0097371144220233,0.039347801357508,-0.0019303818698972,0.015611888840795,0.0045282305218279,0.028231339529157,0.0148198409006,-0.012185364030302,0.033850740641356,0.0069905580021441,0.0078895883634686,-0.048368122428656,0.026886649429798,0.027972683310509,0.014813367277384,-0.03215578570962,0.029916133731604,-0.018812960013747,0.015188347548246,0.0069325473159552,-0.039475232362747,-0.038729254156351,0.025463126599789,-0.035177312791348,-7.3918534326367e-05,-0.038396261632442,-0.035180274397135,0.031037356704473,0.0032242313027382,-0.017449574545026,-0.026876304298639,-0.019930467009544,-0.0013869076501578,0.0016209266614169,0.02204480394721,0.032081451267004,0.035502877086401,0.0098419860005379,-0.0061652399599552,0.0053945942781866,0.008635276928544,-0.027221826836467,0.035289723426104,0.004515147767961,0.023006927222013,0.024843020364642,0.0089692501351237,0.020658932626247,0.037141736596823,0.0015794351929799,-0.02481290884316,0.020848777145147,0.031492911279202,0.018608065322042,0.028020448982716,0.038533300161362,-0.029129566624761,0.0031961204949766,-0.023079667240381,-0.038616836071014,0.018828241154552,0.020344560965896,-0.004780488088727,-0.019489228725433,0.014154901728034,-0.010813686996698,0.014929678291082,0.035142749547958,-0.024823766201735,0.0042584710754454,-0.019792580977082,-0.030127611011267,-0.047663345932961,-0.016057565808296,-0.0016059532063082,-0.0015023867599666,-0.014906345866621,0.00036999341682531,0.0054213306866586,-0.022974640130997,0.0246517136693,-0.0025695895310491,-0.0039829728193581,0.0089264642447233,-0.023031899705529,0.00053404743084684,-0.012229143641889,0.039075817912817,0.014107376337051,-0.0069275363348424,0.0020714297425002,0.0056908987462521,-0.00032575259683654,-0.017355186864734,0.032677318900824,0.020017072558403,-0.029817383736372,-0.023282991722226,0.037418734282255,0.035047590732574,0.018909018486738,0.0093954876065254,0.015984665602446,-0.039988644421101,0.015285389497876,-0.012082028202713,-0.010909863747656,-0.016407543793321,-0.0030670096166432,-0.029583409428596,-0.02011557482183,0.038262844085693,0.0073219439946115,-0.035054046660662,0.033262878656387,0.004858564119786,0.01967834122479,0.014667359180748,0.037643659859896,0.0018008791375905,0.0087003288790584,0.029506161808968,-0.031554479151964,-0.01296988222748,0.0066331294365227,0.02718866802752,0.0076426542364061,0.01836010068655,-0.027157295495272,0.025538286194205,-0.010816214606166,0.028109585866332,0.0013026581145823,-0.0015927782515064,0.039547029882669,0.018093973398209,-0.0075272717513144,-0.014859149232507,-0.032129559665918,0.0039175474084914,-0.020482530817389,-0.024044329300523,0.018987759947777,-0.028459794819355,0.0092995101585984,-0.028231330215931,-0.027105776593089,0.019123546779156,0.01554480753839,0.029825039207935,0.016930164769292,0.035076279193163,0.022769816219807,-0.013131357729435,-0.026730116456747,-0.025892645120621,0.0060168043710291,0.0067353495396674,0.0078962249681354,-0.0062401737086475,0.025988053530455,0.0029265235643834,0.025209113955498,-0.040629107505083,0.023693852126598,-0.00042133897659369,0.013142690993845,0.023652853444219,0.039844240993261,0.020122429355979,0.018235113471746,0.010294710285962,0.02621466293931,0.018625693395734,0.013687117025256,0.032229989767075,-0.014089055359364,0.00024155853316188,0.00069059222005308,0.007411380764097,-0.0043796296231449,0.012065017595887,0.0043458403088152,0.033039383590221,0.013787707313895,0.022506210952997,0.0046873893588781,-0.010102330707014,0.035011954605579,0.031851779669523,0.030207641422749,-0.0053394376300275,-0.02124903537333,0.018957365304232,0.017293741926551,-0.005815826356411,-0.028314623981714,0.01919855736196,-0.035852413624525,0.00038914769538678,0.015362572856247,-0.00036658445606008,-0.020434200763702,0.016439201310277,0.016956996172667,-0.010795548558235,0.010000604204834,0.0061849495396018,-0.01353074144572,0.023211220279336,0.031991112977266,-0.015784613788128,0.033486589789391,-0.043218996375799,0.0039839828386903,0.011067918501794,-0.0028109340928495,-0.0045723472721875,0.029079753905535,0.0067398529499769,0.015471725724638,0.022353196516633,0.024049174040556,-0.025032505393028,-0.00553107727319,0.028432907536626,0.027893023565412,0.012676820158958,0.020494360476732,-0.0312594845891,0.0060425763949752,0.0036413709167391,0.019405441358685,0.0066984076984227,-0.0069621852599084,-0.028312154114246,-0.03509371727705,0.0090528400614858,0.0033341790549457,-0.0061089396476746,0.014164364896715,-0.02851253375411,0.00019489167607389,-0.018973154947162,-0.029979972168803,-0.0014087002491578,0.035090114921331,0.0080481600016356,0.023057987913489,-0.034730978310108,0.019892796874046,0.03238258510828,0.03364809975028,-0.00010378715523984,0.03105085156858,-0.010336192324758,-0.017961863428354,0.021601868793368,0.034926787018776,-0.03434843569994,0.0065301503054798,0.017635848373175,0.035141389816999,0.0025036472361535,0.01421972643584,-0.01837900467217,-0.013406001031399,0.0058070025406778,0.046823889017105,-0.0091198924928904,-0.019740169867873,-0.018273498862982,0.02665358223021,0.042097650468349,0.022930782288313,-0.028329541906714,-0.0099768508225679,0.022760728374124,0.012393571436405,-0.019635515287519,-0.024030894041061,-0.039526328444481,0.020643336698413,0.038861621171236,0.0050672083161771,0.03381410613656,0.031462989747524,0.035336170345545,0.01676981523633,-0.0029757427982986,-0.019377360120416,-0.018976921215653,0.036571577191353,-0.0055267778225243,0.023302990943193,-0.0057480093091726,0.0049790185876191,0.01179236639291,0.019792024046183,-0.03308380395174,-0.0071807391941547,0.028541576117277,0.016557397320867,0.036874011158943,-0.029224004596472,0.0052277157083154,0.0073301200754941,-0.0090384408831596,0.025770647451282,0.032964173704386,0.020301550626755,-0.033142726868391,0.035823587328196,0.0057096276432276,-0.0023382222279906,-0.0045675318688154,0.019849169999361,0.019491121172905,0.017378093674779,-0.019730590283871,0.012781580910087,-0.0072690960951149,-0.0084694819524884,-0.031421035528183,0.038933180272579,0.0083314320072532,-0.013058234937489,-0.0060226814821362,0.024811683222651,-0.011160261929035,0.011554921977222,0.00010435254080221,-0.03275964781642,0.011052799411118,0.023948343470693,0.0065428521484137,-0.036591213196516,0.028068449348211,-0.014394386671484,0.024714568629861,0.022469293326139,0.021455086767673,0.014450372196734,-0.0083833541721106,0.013271482661366,0.017966767773032,0.023497713729739,0.0011395516339689,0.040448360145092,-0.011837712489069,-0.021432483568788,-0.041179034858942,-0.00065637088846415,0.0309745259583,0.012109843082726,-0.0091283516958356,0.029511693865061,0.00044961617095396,-0.02863491512835,-0.010974708013237,0.0023906046990305,0.014941740781069,0.0087582245469093,-0.033602267503738,0.028380418196321,-0.03611696138978,0.030227907001972,-0.015504527837038,-0.016333606094122,-0.033297289162874,0.0043179276399314,-0.025236615911126,0.017940955236554,-0.018869567662477,0.035222187638283,-0.012267193756998,-0.018141899257898,-0.03637869656086,-0.033483769744635,0.018344117328525,0.016832999885082,-0.0039824466221035,0.0035080807283521,-0.016162160784006,0.004302135668695,0.01527270115912,0.042231321334839,-0.026810454204679,-0.0018705596448854,0.042747490108013,-0.015351748093963,0.020685352385044,-0.03104723803699,-0.0052048820070922,0.017414078116417,-0.024062644690275,0.03101733699441,-0.026112644001842,0.0047282436862588,0.0085871927440166,0.025229666382074,-0.028023701161146,0.011339196003973,-0.025012047961354,-0.035171329975128,-0.036899257451296,0.01904458925128,0.017249263823032,-0.019357211887836,-0.025335624814034,0.035855505615473,-0.025558069348335,0.010971628129482,0.019890682771802,0.0056578195653856,-0.030654694885015,-0.02302548289299,-0.010186242870986,-0.018154438585043,-0.014330398291349,0.024648161605,0.0028127245604992,0.021906228736043,0.017296750098467,-0.011755549348891,0.021056624129415,0.034591626375914,0.017624961212277,-0.0026565385051072,0.038848295807838,-0.015786115080118,0.017811965197325,-0.0076652704738081,-0.0082541182637215,-0.024015791714191,0.042609248310328,-0.034283436834812,0.0083786770701408,0.02740491181612,0.033793099224567,-0.019652098417282,0.019083876162767,0.0086870118975639,0.025773495435715,0.013330973684788,0.020713793113828,0.0051409448496997,0.018353411927819,0.01870677806437,0.032548561692238,-0.0023731233086437,-0.021897090598941,-0.030366398394108,0.029614083468914,0.011601350270212,-0.019423376768827,0.017891116440296,0.010249333456159,0.024769147858024,0.044681556522846,0.02430104650557,-0.034502539783716,0.02473303116858,-0.022093048319221,-0.039314832538366,0.018769660964608,0.0032516799401492,0.0090468572452664,-0.035298973321915,-0.016772022470832,0.044940531253815,-0.027928810566664,0.033463709056377,0.018746437504888,0.032061237841845,0.026935398578644,0.038600463420153,-0.012894324958324,0.012370922602713,-0.033055532723665,0.027946131303906,-0.032209005206823,-0.032260905951262,0.0022502485662699,-0.01571686938405,0.022909723222256,-0.04113394767046,-0.00098553893622011,0.028150673955679,-0.026706904172897,-0.012043812312186,-0.034124203026295,-0.016438009217381,0.051630973815918,-0.030864031985402,0.029109891504049,0.020401664078236,-0.026628646999598,0.0092654097825289,0.0072020427323878,-0.017006281763315,0.016560565680265,-0.017994213849306,-0.025493277236819,0.037916921079159,0.013955064117908,-0.016956377774477,-0.0007901395438239,-0.028515441343188,-0.015078336931765,-0.039170309901237,-0.01800225675106,0.021507263183594,0.04501660913229,-0.011334864422679,-0.025939796119928,0.036471538245678,0.010524667799473,0.012860387563705,0.0086652087047696,0.012401171028614,0.0058858636766672,-0.0099068032577634,-0.022353250533342,-0.0086549632251263,0.026254015043378,-0.0039070756174624,0.032628156244755,0.023839255794883,-0.037749916315079,-0.025671504437923,-0.0066426042467356,-0.00047762040048838,-0.021148342639208,0.040942773222923,0.003010120941326,0.037136305123568,-0.036714695394039,0.010346989147365,-0.005108883138746,-0.015553341247141,-0.012195539660752,-0.027384435757995,0.034118682146072,-0.0087183164432645,-0.030730057507753,-0.027721794322133,-0.025291243568063,0.030404664576054,-0.041756372898817,0.019310494884849,-0.030174352228642,-0.023516369983554,-0.00556097086519,0.010185998864472,-0.021682899445295,-0.014898205175996,0.0062308302149177,0.016020392999053,-0.019969135522842,-0.046956364065409,-0.012449065223336,-0.016869999468327,-0.0070798192173243,-0.025774223729968,-0.0088224308565259,-0.021343404427171,-0.020661624148488,-0.052617140114307,-0.019975380972028,0.026751855388284,0.011264006607234,0.014490501023829,-0.027726145461202,0.0080138724297285,-0.027670715004206,-0.031146647408605,0.034148015081882,0.0060592698864639,0.026232479140162,-0.010699684731662,0.029251672327518,-0.043874178081751,-0.035201024264097,-0.016617301851511,-0.023075824603438,0.021362360566854,0.010110567323864,-0.031543634831905,-0.028839211910963,-0.021524736657739,-0.035399235785007,0.013186763972044,-0.016197124496102,0.031134756281972,0.022277168929577,-0.04587260261178,0.0044947238638997,0.023785592988133,-0.015737930312753,0.024068810045719,-0.044819537550211,-0.019008340314031,0.025209542363882,0.027560928836465,-0.025624062865973,0.0084656868129969,0.020348817110062,-0.029439369216561,0.0038187243044376,0.032752018421888,-0.024265956133604,-0.022206027060747,-0.030773913487792,-0.021977422758937,0.0078737055882812,-0.033988248556852,-0.0091522429138422,-0.026412134990096,-0.030067978426814,-0.046260729432106,-0.0074330251663923,0.015450174920261,0.019010540097952,-0.0027877751272172,-0.012369660660625,0.035754084587097,0.020516229793429,-0.038379430770874,-0.011941954493523,-0.051192585378885,-0.023706920444965,0.019860444590449,-0.03712435439229,0.019063834100962,0.032703824341297,-0.011111477389932,0.040454190224409,0.0061186263337731,0.012638808228076,-0.037678457796574,0.0018501116428524,0.012604997493327,-0.011121700517833,-0.012927813455462,0.031967561691999,-0.012895431369543,-0.0022124922834337,-0.032680805772543,0.011254902929068,0.023035559803247,0.02433287538588,-0.028353726491332,-0.024797320365906,0.022015210241079,0.0091638118028641,-0.00062618975061923,-0.035718839615583,0.017276948317885,-0.021940216422081,-0.0051348395645618,-0.024208884686232,-0.028088500723243,-0.0011688290396705,0.029250176623464,0.0025122605729848,-0.033552255481482,0.023439718410373,0.026958474889398,-0.019020054489374,-0.013828572817147,0.029421841725707,0.0052733621560037,-0.047162041068077,0.0040306653827429,-0.028443181887269,-0.016933023929596,-0.022814087569714,0.017034564167261,-0.015327172353864,0.00014007354911882,-0.009420296177268,-0.018731096759439,-0.007105846889317,-0.024275003001094,0.035414420068264,0.055046003311872,-0.026055581867695,-0.025014605373144,-0.0066325012594461,0.037640400230885,-0.030868021771312,0.012851933017373,0.012391194701195,0.017479572445154,-0.038359016180038,0.0023071146570146,0.02949083968997,-0.022581124678254,0.0034930736292154,-0.034689743071795,-0.012858355417848,-0.015011129900813,0.04484437033534,-0.025326890870929,-0.0011483317939565,0.042424369603395,0.019074028357863,-0.0063936398364604,0.031746864318848,-0.042485352605581,-0.03328450396657,0.0344491712749,-0.0032191558275372,-0.011554813012481,0.041105825453997,0.038613375276327,-0.00036432407796383,0.0091106267645955,0.0060546421445906,0.014817166142166,-0.037051368504763,0.024420212954283,-0.0074024358764291,-0.00038522685645148,0.026859724894166,-0.01652461849153,0.0068795210681856,-0.021541917696595,-0.029509320855141,-0.0084569361060858,-0.01232198253274,-0.0057363919913769,-0.027636345475912,-0.027852602303028,-0.000393944530515,-0.0091087650507689,0.015599217265844,-0.022601891309023,-0.017099322751164,0.023032752797008,-0.0086764479056001,0.014503992162645,-0.020626276731491,-0.015846718102694,0.022606765851378,-0.030378082767129,0.0097184097394347,0.02582149207592,-0.033521816134453,-0.015919029712677,0.034904111176729,0.013655335642397,0.013890434987843,0.016134977340698,-0.023429708555341,-0.026760255917907,0.048911847174168,-0.031468532979488,-0.016022615134716,-0.022638780996203,-0.0049328319728374,0.0062700118869543,0.0049936715513468,-0.016627036035061,-0.019643396139145,0.021899910643697,0.018180975690484,-0.043108083307743,-0.0085226530209184,0.023729130625725,-0.022562846541405,-0.021109139546752,0.0035133401397616,0.042299207299948,-0.015488807111979,-0.014833251945674,0.011099424213171,0.034463718533516,0.015350081957877,0.0053665935993195,0.021711640059948,0.034680254757404,0.034625373780727,-0.02460958249867,0.0010126392589882,-0.022887822240591,0.0095311170443892,0.0022250968031585,0.018724313005805,-0.036649096757174,0.0089373523369431,0.0078928181901574,-0.025257123634219,-0.0030239524785429,0.033243764191866,0.023593937978148,0.0038203205913305,-0.013843420892954,0.035947885364294,-0.033144261687994,-0.020569955930114,0.0022080491762608,0.030401092022657,-0.022886108607054,-0.0073579950258136,0.00049835426034406,-0.041566856205463,0.023142969235778,-0.0087126772850752,0.02241705916822,0.0094686169177294,0.03324506431818,-0.054431542754173,0.022156521677971,0.03724591806531,-0.018554283306003,-0.0068618599325418,-0.016256028786302,0.010764603503048,0.027188090607524,0.001630176557228,-0.048061016947031,-0.022224823012948,-0.017673585563898,-0.0229357406497,0.00082489231135696,-0.021624270826578,0.025921691209078,-0.0045708864927292,0.0320591814816,0.0052356733940542,-0.039987586438656,0.02387504838407,0.038908787071705,0.0060050943866372,0.0050715249963105,0.02457345277071,-0.010250073857605,-0.014718508347869,-0.040908165276051,0.012883152812719,8.5346582636703e-05,-0.0158542227,-0.017816018313169,0.033309746533632,-0.034793861210346,-0.019941456615925,0.015480100177228,0.0067871236242354,-0.027412975206971,0.021977311000228,-0.0013458094326779,-0.025428514927626,0.0020185464527458,0.0076436805538833,0.0069211390800774,-0.0079647479578853,-0.0082698240876198,0.010224482044578,-0.031802158802748,0.033922612667084,-0.034109368920326,0.03554417565465,0.025743290781975,0.015036964789033,0.0089404648169875,0.029360983520746,0.0079520624130964,0.034311339259148,0.02068605273962,-0.040461365133524,0.045378241688013,0.013358703814447,-0.0384471565485,-0.0026547384914011,0.012252824380994,0.010489783249795,-0.030329125002027,0.014043357223272,-0.014151787385345,0.034301675856113,0.0070402533747256,-0.015456661581993,0.029012622311711,-0.017933588474989,-0.019517170265317,-0.019638292491436,0.023305824026465,0.025976408272982,0.0016047302633524,-0.0010376502759755,0.035899758338928,0.026324825361371,-0.010284341871738,0.020051810890436,0.0023665335029364,-0.00037035695277154,-0.023195585235953,0.02852894179523,0.0098678916692734,-0.0044489889405668,0.039064902812243,-0.013905477710068,0.0048244227655232,0.0056231496855617,-0.0021779714152217,-0.02869451418519,-0.017392421141267,0.023628925904632,-0.025181349366903,0.029372297227383,0.032319121062756,-0.047763917595148,-0.020332308486104,0.014514463022351,0.009652997367084,0.038455475121737,0.015042181126773,0.011035797186196,0.011528139002621,-0.029508987441659,-0.022024197503924,0.0097086941823363,-0.0013534695608541,0.025070754811168,-0.024630209431052,-0.015948733314872,-0.014351150020957,0.011814184486866,-0.014203109778464,-0.044105373322964,-0.0329973064363,-0.0042892368510365,0.0095933843404055,-0.0036230536643416,0.024010436609387,0.022098915651441,0.0082525573670864,0.0029142608400434,-0.019119853153825,-0.046976257115602,0.001316795591265,0.022639751434326,0.030107913538814,-0.020267089828849,0.011873590759933,0.017717951908708,-0.0075892913155258,0.020126210525632,-0.019444474950433,0.01852123811841,-0.033992353826761,0.01427289377898,-0.0029084105044603,0.024748399853706,0.022850904613733,-0.0037780858110636,0.010652152821422,0.014746737666428,0.022776167839766,0.0032042635139078,-0.031931981444359,0.046111218631268,-0.02370722219348,0.017472594976425,-0.032819744199514,-0.019613862037659,0.015164704062045,0.032627586275339,0.027223413810134,-0.0073277475312352,-0.01219845470041,-0.016522228717804,0.024966021999717,-0.0019786616321653,0.00036670904955827,0.026938600465655,-0.0078423470258713,-0.031430281698704,-0.04103235527873,0.00020996114471927,-0.020002877339721,-0.0133759053424,0.0044263694435358,-0.027787525206804,-0.0018335288623348,-0.0046804775483906,-0.0027254528831691,0.0042165690101683,0.0063417381606996,-0.025492310523987,0.039233982563019,-0.0066150859929621,0.0036710409913212,-0.0016645729774609,0.01154813170433,-0.029717549681664,-0.017619764432311,0.033730391412973,0.023565892130136,0.012555176392198,-0.011213801801205,0.027232833206654,-0.034497238695621,0.033248033374548,0.0086624762043357,-0.020274218171835,0.045039508491755,0.018699791282415,-0.006647780071944,0.0099066104739904,0.042045071721077,0.024730624631047,0.027863513678312,-0.029886791482568,0.029038693755865,-0.0046481569297612,-0.025388278067112,0.055780343711376,0.013632371090353,0.020149648189545,-0.034677591174841,-0.00044165441067889,-0.0017986953025684,0.0098022483289242,0.046084187924862,0.0026054317131639,-0.00073503947351128,0.022435251623392,0.035738606005907,-0.025184374302626,0.025038661435246,0.012507876381278,0.027576185762882,0.0152836907655,-0.021648164838552,-0.0080448351800442,-0.019761810079217,0.032821282744408,0.016199480742216,0.03502356633544,0.029956448823214,0.014926761388779,0.032436907291412,0.023707894608378,0.018448125571012,0.03315918892622,-0.033114694058895,-0.011953823268414,-0.022944364696741,0.027511358261108,0.016790885478258,0.00029947023722343,-0.0055261002853513,0.021449211984873,0.0019979232456535,0.011226695030928,-0.0093709006905556,-0.018462747335434,-0.040028490126133,0.030728099867702,-0.0067801089026034,-0.012661709450185,0.034378971904516,0.014501024968922,-0.00015975469432306,-0.012748862616718,0.0041789193637669,0.0055532702244818,0.025628896430135,0.038901120424271,-0.014483701437712,-0.0082628754898906,-0.013366176746786,-0.033635873347521,-0.018320182338357,-0.040093738585711,-0.011882120743394,0.029109487310052,-0.029735727235675,0.031493913382292,0.024702725932002,-0.02106574550271,-0.01752389781177,0.0031379752326757,0.03498649969697,0.059183549135923,-0.027537753805518,0.073495909571648,0.024203175678849,0.017696119844913,-0.0041379379108548,0.0010733273811638,-0.00086613622261211,0.023802457377315,-0.0023957502562553,-0.0042196339927614,0.042659968137741,0.023026844486594,0.0027922180015594,0.045285981148481,0.00088331766892225,0.0034231911413372,-0.029101029038429,0.023300835862756,0.022341120988131,0.010621683672071,0.037696231156588,-0.024776699021459,0.011263233609498,0.01610510982573,0.0017160113202408,0.0026513379998505,-0.013799633830786,-0.017057249322534,-0.029307341203094,0.0050877286121249,-0.0029398708138615,0.029905302450061,0.034245956689119,0.026522841304541,0.023514930158854,0.0088741416111588,0.009239686653018,-0.024843083694577,0.019537458196282,0.027155989781022,0.0081708934158087,0.0071939607150853,0.018244238570333,0.0016987650888041,-0.0071803596802056,0.015627140179276,0.0015364763094112,-0.0082889664918184,0.044231932610273,-0.05895633995533,0.013666789978743,0.035185292363167,0.025221198797226,-0.0029907843563706,0.019874995574355,-0.0066769234836102,-0.01888981461525,0.035991329699755,0.0074988463893533,-0.021841567009687,0.012137114070356,0.0038614177610725,0.010555749759078,0.035758040845394,0.0078132506459951,0.046470787376165,0.021648595109582,0.020589631050825,0.023473398759961,-0.042909756302834,0.040240000933409,0.032396633177996,-0.0013291864888743,0.032085292041302,-0.028493508696556,0.036439258605242,-0.0013918027980253,0.0049059288576245,0.0027627164963633,-0.017285900190473,0.028652187436819,-0.02434291690588,0.033239711076021,0.030544584617019,0.02435639873147,0.036770440638065,0.00029639145941474,0.023271972313523,-0.010968059301376,-0.012170491740108,0.020689761266112,0.035434059798717,-0.024453410878778,0.010923087596893,-0.0038665169849992,0.012713474221528,0.024067642167211,0.0094298264011741,-0.033741042017937,0.010308095254004,-0.041316520422697,0.018016524612904,0.02349522151053,0.016053577885032,-0.025817731395364,-0.0049965102225542,-0.018922498449683,-0.020599294453859,0.031622424721718,-0.026074178516865,0.033765610307455,-0.02846765331924,-0.021395182237029,-0.011444938369095,0.01573683694005,0.029607988893986,0.013681193813682,0.029308961704373,0.026649836450815,-0.0063236183486879,0.012416411191225,0.010717030614614,-0.014502362348139,0.022327339276671,-0.029844298958778,0.018926681950688,0.045178532600403,0.018400311470032,-0.0095708025619388,-0.034306105226278,0.028053080663085,0.040449999272823,-0.020153926685452,-0.0027238125912845,-0.018029224127531,0.043393786996603,-0.00096771487733349,-0.017758868634701,0.02677471190691,-0.014461857266724,0.0049806176684797,-0.025318320840597,-0.024792362004519,-0.023289300501347,-0.016839753836393,0.0058793621137738,-0.010494902729988,0.02826951444149,-0.027204368263483,0.026059880852699,0.017561176791787,-0.039045237004757,0.0023924421984702,0.020811038091779,-0.00078540155664086,0.045611031353474,-0.0046746078878641,0.032375812530518,-0.011882329359651,4.6895274863346e-05,-0.022509770467877,-0.024070091545582,-0.013514900580049,-0.0086136562749743,-0.017495363950729,0.024134535342455,-0.036846403032541,0.0081229703500867,-0.015591570176184,0.017880836501718,0.022605067119002,0.0391925573349,0.011164885945618,0.0011907739099115,0.05390390008688,0.030510367825627,-0.00044511834857985,0.017352243885398,0.017540667206049,0.0049596279859543,0.036270581185818,-0.038312207907438,-0.0099971052259207,0.019793005660176,0.017666291445494,-0.0056161102838814,-0.051057510077953,0.019929323345423,-0.0054393527098,-0.054726719856262,-0.021246299147606,-0.05096398666501,0.0094429142773151,-0.0078535052016377,-0.03621968626976,0.015188783407211,0.002049314789474,0.024270037189126,0.012031560763717,-0.028121523559093,-0.026486024260521,-0.0044367560185492,-0.02646660618484,-0.0072067324072123,-0.04646272584796,-0.010822431184351,0.0035048697609454,-0.02579097263515,0.023862890899181,-0.043604880571365,0.015343866311014,0.010925516486168,0.018603146076202,0.0074315550737083,-0.015678266063333,-0.0052878763526678,-0.049511764198542,0.071892283856869,0.010684300214052,0.011384360492229,0.019891485571861,0.019275091588497,0.0095981825143099,-0.054512612521648,-0.01817087829113,0.039859049022198,0.0079043032601476,0.024923915043473,0.0078260861337185,0.026841441169381,0.053875423967838,0.01623373106122,-0.023175558075309,-0.029650522395968,-0.034815028309822,-0.048151273280382,0.027366043999791,0.0041999295353889,0.019860729575157,-0.021855114027858,-0.033827789127827,0.011467008851469,-0.0020631146617234,0.048256877809763,0.01244181022048,0.025487301871181,-0.049581792205572,0.023083161562681,-0.0096121821552515,0.0038765252102166,0.019776709377766,-0.03302763402462,-0.0082956394180655,-0.0030738199129701,-0.043839201331139,-0.04015738517046,-0.032940980046988,-0.011270396411419,0.011096795089543,-0.029382498934865,-0.0059886397793889,-0.012976970523596,0.013448098674417,0.0047555738128722,0.025935284793377,0.0017610278446227,0.024038264527917,-0.016237357631326,-0.029870660975575,-0.0038536572828889,-0.052380792796612,-0.032028026878834,-0.046436049044132,-0.018989557400346,0.022517744451761,0.011169866658747,-0.018645433709025,0.010853941552341,-0.0075146201997995,-0.011490064673126,-0.0049985316582024,0.075653895735741,-0.034941833466291,-0.035779427736998,0.014819358475506,-0.034560978412628,-0.003027071710676,0.023308239877224,-0.013373241759837,-0.00088433816563338,-0.031094336882234,-0.043873429298401,-0.0086866114288568,0.034358415752649,-0.0099326632916927,-0.046882513910532,0.0161537155509,-0.020264251157641,0.0032124218996614,0.019775466993451,0.044193919748068,0.044439703226089,-0.019809022545815,-0.010380279272795,-0.026419498026371,0.02100533246994,0.036123987287283,-0.01002068258822,-0.021462162956595,0.030817387625575,0.0080678658559918,-0.036493096500635,0.012648013420403,-0.037863064557314,-0.0078627057373524,0.032517656683922,-0.025179732590914,-0.044801231473684,0.0068046050146222,-0.0033314409665763,-0.027657603845,0.023993462324142,-0.0046127587556839,-0.015156188048422,-0.0028667997103184,0.033387549221516,0.044126071035862,0.041113790124655,0.0085303280502558,0.011759410612285,-0.045035865157843,-0.013150816783309,0.03460256382823,0.014800967648625,-0.010160487145185,0.021271446719766,0.011876055039465,0.017386643216014,-0.037641681730747,0.015214807353914,-0.0089999213814735,0.026963654905558,0.020093344151974,0.022449927404523,-0.027038848027587,0.012511963024735,0.0095010111108422,-0.0062033641152084,-0.0070146988146007,0.027003103867173,0.02853717468679,-0.0071051898412406,0.0099170822650194,0.033303119242191,-0.031188879162073,-0.00047345869825222,0.0013097500195727,-0.024248391389847,-0.024866702035069,0.0022205093409866,-0.019163241609931,0.00087966216960922,0.0057572238147259,-0.028007116168737,0.029646279290318,-0.033718939870596,-0.0049550021067262,-0.0030901492573321,0.045312535017729,0.03565788269043,-0.011741967871785,-0.0047928839921951,0.0111651327461,-0.031781632453203,0.010474915616214,0.0022187335416675,0.0095690609887242,0.055602286010981,-0.025940887629986,0.017308324575424,0.022400289773941,0.025468580424786,-0.038405787199736,0.010271309874952,-0.026101123541594,0.013425911776721,-0.046967059373856,-0.0041831997223198,-0.043531242758036,-0.030497506260872,-0.00021334420307539,-0.0039094616658986,-0.015570158138871,0.018081342801452,-0.026624396443367,-0.037753760814667,0.050684306770563,-0.024364184588194,0.012967217713594,0.0093439053744078,0.0040904940105975,3.3753050956875e-05,-0.025408312678337,-0.011821600608528,0.023568274453282,-0.031436856836081,-0.016532002016902,0.035273507237434,-0.017472989857197,0.033739145845175,-0.043438542634249,-0.0012225368991494,-0.046681709587574,-0.025230398401618,0.021122146397829,0.058009725064039,-0.0022198285441846,-0.00012765348947141,0.0096983509138227,-0.022146498784423,0.059524122625589,0.0037485458888113,0.022807015106082,0.0046287341974676,-0.045667000114918,0.057257123291492,-0.0033006849698722,-0.024925718083978,0.025424372404814,0.045160606503487,-0.016903715208173,-0.054857056587934,-0.00095661322120577,-0.008317262865603,-0.0084624597802758,-0.044483680278063,0.01657360047102,0.031718172132969,0.036116372793913,-0.032890915870667,0.016446923837066,-0.08541676402092,0.040402941405773,0.0016593806212768,0.023237830027938,0.029876302927732,0.0033640242181718,-0.0057702353224158,0.039612554013729,-0.032277308404446,-0.018403882160783,0.00060568767366931,0.041917588561773,0.039284739643335,-0.031275723129511,0.017861155793071,0.021358467638493,-0.00097303453367203,0.040113396942616,0.010613759979606,-0.028502374887466,0.035264994949102,0.021204337477684,-0.030653966590762,0.032790169119835,0.00079791061580181,0.04278364777565,-0.020366249606013,-0.0017170674400404,-0.028899377211928,0.00027586199576035,0.032169919461012,0.020361535251141,0.019948599860072,-0.025001460686326,0.034479789435863,0.015182070434093,0.070411115884781,0.019222071394324,-0.011157623492181,-0.0029097436927259,-0.020022572949529,0.0021173001732677,-0.033689446747303,-0.013306464999914,0.024850493296981,-0.031370863318443,0.0081861112266779,0.055094886571169,0.025606038048863,0.03536343947053,-0.046959206461906,0.029368538409472,0.048492688685656,0.025528645142913,-0.045790299773216,-0.018641546368599,0.0042262147180736,0.010755399242043,0.0094475615769625,-0.035786733031273,-0.013263602741063,0.046851776540279,-0.020723298192024,-0.054894495755434,-0.0099842669442296,0.0047326642088592,-0.015036845579743,-0.0069489339366555,0.028388822451234,-0.010130573064089,0.0095909489318728,-0.012215425260365,-0.016224397346377,-0.024836760014296,-0.016165034845471,0.017484925687313,-0.008522535674274,0.030324684455991,0.012576310895383,0.017023475840688,-0.033438585698605,0.018647877499461,0.052565727382898,0.022371122613549,0.028771424666047,-0.022319104522467,0.0011877687647939,-0.0077229347079992,-0.069523610174656,-0.024471703916788,-0.041906010359526,-0.002105429302901,0.071090273559093,-0.027183540165424,0.020838381722569,-0.029163371771574,-0.0020667116623372,0.0041613159701228,-0.034526608884335,-0.032230764627457,-0.0020775082521141,0.0099158547818661,-0.039839718490839,-0.017266741022468,0.0072010192088783,0.018048649653792,0.028390547260642,0.0053787725046277,0.018542258068919,0.021432345733047,-0.0029518732335418,-0.032616328448057,-0.037483617663383,-0.019764766097069,0.019645037129521,0.016461687162519,-0.050700552761555,-0.011603465303779,-0.011610900983214,0.011557166464627,0.013326524756849,0.025711139664054,-0.031082639470696,-0.0071677179075778,-0.010065318085253,0.005623821169138,-0.017658654600382,0.026587622240186,0.010376261547208,0.0035009330604225,0.014353568665683,-0.017299322411418,-0.001849859720096,-0.0032046611886472,-0.0020159762352705,-0.0082196742296219,-0.013504110276699,-0.010156212374568,0.012117303907871,0.014693664386868,0.015887334942818,-0.061859268695116,-0.03624901175499,0.016303565353155,0.0091239558532834,0.015941146761179,0.025880597531796,0.045824069529772,-0.00018046998593491,-0.030251739546657,0.016412938013673,-0.015605981461704,0.030600195750594,-0.020909924060106,-0.021084174513817,-0.016426179558039,0.046307541429996,-0.0068295570090413,0.0031220803502947,-0.031791657209396,0.008880190551281,-0.021459249779582,-0.022829236462712,-0.033219024538994,-0.004117873031646,-0.031509034335613,0.013878203928471,-0.0092017501592636,-0.035498470067978,-0.0034914498683065,-0.042741946876049,-0.011114234104753,0.033062487840652,0.0028906108345836,0.031168760731816,0.018939450383186,0.0075552989728749,0.018193926662207,0.00057994050439447,-0.017521994188428,0.011110981926322,0.03247170522809,-0.022701730951667,-0.045383904129267,-0.0038411321584135,-0.0055281836539507,-0.0033798462245613,-0.016548415645957,0.0320163667202,0.0073156040161848,-0.0048568188212812,-0.011202426627278,0.036668311804533,-0.018957547843456,0.027556633576751,-0.015284081920981,0.016799969598651,-0.010463205166161,0.01211126241833,0.0026780120097101,0.00080230174353346,-0.022346304729581,-0.012342568486929,0.0007821285398677,0.035337258130312,-0.02176052890718,-0.028663137927651,-0.0021027168259025,-0.021168783307076,0.033174201846123,-0.013921465724707,-0.04861206188798,0.030341990292072,0.013977313414216,0.01546298712492,-0.00031448932713829,0.038948606699705,0.0091697759926319,-0.011314920149744,-0.013456933200359,-0.023375615477562,-0.013713692314923,-0.02739485912025,-0.035103306174278,0.013721919618547,-0.046911474317312,-0.0026389369741082,-0.029204670339823,-0.042062137275934,0.0032335093710572,0.03327463939786,-0.034849036484957,-0.0034472921397537,0.04127561300993,0.034593898802996,-0.0077298292890191,0.018134329468012,0.019217472523451,-0.047777030616999,0.014272385276854,0.032057523727417,0.0055501917377114,0.039420589804649,-0.0043190880678594,-0.040011044591665,0.0081961983814836,0.041386738419533,-0.0011818122584373,-0.0020557742100209,0.022099642083049,0.034322634339333,-0.044201970100403,-0.012124300003052,-0.021877150982618,0.013548406772316,-0.00028051558183506,-0.01672749593854,-0.016403838992119,-0.0017288232920691,0.043077189475298,-0.042800150811672,-0.033646609634161,-0.011130477301776,0.028169699013233,0.026714978739619,-0.027288855984807,-0.037211675196886,-0.02423888631165,-0.027970789000392,0.023342000320554,-0.025033300742507,0.026751274242997,0.02107129432261,-0.012311379425228,-0.018810903653502,0.011018055491149,-0.012150877155364,-0.013559881597757,0.020215293392539,-0.026284519582987,-0.037260759621859,-0.015058221295476,-0.024419477209449,-0.022906061261892,-0.023158550262451,0.032503075897694,0.035991415381432,0.0019104855600744,-0.0025796976406127,0.0032198198605329,-0.010698739439249,0.0027108499780297,0.010729320347309,0.032955333590508,0.027492728084326,-0.0032094279304147,0.014711532741785,0.015351435169578,0.010760278441012,0.016579354181886,0.013486482203007,0.032903511077166,0.00069357012398541,-0.011672271415591,0.015807133167982,-0.041274327784777,0.011273866519332,0.008290252648294,-0.0044968505389988,0.021848717704415,0.019825352355838,0.011189497075975,-0.027254205197096,-0.0039929719641805,0.007409876678139,0.036247026175261,0.0060807918198407,-0.015912851318717,-0.021043060347438,0.023201186209917,0.012054229155183,0.012076574377716,0.012128985486925,0.022798473015428,0.035920947790146,-0.0089373933151364,-0.024475699290633,0.030097108334303,-0.027586217969656,-0.02227015979588,-0.010340735316277,-0.008108576759696,-0.0053614974021912,0.0060329581610858,-0.016119683161378,0.0020472309552133,0.019756715744734,-0.013070101849735,0.0010478890035301,-0.014907306991518,-0.0070343809202313,-0.020647682249546,0.0028884338680655,0.010613925755024,0.019325627014041,-0.010529059916735,-0.01033064071089,-0.0092150112614036,0.0069261281751096,0.044363860040903,0.035185266286135,-0.036881074309349,-0.012788956053555,-0.0076372600160539,0.0077346554026008,-0.00042950341594405,0.0046957773156464,-0.030481029301882,0.024299336597323,-0.010803150013089,0.039184466004372,-0.017399048432708,-0.0030415719375014,-0.0097911041229963,0.02048509940505,0.033810544759035,-0.034315820783377,0.011329493485391,0.0024829525500536,0.00098940765019506,-0.027958119288087,0.031139880418777,-0.029239255934954,0.0068528121337295,0.015132202766836,-0.026269003748894,0.0040199742652476,-0.025566395372152,-0.0039261989295483,0.0077859316952527,-0.030016670003533,0.03178683668375,-0.037143852561712,-0.050964273512363,-0.017877908423543,-0.020591413602233,0.022683322429657,0.015541250817478,0.017047803848982,-0.0066329254768789,-0.01186271943152,0.018156319856644,0.013132834807038,0.012086444534361,0.026821902021766,-0.019731786102057,0.0028709848411381,-0.02871972322464,-0.033145446330309,0.013487548567355,0.0092943599447608,0.0013610833557323,0.0021102684549987,0.027613557875156,0.0081700058653951,0.01398687530309,0.028692379593849,0.0072554820217192,0.0069160545244813,-0.02745109423995,-0.032925851643085,0.010796977207065,-0.017593536525965,0.02920432947576,-0.0019869357347488,-0.031688861548901,0.027003908529878,-0.014563811942935,0.026615725830197,0.015660133212805,0.012727699242532,-0.0010483886580914,0.028046371415257,-0.030134366825223,0.021733976900578,-0.0066032134927809,0.01699636131525,-0.029598509892821,-0.021734753623605,0.012303594499826,-0.0092759057879448,0.00028493668651208,-0.00078235130058601,-0.018073061481118,-0.040412932634354,-0.025265660136938,0.037665959447622,-0.0023194444365799,0.023462625220418,0.025128394365311,0.004831908736378,-0.027432890608907,0.014598803594708,-0.012387168593705,0.0014510749606416,-0.0054710800759494,-0.0041957618668675,0.0011825364781544,0.046953365206718,0.010655796155334,-0.0094326082617044,-0.030446406453848,-0.014252529479563,0.029093466699123,0.022066615521908,0.034697506576777,0.016425140202045,0.004496359732002,-0.011362087912858,0.02573836222291,-0.022796973586082,0.0015550561947748,0.031257662922144,0.03243662789464,-0.012370041571558,-0.032010424882174,-0.028122410178185,-0.034343183040619,0.056934427469969,0.019081985577941,0.0025275151710957,0.010306621901691,-0.0021582911722362,-0.038559570908546,0.025399589911103,-0.032169811427593,-0.020803628489375,0.022078566253185,-0.019105512648821,0.017917579039931,-0.027232671156526,-0.026424236595631,0.037053175270557,-0.030119443312287,-0.01155760884285,-0.030888764187694,-0.013176264241338,0.030733034014702,-0.014894458465278,0.027671150863171,-0.016888899728656,-0.013149172067642,-0.050018560141325,0.022244470193982,-0.0064261541701853,0.027904987335205,0.0096580116078258,-0.0099686365574598,0.028697572648525,-0.027526158839464,-0.017393905669451,-0.024352146312594,-0.010110676288605,0.062030617147684,0.023647051304579,-0.0042500095441937,0.047523938119411,0.011979030445218,-0.018248032778502,-0.024317853152752,-0.033418439328671,-0.009335333481431,-0.0090920049697161,-0.020635789260268,-0.00018539799202699,0.013718942180276,-0.051298506557941,-0.039428718388081,-0.020842950791121,-0.0067656151950359,0.060904636979103,0.025836054235697,-0.0057361060753465,-0.0048349793069065,-0.012344028800726,-0.028070401400328,-0.031352389603853,0.023265337571502,-0.027987640351057,0.03240230306983,0.03582551330328,0.032182093709707,0.038059581071138,0.054148938506842,-0.0054330830462277,-0.0054711890406907,-0.015304896049201,-0.024899555370212,-0.024129413068295,0.00019488920224831,0.011470365338027,0.023188702762127,0.0069117634557188,-0.0099068284034729,0.011711103841662,0.0014892973704264,0.025614600628614,0.026855146512389,-0.0034773794468492,-0.033126626163721,0.0030470530036837,0.016294969245791,-0.005222340580076,0.034445837140083,0.055983364582062,-0.028804941102862,0.013613962568343,-0.015009880997241,-0.027147298678756,0.033793017268181,-0.024117494001985,-0.023890065029263,-0.0069102803245187,0.017062675207853,0.0044051730073988,0.025911280885339,-0.03319862857461,0.010951558127999,0.013371994718909,0.033802788704634,0.028966549783945,0.02262837253511,-0.0085525857284665,0.013399113900959,-0.0046045579947531,-0.053537238389254,0.045424703508615,0.0017433946486562,-0.044581439346075,-0.047136683017015,-0.001117599196732,-0.01233481336385,-0.026973618194461,-0.056792445480824,-0.024778975173831,-0.021973229944706,0.0054834363982081,0.026310788467526,-0.032954126596451,0.010698545724154,0.0219508074224,0.02975444868207,-0.00081519759260118,-0.020696043968201,-0.0063105109147727,0.0074512823484838,0.010488162748516,0.019299730658531,-0.0056670489721,0.013261920772493,-0.037831448018551,-0.013163039460778,-0.032484952360392,-0.034715000540018,-0.051641505211592,-0.02365112863481,-0.026613384485245,0.017730839550495,0.010942317545414,0.01704578101635,0.014778858982027,-0.016524288803339,-0.041517272591591,0.0055028568021953,0.027981022372842,-0.00090461916988716,-0.00081340089673176,0.047122769057751,0.0072218417190015,0.036471426486969,-0.023270402103662,0.029950914904475,0.003320898860693,-0.022295579314232,-0.026235030964017,-0.007037574891001,-0.031244015321136,-0.010850510559976,0.0059714419767261,-0.023016465827823,0.006600446999073,0.023813111707568,-0.0094367377460003,-0.047304764389992,0.0072836587205529,0.018588053062558,0.018822131678462,-0.017224382609129,-0.029528779909015,-0.0012207191903144,-0.015551283024251,0.023803718388081,-0.009596767835319,0.0095895742997527,-0.035611942410469,0.036302071064711,0.014408438466489,-0.018261728808284,-0.0065371277742088,0.016153851523995,0.01985072158277,-0.017638878896832,0.018184075132012,-0.011715120635927,-0.06228955835104,0.042201701551676,0.0064936405979097,0.0022743614390492,-0.027291376143694,-0.014179453253746,0.032467376440763,0.00070925540057942,0.0093417940661311,0.0035840489435941,-0.016346547752619,0.013721022754908,0.011928889900446,-0.015027293935418,-0.0386858060956,-0.012963711284101,0.011393739841878,0.0070765563286841,-0.010155255906284,0.017328627407551,-0.032546252012253,0.036726631224155,-0.02003406919539,0.050152245908976,-0.0049508824013174,0.015098269097507,0.034632351249456,-0.021365109831095,0.064652904868126,-0.019127607345581,0.02792782895267,0.030313750728965,-0.014906815253198,-0.025102090090513,-0.0076019763946533,-0.030125703662634,-0.021521518006921,0.010817562229931,0.055606175214052,-0.0051525696180761,0.026692073792219,-0.0022522555664182,0.029809653759003,0.026173019781709,-0.019025878980756,0.0075927586294711,-0.056871395558119,0.006824451033026,-0.0017000642837957,-0.039913889020681,-0.00030315422918648,-0.03678136318922,-0.036479167640209,-0.024564800783992,0.0042815231718123,-0.03323008492589,-0.0050229793414474,0.022965472191572,0.039198458194733,0.040034882724285,0.032710634171963,0.010918966494501,0.010342220775783,-0.042437333613634,-0.0038039130158722,-0.041309829801321,-0.07438150793314,-0.025070402771235,0.047159630805254,0.020033521577716,-0.0046847746707499,0.008018521592021,0.019352680072188,-0.02214165404439,0.0095942514017224,-0.041456554085016,0.015899814665318,-0.028314927592874,0.027077773585916,-0.024216540157795,-0.0071822232566774,-0.021734766662121,0.001852978952229,-0.042875688523054,-0.03017140366137,-0.025184061378241,-0.00090981554239988,0.019301680848002,0.015103654935956,-0.0025238711386919,-0.017094567418098,-0.00059131160378456,0.0046007996425033,0.0021645328961313,-0.013086047023535,-0.022029658779502,-0.042741697281599,-0.00039936951361597,0.00073527806671336,-0.038548432290554,0.046755567193031,0.030463153496385,0.030129123479128,0.033870734274387,0.024049049243331,-0.031495749950409,0.0012203911319375,-0.018394783139229,0.032483201473951,0.00065033108694479,0.013705090619624,-0.0003608608385548,-0.0048158010467887,0.027279853820801,-0.0049278582446277,0.0079443762078881,-0.01960433460772,-0.0021474338136613,0.013509247452021,0.027983644977212,-0.044982120394707,-0.0044221770949662,0.033872287720442,-0.022000074386597,0.0089240744709969,-0.039634227752686,0.025539459660649,-0.038532100617886,-0.020142555236816,0.031579073518515,-0.0086812181398273,0.010424083098769,-0.0084198527038097,0.0087837940081954,0.010047330521047,-0.025306636467576,0.004719921387732,0.020179880782962,-0.022791691124439,-0.0097672678530216,-0.011440723203123,0.001282719662413,0.0076132104732096,0.018129473552108,0.018532617017627,0.0098438831046224,-0.0327477902174,-0.012958333827555,0.010370316915214,-0.0046818503178656,-0.023090841248631,0.023497385904193,-0.025827597826719,0.036330793052912,-0.0083553055301309,-0.0060308673419058,0.004585606046021,-0.045098457485437,-0.020069835707545,0.074259422719479,0.052040081471205,0.028444416821003,-0.0047464543022215,0.017406431958079,0.036296829581261,-0.0032336977310479,0.0099369501695037,0.020414162427187,0.014707470312715,-0.011279580183327,0.040181376039982,-0.015730040147901,-0.029369099065661,-0.012022722512484,-0.043172769248486,0.043384745717049,0.016623463481665,-0.017364105209708,0.012255461886525,-0.0077588153071702,0.010725091211498,0.030980542302132,-0.042961597442627,-0.017194677144289,-0.01517170201987,0.0224584415555,-0.014466986060143,-0.0055351397022605,-0.023645231500268,0.017603764310479,-0.030221149325371,-0.033562589436769,-0.02280156686902,0.0059859259054065,-0.0051954351365566,0.0048484210856259,-0.010435382835567,-0.0064956331625581,-0.0095010241493583,0.018553605303168,0.0083959512412548,0.016372656449676,0.010876109823585,-0.0077135753817856,0.031819254159927,0.0042008301243186,0.0034907690715045,-0.012311451137066,-0.032147310674191,-0.018633110448718,-0.011453081853688,0.02111192420125,0.032843139022589,-0.031306400895119,0.015836782753468,-0.044359091669321,-0.0027644715737551,-0.011531577445567,0.0031391177326441,0.024310164153576,-0.027594210579991,-0.01065050624311,0.011973051354289,-0.023711513727903,0.038153316825628,-0.022476663812995,-0.018065676093102,0.02183260768652,-0.042571701109409,-0.009883888065815,-0.00638631824404,0.032570663839579,0.034315969794989,-0.023755293339491,0.025346120819449,-0.03314172104001,0.019361872226,-0.012777679599822,-0.018668849021196,-0.0096243461593986,0.045250575989485,-2.638926707732e-05,-0.010624075308442,0.0011240199673921,0.0061574238352478,0.024408496916294,-0.022240370512009,-0.027801694348454,0.033414024859667,-0.0022556022740901,-0.035708997398615,0.035794321447611,0.021789444610476,-0.021954400464892,-0.023846684023738,0.013581549748778,0.0260004196316,-0.038957055658102,0.023941995576024,-0.00022646835714113,0.0073608630336821,-0.0034540933556855,-0.02629984728992,0.022183403372765,-0.013054546900094,-0.027442840859294,-0.016149044036865,-0.014988983981311,0.031869564205408,0.024498306214809,0.026619670912623,0.013439598493278,0.0070911305956542,-0.017243342474103,-0.0033507507760078,0.012054595164955,-0.0094976061955094,0.0082873720675707,-0.023114107549191,-0.017370602115989,0.011958226561546,0.019440313801169,0.020541328936815,0.029169011861086,7.3354713094886e-06,0.0097206141799688,0.025063263252378,0.030261062085629,0.023911932483315,-0.031081195920706,-0.032712135463953,0.029625859111547,-0.011660065501928,0.019464509561658,-0.0064060846343637,0.0072198556736112,0.012015117332339,-0.02641530893743,0.012345273979008,0.010923100635409,0.018795993179083,-0.025571117177606,-0.0086301909759641,0.038514144718647,-0.026434328407049,-0.0086240861564875,0.035158209502697,0.0010453427676111,-0.016633935272694,-0.038706928491592,0.02651291526854,0.0013636013027281,0.037344627082348,0.028156004846096,-0.0092092640697956,-0.0050195250660181,-0.0090879108756781,-0.020845951512456,-0.019855098798871,-0.026625072583556,0.0097154090180993,-0.0037449621595442,0.002611855044961,-0.036994822323322,0.011303879320621,0.009770754724741,-0.0021061976440251,0.012287109158933,0.035933058708906,0.02744597941637,-0.009322127327323,0.0032074577175081,0.0065444898791611,-0.021831583231688,-0.016699198633432,-0.023955648764968,0.020047338679433,-0.0074188355356455,0.00048669424722902,-0.0031790407374501,-0.038453325629234,0.04966663941741,-0.022905342280865,0.0094056855887175,-0.0050608227029443,0.024016667157412,0.026532460004091,0.00081449665594846,0.0084206704050303,0.018454149365425,-0.018564518541098,-0.00046760766417719,-0.03605717048049,-0.0062285307794809,-0.018453063443303,0.043969213962555,0.028360733762383,0.031465373933315,-0.0044725141488016,-0.0087743913754821,0.031813245266676,-0.038883373141289,-0.0090545928105712,0.03527269884944,0.00015120075840969,-0.028072696179152,-0.027597492560744,-0.022202277556062,0.017145417630672,-0.03941635787487,-0.013356721960008,0.029961755499244,0.034460641443729,-0.032528679817915,0.017541524022818,0.027119969949126,-0.0044777896255255,-0.0055574984289706,-0.022847201675177,-0.027156703174114,0.01268897857517,-0.01971441693604,-0.053220741450787,-0.014686361886561,0.0061880010180175,-0.017386326566339,-0.026931766420603,0.017486587166786,0.016238428652287,0.0015725070843473,-0.028981022536755,-0.00012586390948854,-0.015515689738095,-0.030975723639131,-0.040850166231394,-0.012153074145317,-0.0057433405891061,0.019600233063102,-0.011745462194085,-0.010238626971841,-0.021697295829654,0.00030509411590174,0.035834208130836,-0.029167618602514,-0.018736554309726,-0.01610841229558,-0.041847109794617,0.020827013999224,0.019566766917706,-0.00019045209046453,0.028435895219445,-0.024144001305103,0.013782313093543,0.0094354320317507,-0.025960609316826,-0.01679740473628,-0.032081354409456,0.023571293801069,0.0056276484392583,0.014344004914165,-0.034787733107805,0.014221154153347,0.031043404713273,-0.0022560227662325,0.0069517274387181,0.020136108621955,-0.034393098205328,-0.028929091989994,0.013592263683677,0.01044877525419,0.0033404480200261,-0.026533743366599,0.017695499584079,0.021808503195643,0.0057933307252824,-0.012729083187878,-0.028620446100831,-0.013699830509722,-0.030450692400336,-0.005643495824188,0.020436035469174,-0.019159408286214,0.0070630633272231,-0.037511423230171,0.023137867450714,-0.024687401950359,0.027983330190182,-0.017853561788797,0.012863425537944,0.00037777214311063,0.0098602073267102,-0.0093806814402342,0.0054901032708585,-0.017299881204963,0.013666183687747,0.023519543930888,-0.02635788731277,0.0003199374768883,0.034316156059504,-0.023283192887902,0.0031972294673324,-0.015510136261582,-0.010671656578779,0.00766442110762,-0.0022832115646452,-0.023227177560329,-0.0098605854436755,-0.012660831212997,-0.032141577452421,-0.0081882160156965,0.0058561777696013,-0.0048724403604865,0.028842503204942,-0.028110219165683,0.0034860938321799,-0.016607513651252,-0.030988086014986,0.0040096030570567,-0.014245775528252,-0.020595176145434,0.038382463157177,0.017609970644116,-0.019653454422951,-0.025038292631507,0.025986462831497,-0.015692587941885,-0.013605157844722,-0.013232741504908,-0.02757266536355,0.01616732403636,-0.021535182371736,-0.0021996726281941,0.024550717324018,0.027964746579528,0.021941183134913,-0.0079655321314931,-0.039089009165764,-0.03198004886508,-0.040585391223431,0.032310921698809,-0.010069780983031,-0.016069950535893,-0.037931203842163,-0.0033647818490863,-0.029896482825279,-0.023281587287784,0.0026931406464428,-0.010711021721363,-0.025814210996032,-0.024227648973465,0.036717887967825,0.023062344640493,-0.035375718027353,-0.0021342732943594,0.031605679541826,0.014164258725941,0.013955808244646,0.027960622683167,0.0088851796463132,-0.034004297107458,-0.028096498921514,0.01920909434557,-0.0099972588941455,0.017815381288528,-0.00090895156608894,-0.0066363760270178,-0.0083931749686599,-0.025047291070223,0.042308375239372,0.011465559713542,-0.015915250405669,0.0075216041877866,-0.01765232719481,0.013116867281497,-0.01333315204829,-0.023489160463214,0.030424676835537,-0.042717516422272,0.0029703967738897,-0.02533745020628,0.015454571694136,0.005792697891593,-0.022095592692494,0.0018989992095158,0.011418591253459,0.035206932574511,-0.017213499173522,-0.027465054765344,-0.044350847601891,0.014258164912462,-0.027608744800091,0.015313713811338,-0.024679640308022,-0.038016546517611,-0.010251915082335,-0.028033073991537,0.018783701583743,0.033551067113876,0.022922219708562,-0.012800578959286,0.0091632707044482,0.001277661183849,0.032329935580492,-0.0055896313861012,-0.002098897472024,-0.056969836354256,0.0072282711043954,0.0078247608616948,0.063421092927456,0.0043573626317084,0.041610989719629,-0.0091222105547786,0.034615904092789,0.041123609989882,-0.02295745536685,0.010453501716256,0.0086746672168374,-0.039413578808308,-0.0089809177443385,0.033396139740944,-0.058397315442562,-0.016325801610947,0.027690622955561,0.0070425933226943,0.0056558018550277,0.017710950225592,0.014561791904271,0.014643990434706,-0.0046133850701153,0.015520812943578,0.024546902626753,0.00070085877086967,-0.0097250593826175,0.033813681453466,-0.017582848668098,-0.0076760030351579,-0.0084785185754299,0.040516600012779,0.050177250057459,-0.048625119030476,0.036676853895187,-0.014310751110315,0.0061299335211515,0.015204860828817,0.020016066730022,0.013692903332412,0.026831291615963,-0.032574906945229,-0.0072000613436103,0.0038281716406345,-0.0068384814076126,0.020067451521754,0.016221016645432,0.028290599584579,0.0023244400508702,0.075082011520863,0.018509462475777,-0.016479974612594,0.020771710202098,0.0013271589996293,0.044912695884705,-0.022613923996687,0.0044357534497976,-0.032162327319384,0.019405402243137,0.030101042240858,-0.01837445795536,-0.038906536996365,0.024674892425537,-0.015511241741478,0.03144496306777,0.019185578450561,0.016627117991447,0.086886741220951,-0.0030915029346943,0.036933835595846,-0.02829765342176,-0.022481009364128,-0.02186980471015,0.0055022370070219,0.00069050886668265,-0.0095922313630581,-0.03028809837997,-0.013047955930233,-0.008426021784544,-0.0079170418903232,-0.012233946472406,0.048141598701477,-0.013262044638395,0.032693546265364,-0.019576853141189,0.0042219278402627,-0.0096017587929964,-0.0071371770463884,0.0075730476528406,-0.022561615332961,0.023356758058071,0.022727398201823,0.007004919461906,0.023144910112023,0.017748914659023,-0.0089827422052622,-0.023249601945281,-5.4548676416744e-05,-0.015445858240128,0.044631876051426,-0.017323942855,-0.010191339068115,-0.044536344707012,-0.010565465316176,0.018828922882676,0.0092427022755146,0.037566196173429,-0.0076727075502276,0.0054673133417964,-0.011454773135483,0.036746937781572,-0.010264665819705,-0.039432547986507,0.011403744108975,0.038541201502085,0.04252078011632,0.027624733746052,0.0051832105964422,0.057323075830936,-0.020464610308409,-0.0039142146706581,-0.063808895647526,0.04259755089879,-0.0021455651149154,0.028913952410221,0.011644919402897,-0.03227861225605,0.0025775528047234,0.0074385586194694,-0.012691505253315,0.0014359003398567,-0.0082762781530619,0.04693091288209,0.057883605360985,-0.01064508035779,-0.0023615567479283,-0.056162536144257,0.02833984605968,0.014069037511945,0.025983465835452,-0.0055135395377874,0.011819561012089,0.06462225317955,0.0026754387654364,-0.020437311381102,0.025303995236754,-0.012445317581296,-0.0065800612792373,0.025133470073342,0.041293755173683,0.027518263086677,0.031487233936787,0.048194076865911,-0.048352155834436,-0.014331270940602,-0.0040357420220971,-0.030764725059271,0.019099745899439,-0.030485648661852,-0.039138112217188,-0.017409089952707,-0.0091701056808233,-0.022474413737655,0.015643432736397,-0.035691384226084,0.02456241287291,-0.014121953397989,0.0080176843330264,0.022026928141713,-0.031369838863611,-0.047295153141022,0.0021024534944445,-0.032585050910711,-0.030901530757546,0.0020857332274318,0.031493343412876,0.02936571650207,-0.033385075628757,-0.027178000658751,0.054048590362072,-0.014863166026771,-0.0027284501120448,-0.033595956861973,-0.0281478818506,0.014376864768565,0.002912372816354,-0.028678046539426,-0.064727380871773,-0.052061766386032,-0.014408151619136,0.0040191425941885,-0.015915021300316,-0.044240530580282,-0.036700189113617,0.015306243672967,0.037447430193424,0.0064250435680151,-0.0075719952583313,-0.028878454118967,-0.023219419643283,-0.0083042411133647,0.012597083114088,-0.033897563815117,-0.018506521359086,-0.024312948808074,0.023178165778518,-0.040086559951305,0.042739860713482,0.0042441841214895,-0.0029182471334934,-0.011387148872018,-0.0011766602983698,-0.0079540237784386,0.0071239653043449,0.028546024113894,0.01128042396158,0.017973212525249,-0.028787616640329,-0.014895588159561,-0.041730705648661,0.012437975034118,-0.047120902687311,-0.012929502874613,-0.017483182251453,0.015824349597096,-0.005848883651197,0.035634640604258,0.033015482127666,0.017382454127073,0.011524985544384,0.022365985438228,0.0091065401211381,0.048952981829643,-0.0096395472064614,-0.018236482515931,0.054315991699696,-0.034121975302696,-0.051113910973072,-0.046493746340275,-0.0090764192864299,0.041549082845449,-0.017585948109627,0.06381218880415,0.02248365059495,0.028167964890599,0.026684323325753,0.024440070614219,-0.014783368445933,0.028326921164989,-0.0086866654455662,0.047257911413908,0.016934061422944,0.0061517250724137,0.036654319614172,0.016758533194661,-0.0062377760186791,-0.012607195414603,-0.0069280294701457,0.017416175454855,-0.012603237293661,-0.0091150207445025,0.008608628064394,0.013310023583472,-0.0019494295120239,0.037769850343466,-0.04061222448945,0.023227147758007,0.055985286831856,0.01567754149437,0.033128030598164,-0.02371934056282,-0.01060586143285,0.019452139735222,-0.027784949168563,-0.014724647626281,0.029565142467618,0.01159640494734,0.00024666095850989,0.043597143143415,-0.024616649374366,-0.00066877936478704,-0.011561366729438,-0.0054386095143855,-0.0067053255625069,-0.016812050715089,0.002443557837978,0.032285094261169,-0.039612926542759,0.027442926540971,-0.023782603442669,0.0076433629728854,-0.011359221301973,-0.0037555480375886,0.028072215616703,0.052263356745243,-0.020637638866901,0.0019970978610218,0.027777407318354,0.0074768797494471,-0.011306802742183,-0.048168689012527,0.0040153893642128,-0.035950988531113,0.011890647001565,-0.015460793860257,-0.032753482460976,0.006740640848875,0.0080261407420039,0.04243803396821,0.0085805496200919,-0.020892441272736,0.040523029863834,-0.010679840110242,0.026790449395776,-0.026257457211614,0.055824294686317,-0.031700994819403,-0.023674299940467,0.026130706071854,0.0183693356812,-0.0094737922772765,-0.0049285488203168,0.014785772189498,-0.016145091503859,0.006974030751735,-0.025080678984523,-0.02892535366118,0.052707821130753,0.080909661948681,-0.014193943701684,0.046441331505775,0.0062050721608102,0.033257801085711,-0.020181437954307,0.043638594448566,-0.023927312344313,0.035352744162083,-0.012829368934035,-0.011059615761042,-0.035226490348577,0.031307682394981,-0.0015916842967272,-0.010299237444997,-0.019152397289872,0.013895658776164,0.011552084237337,0.0047875666059554,-0.022394429892302,-0.016590468585491,0.0025121325161308,-0.0037798930425197,0.0031381878070533,-0.018679659813643,-0.013023007661104,-0.031102579087019,0.00058374193031341,-0.01217445358634,0.023772237822413,0.0061016785912216,0.0046518766321242,-0.01866102591157,-0.017312802374363,-0.005133633967489,0.034421321004629,0.019417066127062,0.033560264855623,-0.023853503167629,-0.018921043723822,-0.0020931046456099,0.019305888563395,0.0055493284016848,-0.033012017607689,0.013095546513796,-0.031089069321752,0.010493150912225,0.035672951489687,0.041640348732471,0.023923888802528,-0.016386345028877,-0.022672703489661,0.0010954007739201,0.006936498451978,-0.015341407619417,0.0031782567966729,0.002524733543396,0.013992085121572,0.0067030070349574,0.030866350978613,-0.0062158647924662,0.0061735431663692,-0.016801660880446,-0.0079557150602341,-0.015863033011556,0.029648998752236,0.0012040314031765,-0.00047645255108364,-0.0086623355746269,-0.024832278490067,0.01722981967032,0.030247049406171,0.0085080293938518,-0.031241044402122,0.00051665678620338,-0.044797372072935,-0.025292005389929,-0.0011248214868829,0.036934223026037,-0.0035801418125629,-0.0035898454952985,0.022249586880207,-0.023386888206005,0.038107674568892,-0.016272990033031,-0.014151495881379,0.034412644803524,0.0053284978494048,-0.014638933353126,-0.005302366334945,0.003528508823365,0.027308059856296,0.042000140994787,-0.026082186028361,-0.02030442096293,0.020381454378366,0.0082614477723837,0.0020532438065857,0.015812525525689,0.010440243408084,-0.033129777759314,-0.014883413910866,-0.013273178599775,0.036866072565317,0.017840823158622,-0.027780625969172,-0.034927390515804,0.035504061728716,-0.01339053735137,0.0037691884208471,0.018998570740223,0.0032036725897342,0.029710864648223,0.0099759362637997,-0.002124808030203,-0.014028175733984,0.02060890942812,0.022853588685393,-0.014591803774238,-0.028045674785972,0.014471209608018,0.027443880215287,0.0018010233761743,0.028404114767909,-0.014277336187661,0.013033038936555,0.01107900775969,-0.027140781283379,-0.019061641767621,-0.0069584073498845,0.037252604961395,0.022664500400424,-0.0083349654451013,0.025232139974833,-0.030143577605486,-0.025157574564219,0.0087705990299582,0.015884526073933,-0.021416561678052,0.049235377460718,0.013381633907557,0.016349226236343,0.0048011178150773,0.017857847735286,-0.022473918274045,-0.0077317650429904,0.040536947548389,0.026774968951941,-0.011707256548107,-0.0032232371158898,-0.012779613025486,-0.031635984778404,0.028896778821945,-0.022308979183435,-0.03174739331007,0.026601303368807,0.0083807036280632,0.004419510718435,0.0099551016464829,0.012850943021476,-0.020696703344584,-0.0091904485598207,-0.018940333276987,0.035631854087114,0.0091085359454155,0.031228747218847,-0.047318045049906,-0.0050925840623677,0.031295593827963,0.031818311661482,0.031909670680761,-0.0049144388176501,-0.0057240496389568,-0.0088876876980066,-0.02909554168582,0.0065972106531262,-0.017693936824799,0.0077678305096924,0.048915434628725,-0.0044988854788244,-0.008937019854784,-0.032398201525211,0.010581805370748,-0.0057360641658306,0.0082909660413861,-0.018194960430264,0.010695236735046,-0.0020318382885307,0.0074061066843569,0.037724126130342,0.02572618983686,-0.019859788939357,0.0092897778376937,-0.034070536494255,0.012768693268299,0.0035993212368339,-0.03267415612936,0.019109029322863,0.012242463417351,0.026856334879994,-0.027987083420157,0.0082975476980209,-0.031486250460148,-0.035432104021311,0.031884286552668,-0.0078628612682223,0.029844090342522,-0.024566113948822,-0.032205399125814,0.006203877273947,0.0066537302918732,0.018029298633337,-0.034370224922895,-0.033830940723419,-0.00014135017408989,0.016863843426108,-0.03642626106739,0.017850024625659,0.04685365408659,0.033687826246023,0.029504423961043,0.014775996096432,0.03582102432847,-0.0019480317132547,-0.013016897253692,0.01007230207324,-0.024031441658735,-0.0037938959430903,0.018904389813542,-0.0018619520124048,0.016464442014694,0.025665553286672,-0.017547223716974,0.016700761392713,0.016311552375555,0.035871248692274,0.02342089638114,-0.0033412643242627,0.011132799088955,0.016214285045862,0.012962472625077,-0.0052675534971058,-0.012019376270473,-0.021694116294384,-0.034436766058207,-0.017864925786853,-0.0033876604866236,0.017304886132479,0.031748540699482,-0.018681958317757,0.033595442771912,-0.028252908959985,-0.0047548296861351,0.034426849335432,0.020368605852127,0.0091300886124372,0.035503946244717,-0.015195939689875,-0.010451909154654,-0.022147696465254,0.028233256191015,0.022561222314835,0.017398623749614,0.037365041673183,0.0063206912018359,0.023534510284662,-0.0081204576417804,0.016712225973606,-0.017028260976076,0.02784519828856,0.0094568897038698,-0.015775106847286,-0.019048165529966,-0.024163920432329,0.0077558397315443,-0.012660153210163,-0.015286982059479,0.012788344174623,0.014228302054107,-0.011253991164267,0.036842573434114,0.013035697862506,0.018356883898377,0.0027749666478485,-0.029176102951169,0.012437921017408,-0.025406647473574,-0.0048979613929987,0.01998171210289,0.0088304867967963,0.02438647672534,-0.020182836800814,0.035214547067881,-0.0090994676575065,0.039259228855371,0.04393370449543,-0.013621311634779,0.057321384549141,0.023654302582145,0.0052992682904005,-0.018806513398886,0.025121135637164,0.033436078578234,0.027753882110119,0.054552718997002,0.036042015999556,-0.045547585934401,-0.0086873229593039,0.0071942890062928,0.02648089081049,0.035439014434814,-0.034222170710564,0.008669463917613,0.0076148798689246,0.016241421923041,0.020551506429911,-0.0013840871397406,0.016408383846283,-0.021837573498487,-0.0067823240533471,-0.0055529396049678,0.0015026564942673,-0.021130431443453,-0.02406713180244,0.0064523443579674,0.011002562008798,0.033190485090017,0.0077077383175492,-0.016988618299365,0.0064507336355746,-0.01898580789566,-0.023678693920374,0.030061781406403,0.03326878324151,0.020474312826991,-0.017677893862128,0.033823892474174,0.034605104476213,0.032761223614216,-0.024555647745728,-0.027259279042482,-0.0014868455473334,-0.019378084689379,0.0008745189406909,0.055711947381496,0.034260515123606,0.0096513284370303,-0.023140793666244,-0.039491482079029,-0.036079119890928,-0.011418172158301,-0.029651120305061,-0.014951190911233,-0.020335415378213,0.029321610927582,-0.012391561642289,-0.040919102728367,0.015780679881573,-0.035900309681892,0.027171984314919,0.017230486497283,0.01349041890353,0.016582515090704,0.061416618525982,-0.02312846109271,0.0087992632761598,0.033170025795698,-0.031516306102276,0.026461128145456,-0.020063325762749,0.055213522166014,0.03631254285574,0.053327031433582,-0.037175990641117,0.033107526600361,-0.028572218492627,0.0024727513082325,-0.0028051745612174,0.031186414882541,-0.019141085445881,0.036338280886412,0.021448371931911,-0.012554450891912,-0.017957095056772,0.014452124014497,0.0017222764436156,-0.0086532682180405,-0.023227795958519,-0.023713296279311,0.0062590106390417,-0.014198502525687,0.031044004485011,0.010756930336356,-0.026854228228331,-0.010205244645476,-0.0010202132398263,-0.032129503786564,-0.020564574748278,-0.031962212175131,0.0046467017382383,0.044315475970507,-0.0097529785707593,0.0080370521172881,0.042097717523575,0.006482298951596,-0.019660044461489,-0.0037586311809719,-0.020353589206934,-0.066173210740089,-0.025742948055267,-0.041981901973486,0.0016778854187578,-0.012582864612341,-0.020561741665006,-0.010028750635684,-0.03459495678544,0.0080513600260019,-0.0091220550239086,0.024080349132419,0.026919895783067,-0.055876325815916,0.010430747643113,-0.022054011002183,-0.021841591224074,-0.017780747264624,0.0074606663547456,0.0081435134634376,0.017969911918044,0.020361395552754,-0.024796539917588,-0.043953288346529,0.041515376418829,-0.027772834524512,-0.02416186966002,-0.011961864307523,0.038412038236856,0.031431429088116,-0.040628004819155,-0.018844788894057,-0.0097150159999728,0.036165077239275,-0.0096572004258633,-0.021403068676591,-0.01224166341126,0.0038104304112494,0.024745078757405,-0.042915713042021,-0.0040894784033298,0.032475113868713,-0.024622067809105,0.021671989932656,-0.027888290584087,-0.02268036827445,0.012053067795932,-0.041768867522478,-0.018813481554389,0.017312487587333,-0.0078589711338282,0.02036140859127,-0.0028624222613871,0.04024588689208,-0.019331619143486,-0.024673311039805,0.021701941266656,-0.011424071155488,0.023747121915221,-0.024012027308345,0.014125041663647,-0.025917235761881,0.02195686660707,0.040479004383087,-0.021955519914627,-0.045174118131399,-0.049696169793606,0.014950928278267,-0.052050199359655,-0.00178678764496,0.0028310159686953,0.071693405508995,0.021517649292946,0.035489141941071,0.06146977096796,-0.0072474586777389,-0.032228581607342,0.031337063759565,0.0061579919420183,0.012663924135268,-0.019489463418722,-0.0043995198793709,-0.01769614033401,0.0073133171536028,0.0066100568510592,-0.046771485358477,0.0049736960791051,0.034975379705429,0.033176172524691,0.01919286698103,0.036836922168732,-0.036787759512663,-0.027561116963625,0.019264420494437,-0.035381775349379,-0.00072991155320778,0.042938515543938,-0.016588537022471,0.0084563996642828,0.029534915462136,0.022196602076292,-0.0035724714398384,0.033329665660858,0.033122435212135,-0.0017057035584003,-0.029809709638357,0.021769924089313,0.0011329938424751,-0.033343508839607,0.030098553746939,-0.041372328996658,-0.051980219781399,-0.024210274219513,0.058346498757601,-0.026081366464496,-0.019904276356101,0.044749170541763,-0.013096366077662,-0.032794464379549,0.03098407946527,0.028474684804678,0.064415730535984,-0.012180577963591,0.036066316068172,-0.031306847929955,-0.038155097514391,0.014574974775314,0.016683684661984,-0.037677239626646,0.059506256133318,0.034434728324413,-0.012282784096897,0.021028231829405,-0.045014511793852,-0.0072667030617595,-0.054234225302935,0.060976032167673,0.032082244753838,0.042031913995743,-0.013269675895572,-0.030747821554542,-0.0065081217326224,0.040341839194298,0.024085216224194,-0.0042557469569147,-0.024733752012253,-0.044266421347857,0.0074753779917955,0.0054211765527725,-0.012383212335408,0.062320414930582,0.012684252113104,0.031625457108021,0.018580745905638,-0.0092198383063078,-0.0021425150334835,-0.02415619045496,-0.00078964990098029,-0.040571093559265,-0.031948242336512,0.020940005779266,-0.025222701951861,0.011438722722232,-0.01053415518254,0.012370695360005,0.05782225728035,0.012321791611612,-0.022293886169791,-0.0084538636729121,-0.019621746614575,-0.046672403812408,-0.055834271013737,0.018639702349901,0.028018170967698,-0.0095949033275247,0.0083215786144137,0.066299669444561,-0.010194271802902,0.0037079576868564,0.089064076542854,-0.0098910601809621,0.031699404120445,0.039240315556526,0.094845317304134,-0.010675860568881,-0.011656602844596,-0.01848959363997,-0.044417921453714,-0.014551757834852,0.01467489823699,-0.017692055553198,0.008598905056715,0.032758813351393,0.006994548253715,-0.0010254088556394,-0.016600849106908,0.033159308135509,-0.022584429010749,-0.012698452919722,-0.016329461708665,0.017052093520761,-0.032089184969664,0.0022548863198608,0.021381998434663,0.020970832556486,-0.021347360685468,0.0062372046522796,0.0263297483325,0.04518885910511,0.013782171532512,-0.025269350036979,0.021140126511455,0.028552900999784,-0.018878318369389,0.028469525277615,0.0028527188114822,-0.028202114626765,0.004877021536231,-0.026977637782693,-0.030308697372675,-0.025300916284323,-0.0069444635882974,0.030590491369367,0.0079623442143202,-0.020038748160005,-0.011899122968316,-0.012694468721747,-0.05430543795228,-0.02449300326407,0.029605967923999,-0.0065157199278474,0.0098520508036017,0.0088048661127687,-0.020069809630513,0.052733086049557,0.0096887731924653,0.029976492747664,0.027196474373341,0.036448884755373,0.00043356727110222,-0.019629405811429,0.067045904695988,0.021069020032883,-0.029239201918244,0.057321161031723,-0.005909601226449,0.020873334258795,0.026867674663663,0.041359283030033,0.042466405779123,-0.0010137441568077,-0.023461639881134,0.024467963725328,0.0056062918156385,-0.017538813874125,0.029949296265841,0.035958778113127,-0.020132910460234,0.010202254168689,0.028175204992294,0.030230943113565,-0.005547777749598,-0.02107011526823,0.061396222561598,-0.0041411286219954,-0.016598535701632,-0.012238889932632,-0.023510435596108,0.015865096822381,-0.016795149073005,0.069121479988098,-0.063407100737095,0.031639643013477,-0.028603853657842,-0.044930305331945,0.0042944573797286,-0.020440461114049,0.018520971760154,-0.032397355884314,-0.016313709318638,-0.033510353416204,0.0076055536046624,0.038557376712561,0.01094361487776,0.028137288987637,0.017707850784063,-0.029687933623791,0.012559058144689,-0.0084924250841141,-0.026600211858749,-0.0087259989231825,0.00064120994647965,0.010017681866884,-0.021476378664374,0.016825383529067,-0.024359522387385,0.044422809034586,0.028902409598231,0.037190053611994,-0.033253315836191,0.029113838449121,0.058172926306725,-0.011535624042153,-0.043251667171717,-0.014707280322909,-0.024712735787034,0.027904516085982,-0.023994900286198,0.01974081620574,0.022488271817565,0.01987149938941,0.00064154190476984,-0.031786482781172,0.035934019833803,-0.0026555245276541,-0.019810598343611,0.064173988997936,-0.024924444034696,0.020705258473754,-0.0061724903061986,0.021468993276358,-0.023547679185867,0.019955119118094,-0.042517255991697,0.017781030386686,0.033373471349478,0.033599104732275,0.021976416930556,0.051775150001049,0.037183035165071,0.095948189496994,-0.029570568352938,-0.016435274854302,-0.0096797235310078,0.029632082208991,0.013812059536576,0.047047901898623,-0.0090312138199806,0.014957736246288,-0.027423964813352,0.005526676774025,-0.016063563525677,-0.04143101349473,-0.01376230083406,-0.018199669197202,0.0022632661275566,-0.043711330741644,0.064602993428707,-0.048405945301056,-0.0033307271078229,0.035862192511559,-0.015837155282497,-0.023730488494039,0.023880030959845,0.0079822819679976,0.010584312491119,-0.026692684739828,-0.0030361160170287,0.020160067826509,-0.0051812082529068,0.036457814276218,-0.019338237121701,-0.024915158748627,0.029607897624373,-0.041560295969248,0.028256891295314,-0.0012786982115358,0.029011853039265,0.042607057839632,-0.008858404122293,-0.034813072532415,-0.015119497664273,0.012239549309015,-0.0098658557981253,0.0049238787032664,-0.00051924225408584,0.015048109926283,-0.016765860840678,0.029518984258175,-0.035796426236629,0.038769159466028,0.012804239057004,0.014804802834988,0.0095262620598078,0.023813990876079,-0.0017756588058546,0.016284903511405,0.014779718592763,-0.011681500822306,-0.037186611443758,0.0067136990837753,-6.946359644644e-05,0.022752312943339,0.028618611395359,0.015210267156363,0.016074365004897,-0.0038105021230876,0.0360705293715,-0.0017936583608389,-0.014701445586979,0.0076419794932008,-0.053681269288063,-0.010265897028148,0.0058104852214456,0.0040611675940454,-0.022746620699763,-0.020007850602269,0.02815799228847,0.023714138194919,-0.019175538793206,-0.02729320526123,-0.015376793220639,0.038844216614962,-0.021221941336989,0.035422742366791,0.018810719251633,-0.034620687365532,0.014778981916606,0.039462469518185,-0.0031248170416802,0.026131216436625,0.019478412345052,-0.03442257642746,0.051307242363691,0.01710144802928,0.010101399384439,0.011554171331227,-0.034366987645626,-0.026166204363108,0.03264232352376,0.0077468692325056,0.0043031945824623,-0.026583176106215,-0.03501358255744,0.0010222629643977,0.031576808542013,-0.01962455175817,-0.031770337373018,-0.01544782705605,-0.029159881174564,-0.014094700105488,-0.023605113849044,0.027599835768342,0.00062451238045469,-0.019864249974489,-0.015838626772165,0.034429766237736,-0.024160521104932,0.020511366426945,-0.02491188980639,0.026034247130156,-0.013072381727397,-0.011046572588384,-0.016763934865594,-0.034823138266802,0.01778101362288,0.014102213084698,-0.013031801208854,-0.023412952199578,-0.010448016226292,-0.0038709251675755,0.015955911949277,-0.00015077239368111,-0.0078689241781831,0.0029222182929516,0.0012606892269105,-0.025007976219058,0.036988403648138,0.03658189997077,0.011593822389841,0.034331806004047,0.015805415809155,-0.034183673560619,-0.015635043382645,-0.023697519674897,0.033644862473011,0.039960451424122,0.0061432211659849,0.012896410189569,0.023750623688102,0.019421292468905,0.041517358273268,0.0085077658295631,-0.016644665971398,-0.029138850048184,-0.009479770436883,0.038194302469492,-0.015462451614439,0.0147411422804,-0.0023196793626994,-0.019276216626167,0.023462312296033,-0.0064611872658134,0.028647378087044,0.03369152918458,0.0015887840418145,-0.026716861873865,0.038559708744287,0.03039463236928,0.024527559056878,-0.020867384970188,-0.032950766384602,0.019775124266744,0.014989791437984,-0.010041983798146,-0.029798433184624,0.038291841745377,0.021083112806082,-0.043719012290239,0.025974713265896,0.02307047881186,0.014735415577888,-0.032214127480984,-0.013744929805398,0.0059400242753327,-0.018897980451584,0.022274011746049,-0.012841742485762,0.024452660232782,0.035573672503233,0.017298899590969,0.028669096529484,-0.034670289605856,0.026231832802296,0.030290668830276,-0.0022775472607464,0.022323941811919,0.024054819718003,-0.040351144969463,-0.018093466758728,0.0074262931011617,-0.026996845379472,-0.022216496989131,-0.010769338347018,-0.013640466146171,0.0085429362952709,0.0011917866067961,0.026689214631915,0.028781266883016,0.0053121689707041,-0.0068916957825422,0.024044491350651,0.028848441317677,0.023186352103949,0.014387904666364,-0.016906589269638,0.0020962292328477,-0.027845876291394,-0.025977555662394,0.021690268069506,0.021300110965967,-0.038684841245413,-0.0067909192293882,0.037678182125092,-0.013033256866038,-0.00048833421897143,0.030063953250647,-0.022642020136118,-0.034447975456715,-0.011705155484378,0.022662356495857,0.01615085452795,0.004968979395926,-0.020657213404775,0.022315828129649,0.0081344898790121,0.0041281287558377,0.0028334949165583,0.00029790456756018,0.024700634181499,-0.0088935801759362,0.023427648469806,0.011891566216946,-0.019980356097221,-0.02084500901401,0.021924829110503,-0.010881718248129,0.020231021568179,0.047811318188906,0.0069029498845339,-0.015488655306399,-0.022614046931267,0.0027253967709839,-0.025654902681708,0.032769814133644,-0.0025843749754131,0.001896531903185,-0.020016524940729,0.03934046626091,0.0012261889642105,0.0019474679138511,0.0053141433745623,-0.018941733986139,0.0035643153823912,0.027480600401759,-0.012991580180824,0.018194027245045,-0.0071614845655859,-0.0038529832381755,-0.02641967870295,-0.013394257053733,0.029719604179263,0.028462909162045,0.014341619797051,-0.021464614197612,0.023376546800137,0.014710162766278,-0.030839055776596,0.0081996275112033,-0.040758553892374,0.034284718334675,0.021531937643886,-0.01315167080611,0.025151142850518,-0.0021044679451734,-0.0010306411422789,0.0042951270006597,-0.022549748420715,0.040431823581457,-0.03239843249321,0.029249558225274,-0.003159006126225,0.0059440839104354,0.015496581792831,-0.013519356958568,-0.034697659313679,0.038008112460375,0.015380507335067,0.023785891011357,0.032353233546019,0.023165844380856,0.030267722904682,0.012963307090104,-0.012759288772941,0.024908533319831,-0.027053389698267,0.012892531231046,0.020653035491705,0.00017823022790253,0.032420348376036,0.04347401112318,0.023775057867169,-0.0060649067163467,0.032892417162657,-0.0037104999646544,-0.0034582358784974,0.033390767872334,0.032755669206381,-0.027317335829139,0.033986337482929,0.026223119348288,-0.030448991805315,0.00082605116767809,0.0071047930978239,-0.0024724318645895,-0.015325772576034,0.022105060517788,-0.0013486127136275,0.0017196047119796,-0.0049581280909479,-0.014041975140572,-0.013346663676202,0.0074255396611989,-0.01923050172627,-0.017035828903317,-0.030376011505723,-0.0025247794110328,-0.0005371815059334,0.0084025291725993,0.024955850094557,0.016213152557611,0.020680712535977,0.021774692460895,-0.011820634827018,0.0022709933109581,-0.033888764679432,-0.0058394689112902,0.013224838301539,-0.023858500644565,0.020882030948997,0.024309810250998,-0.026809310540557,0.011355925351381,-0.012795066460967,0.013971004635096,0.023340057581663,-0.018352713435888,0.0087966006249189,-0.022175995633006,0.0086290892213583,0.033247150480747,-0.019908510148525,-0.012735604308546,-0.037700064480305,-0.015389321371913,0.030527703464031,-0.036451995372772,0.0086191529408097,-0.025211764499545,-0.046166270971298,-0.036465492099524,-0.0029758014716208,-0.03800492733717,0.020611247047782,0.0042794668115675,-0.021940652281046,0.0083044180646539,0.0247647985816,-0.016335787251592,-0.028651729226112,-0.032052788883448,0.026790075004101,-0.032334621995687,0.026146691292524,0.027691848576069,-0.012935896404088,-0.037575587630272,-0.037946507334709,-0.016590669751167,-0.018172791227698,-0.011462389491498,0.012148125097156,0.041535273194313,-0.022436320781708,-0.025555649772286,-0.018645092844963,-0.016430322080851,0.0013466811506078,0.015236124396324,-0.024354053661227,0.02268947660923,0.018217902630568,-0.0023610156495124,-0.0095190992578864,0.012884446419775,0.042811777442694,-0.020749852061272,0.04785668477416,0.012107549235225,-0.019395740702748,0.0080931689590216,-0.038654793053865,0.0017248698277399,-0.0018107807263732,-0.029001992195845,0.014474395662546,0.0005909904721193,0.010289456695318,-0.0051252581179142,0.011583395302296,-4.2408123590576e-06,-0.0106404973194,0.0057638068683445,0.022705277428031,-0.030688708648086,0.00062906567472965,0.038639526814222,-0.024514073505998,0.019095364958048,-0.015957813709974,-0.029198924079537,-0.024843908846378,0.011942750774324,-0.029181115329266,-0.04196035861969,0.0074450597167015,-0.017219061031938,-0.0052914558909833,0.034624472260475,0.025763561949134,-0.00070323783438653,-0.013728153891861,0.0050114616751671,-0.040525533258915,-0.024495270103216,-0.024673463776708,0.032817449420691,-0.0051554734818637,-0.033034667372704,0.028855722397566,0.027981508523226,0.0047955866903067,0.029951436445117,-0.0056282370351255,0.0058332444168627,0.037670247256756,0.02277047932148,0.022182501852512,-0.028014544397593,-0.019787132740021,0.0097096189856529,-0.023207351565361,0.0044875340536237,0.033761382102966,-0.014069592580199,-0.023166008293629,-0.025118751451373,-0.034309718757868,0.033533800393343,0.029173281043768,-0.011595031246543,0.0027603695634753,0.018315099179745,-0.0076443492434919,-0.020959062501788,-0.031733810901642,-0.034021962434053,0.036541752517223,0.00013820592721459,0.0086160032078624,0.031802035868168,-0.037155404686928,-0.042858052998781,0.0098932459950447,0.010513899847865,0.0307676512748,-0.004783152602613,0.020087426528335,-0.03607090190053,0.010380846448243,-0.0010146242566407,-0.009071639738977,0.032934069633484,0.010695410892367,0.021922964602709,-0.0062985359691083,0.015430178493261,-0.020934421569109,-0.002157311886549,-0.010749193839729,0.011539442464709,0.014926690608263,-0.018154263496399,-0.023696690797806,-0.02106592617929,0.00087355403229594,0.022273439913988,0.028172582387924,-0.019753448665142,0.031572725623846,-0.033291894942522,-0.0011046908330172,-0.0046290843747556,-0.044972218573093,-0.023764872923493,-0.02017274312675,-0.013741137459874,0.023360287770629,-0.016345711424947,-0.0045531718060374,-0.0072494689375162,-0.014899668283761,0.024102877825499,0.032262694090605,-0.045271221548319,0.058939546346664,-0.012765851803124,0.00061456835828722,-0.016615869477391,0.02213335596025,0.035032846033573,-0.015874102711678,-0.028598180040717,0.032458521425724,-0.0347022973001,0.013647109270096,-0.025288604199886,0.011087143793702,-0.0053678704425693,0.0059640435501933,-0.025924250483513,0.045241557061672,-0.035227753221989,0.0098593672737479,0.032575111836195,0.027965543791652,0.016631187871099,0.0024061966687441,-0.022319292649627,-0.0230065677315,0.041771665215492,-0.020188579335809,0.0034087211824954,-0.019702730700374,0.00017952790949494,0.012136918492615,6.307486910373e-05,-0.028266338631511,-0.030112845823169,0.002847352065146,-0.010130749084055,-0.022556591778994,-0.0022487957030535,0.009934026747942,-0.0099350027740002,-0.0012359592365101,-0.043380487710238,-0.035501152276993,-0.040132999420166,-0.029616367071867,0.018704604357481,0.0096506513655186,0.021769102662802,-0.0067217485047877,0.0030958629213274,-0.017270816490054,0.0057370448485017,0.034228134900331,-0.029915461316705,0.00036578357685357,-0.022841885685921,0.0030415242072195,-0.012304769828916,-0.0098525825887918,-0.036285094916821,0.059796333312988,0.00047069569700398,0.026919594034553,0.024029390886426,0.02381999604404,-0.025439221411943,0.033236302435398,-0.020549669861794,-0.034140400588512,-0.029849207028747,0.054251346737146,-0.0093841319903731,0.0057706153020263,0.020355373620987,-0.043810907751322,-0.025273561477661,0.0074343951418996,0.013173466548324,0.022135574370623,0.021703466773033,-0.017506323754787,0.023158591240644,0.0057890247553587,-0.022590469568968,0.02485023252666,0.019386682659388,-0.028587473556399,-0.018989199772477,-0.041588131338358,0.010422395542264,0.051904555410147,0.04299022257328,0.045300029218197,0.016358053311706,-0.037359822541475,0.022861670702696,0.036489088088274,-0.0083155166357756,0.0051856278441846,0.034442264586687,-0.017885737121105,0.0057354839518666,-0.055436037480831,-0.041222881525755,-0.028050053864717,-0.0446144528687,-0.019329115748405,-0.0031010841485113,-0.0049497135914862,0.0090771187096834,-0.0047951401211321,-0.01368629746139,0.0044768112711608,-0.026885049417615,-0.021567961201072,0.032383225858212,0.049552891403437,-0.05627916008234,0.015390402637422,-0.058928407728672,0.062201537191868,0.022260831668973,0.017222639173269,-0.0049346596933901,-0.012351137585938,0.0043132654391229,0.017671722918749,0.0099340677261353,-0.01844028942287,0.00062544125830755,-0.022912714630365,0.012648900970817,-0.00082441722042859,0.014802923426032,0.010309440083802,-0.076351970434189,0.0077396300621331,0.032618936151266,-0.016589829698205,0.037492867559195,-0.034542310982943,-0.0041522462852299,0.026224104687572,0.01846862398088,0.016114162281156,-0.0040538967587054,-0.019509788602591,-0.029629819095135,0.018215758726001,-0.020868999883533,0.032624389976263,0.005425478797406,0.029334370046854,-0.020150750875473,0.019615605473518,0.0046805161982775,0.0044708526693285,-0.01520018465817,-0.02856383100152,-0.04284730553627,-0.013536766171455,-0.013360528275371,-0.031715329736471,-0.010700719431043,0.029998864978552,0.024774435907602,-0.030397335067391,-0.016701392829418,-0.04697223007679,-0.033070616424084,0.004797029774636,0.028521837666631,0.064319729804993,-0.0051765339449048,-0.012599757872522,-0.030355840921402,0.0037518297322094,0.027732474729419,-0.020450064912438,0.037475112825632,-0.02353136241436,0.013742421753705,-0.052882641553879,-0.020106168463826,0.015928022563457,0.0048747826367617,0.019648181274533,-0.019853916019201,-0.014631878584623,0.031174212694168,-0.018421143293381,-0.01446542982012,0.0091683510690928,0.021722046658397,0.039875462651253,0.04398051276803,0.019270537421107,0.015989542007446,0.035534735769033,0.039678853005171,-0.0073165344074368,-0.02051118761301,-0.029633615165949,-0.016000483185053,0.043886885046959,0.0012617112370208,0.0088675618171692,0.0092607261613011,0.0042913435027003,-0.03009937889874,-0.068122431635857,0.0035287295468152,0.004597436171025,-0.003019955707714,0.01214786246419,-0.018053773790598,0.013658311218023,-0.015714788809419,-0.0043687028810382,0.017845343798399,-0.023110309615731,0.031392980366945,0.012167264707386,-0.050562378019094,-0.026954459026456,-0.028535136952996,0.021413655951619,0.036247961223125,-0.013609080575407,0.004274751059711,0.043547127395868,0.0054728863760829,-0.027372468262911,-0.009699672460556,-0.029898390173912,-0.020989743992686,0.030023351311684,-0.01991637609899,-0.025245824828744,-0.025591338053346,0.002790512284264,-0.023043001070619,-0.021346611902118,0.017371956259012,-0.018887305632234,-0.0037494809366763,0.031469956040382,0.033949837088585,-0.0056827110238373,-0.024746760725975,-0.031738508492708,0.031889706850052,0.034697685390711,0.0073597310110927,-0.033921234309673,0.00048881227849051,0.0031215990893543,0.033608891069889,-0.033818785101175,-0.004839800298214,0.010934264399111,-0.033654492348433,0.00018217352044303,0.020776312798262,-0.025470627471805,0.021785842254758,-0.00031723722349852,0.0034923988860101,0.0017322252970189,-0.032921820878983,-0.012126968242228,0.0045361081138253,0.015658296644688,-0.023807590827346,-0.0079455124214292,0.02729026786983,-0.0043344148434699,0.032730963081121,0.02943585626781,-0.0076883286237717,-0.011773871257901,-0.028025638312101,0.024009432643652,-0.017863174900413,0.024165319278836,0.011124889366329,-0.033285323530436,-0.03318988904357,-0.012639805674553,-0.036812301725149,-0.0050077885389328,0.0016998961800709,0.012295764870942,0.024610340595245,0.042026624083519,-0.013476276770234,-0.007796963211149,-0.0039301225915551,0.019488289952278,0.032394465059042,0.029454950243235,0.035087857395411,0.012920224107802,-0.012879809364676,-0.030603367835283,0.01865759305656,0.018919266760349,0.020889014005661,-0.015087163075805,0.011260349303484,0.036128714680672,-0.0016526314429939,0.0098014296963811,0.025722533464432,-0.025428280234337,-0.039765793830156,0.014837616123259,0.0089606558904052,0.02239503711462,-0.0089670671150088,-0.0099044190719724,-0.0043777031823993,0.00092521373881027,-0.020017948001623,0.024074804037809,0.010524717159569,0.00062498630722985,0.020381595939398,-0.0090403463691473,-0.033736251294613,0.038836572319269,-0.025374410673976,0.023196510970592,0.030261062085629,-0.017627090215683,0.034101150929928,-0.0016273129731417,0.03414173796773,0.01835441403091,-0.024277810007334,-0.0086946524679661,0.0043492461554706,-0.017526166513562,0.017997473478317,-0.020101021975279,0.04000186920166,0.010732954367995,-0.031237870454788,0.033395208418369,0.017897028476,-0.0094424420967698,-0.0038898673374206,0.033712938427925,-0.014718488790095,0.018941475078464,-0.027779515832663,-0.0069556627422571,0.019474931061268,0.0076542878523469,-0.017678888514638,-0.045261986553669,0.014213776215911,0.036692745983601,-0.0046718386001885,-0.0076200072653592,0.03111376799643,0.019531199708581,0.017456993460655,0.01840890198946,-0.019287148490548,-0.0086333947256207,-0.025619180873036,-0.0029903331305832,0.021923860535026,-0.0088847577571869,0.0073854210786521,-0.001374818617478,-0.023134527727962,0.0028106824029237,0.023255089297891,0.017540846019983,0.0052890847437084,-0.025246597826481,-0.022502414882183,0.015631895512342,-0.015503220260143,0.0060241036117077,0.030479723587632,0.018784258514643,-0.040185559540987,0.009676449932158,-0.0061032311059535,0.035120975226164,-0.0046416725963354,-0.032995294779539,0.02676060795784,0.020095555111766,0.01584498398006,0.041957933455706,-0.010724703781307,0.03144459426403,-0.0038031018339097,0.032883565872908,0.012667423114181,0.04240058735013,-0.031169099733233,-0.012232298962772,0.0078678848221898,0.00042733491864055,0.019682148471475,0.014027251861989,-0.013398089446127,0.0050496552139521,-0.009006854146719,-0.03456063196063,-0.033581878989935,0.020960070192814,-0.037276618182659,0.001021423493512,0.013466654345393,-0.0040890336968005,0.01885574311018,-0.015916425734758,0.013714504428208,-0.031811274588108,0.03166912868619,0.02027602866292,-0.018871180713177,-0.044627487659454,-0.016764374449849,-0.054313525557518,-0.0007335627451539,0.027903184294701,0.0023088043089956,-0.036406494677067,0.013537736609578,-0.015736777335405,-0.021797684952617,-0.030585357919335,0.0221504624933,-0.024145264178514,-0.035484928637743,0.0073347468860447,0.015758132562041,-0.0066211731173098,0.0322573967278,-0.012093970552087,-0.027081195265055,-0.0094518009573221,0.011964051052928,-0.038962475955486,0.0055129011161625,-0.021170968189836,-0.042308673262596,-0.01760739274323,-0.0086071947589517,-0.0090454779565334,0.033129449933767,-0.018398670479655,0.037780590355396,0.036953002214432,-0.019563134759665,0.017498087137938,0.0013313943054527,0.0084963263943791,0.027059821411967,0.0074126254767179,-0.03676089271903,0.019868578761816,-0.023014556616545,0.024666661396623,-0.00648451782763,0.00059790664818138,0.036092650145292,0.0055839125998318,-0.021642571315169,-0.024413105100393,0.0035580773837864,-0.026720941066742,-0.0098730772733688,0.025482255965471,-0.037310540676117,-0.017792420461774,0.021427044644952,-0.0064292591996491,0.028550077229738,-0.010718083940446,0.017704712226987,-0.011953352950513,0.00033003563294187,-0.010496810078621,-0.015914712101221,-0.00050757924327627,0.0016167677240446,0.015193299390376,0.020269237458706,0.026582924649119,-0.026157826185226,0.032967370003462,-0.015567315742373,0.028685625642538,-0.019251620396972,0.005252355709672,-0.0047449935227633,-0.016430642455816,0.007193464320153,0.028685731813312,-0.027677705511451,0.0072446800768375,0.0092838844284415,0.032076776027679,-0.02597832120955,0.0061422707512975,-0.034480828791857,-0.020856766030192,0.027554117143154,-0.01814585737884,0.01069194637239,-0.012899858877063,-0.024097990244627,-0.031587976962328,0.030449094250798,-0.0061143753118813,-0.011264393106103,-0.019233306869864,-0.011958447284997,0.05297177284956,-0.012953609228134,0.025873720645905,0.022675333544612,-0.03305297344923,0.010371899232268,0.022012989968061,0.007615520618856,0.001700617489405,-0.0072620776481926,-0.021720016375184,-0.032780021429062,-0.0011113642249256,0.031262207776308,0.0013486696407199,0.0024805178400129,0.025692250579596,-0.0022432950790972,-0.012704654596746,0.027349473908544,-0.013146960176528,0.015825370326638,0.025703033432364,0.010037682950497,-0.018593303859234,0.032985541969538,0.014057365246117,-0.003980815410614,-0.025792410597205,0.016682341694832,-0.0091524347662926,-0.021502677351236,-0.024423791095614,0.016817465424538,-0.018163960427046,0.015046012587845,-0.018253952264786,-0.016409624367952,0.026020675897598,-0.009774012491107,-0.027525864541531,0.033692818135023,-0.017511866986752,0.029372222721577,0.016838621348143,-0.012064382433891,0.03426268696785,-0.024783995002508,-0.02200280316174,-0.013343253172934,-0.028194211423397,-0.024179005995393,-0.011701881885529,0.034552574157715,-0.016111958771944,-0.011711533181369,0.020178511738777,-0.02051773108542,-0.014685392379761,-0.031865749508142,0.0051006418652833,0.0033736457116902,0.014426344074309,-0.011322217062116,0.010856525041163,-0.029891872778535,0.02499133720994,0.033282842487097,0.015713468194008,0.025222757831216,-0.024581680074334,-0.028642868623137,-0.029182478785515,-0.035883020609617,-0.0095726642757654,-0.0023657609708607,0.02855016477406,-0.033642448484898,0.0018172800773755,0.0076302005909383,-0.029855102300644,0.0040431306697428,-0.031220320612192,0.01384751778096,0.003294178051874,-0.0048112603835762,0.013663624413311,-0.011457055807114,0.036562915891409,-0.0031464798375964,-0.019304234534502,0.020560286939144,0.049899574369192,0.025143524631858,0.021108772605658,-0.0070955073460937,-0.017920348793268,0.0062631843611598,0.037262354046106,0.023534938693047,-0.043351791799068,-0.022750835865736,0.044623807072639,0.029363011941314,0.052872892469168,-0.012909065932035,-0.043241716921329,-0.003658726811409,-0.0049717510119081,-0.011567405425012,-0.020467894151807,-0.0089346552267671,-0.019941044971347,-0.031856209039688,0.029906932264566,-0.012868179008365,-0.0048905084840953,-0.02252452634275,0.019870191812515,-0.041156195104122,0.00087520753731951,0.025060849264264,0.022191943600774,-0.0014198860153556,-0.011002458631992,0.013616225682199,0.025904793292284,0.0030232928693295,0.035748653113842,0.040016796439886,-0.0029739642050117,0.0094847735017538,-0.012859085574746,-0.029369749128819,0.017663655802608,-0.026167312636971,-0.032065667212009,0.0056160246022046,-0.047355905175209,-0.033705782145262,0.037739150226116,0.03574039041996,0.035983119159937,0.020022183656693,-0.021185887977481,0.025461575016379,0.018211659044027,-0.032215792685747,0.021381255239248,0.039555486291647,0.031084831804037,-0.032152861356735,-0.017552047967911,-0.001494717085734,-0.013387515209615,0.00065879465546459,0.021999541670084,-0.013820732943714,0.018084624782205,-0.025075105950236,-0.062168035656214,-0.0032122544944286,0.012825037352741,0.0017404882237315,-0.023094028234482,0.018104864284396,0.03390783816576,0.016914056614041,0.0037473035044968,-0.035649105906487,-0.03140726312995,-0.02964098751545,0.013966288417578,0.029158685356379,0.032154057174921,-0.0033585322089493,-0.00017916776414495,-0.024890091270208,0.024561518803239,0.0065444647334516,0.018944960087538,-0.0013204251881689,0.020434055477381,0.031536042690277,0.037230219691992,-0.014149299822748,-0.00023824549862184,-0.042021930217743,-0.0053241020068526,0.019536256790161,-0.032550495117903,-0.0277054104954,0.013213464990258,-0.011571140959859,-0.0052133873105049,0.038680415600538,-0.0067837140522897,-0.024089079350233,-0.021701734513044,-0.024263612926006,0.0076431389898062,-0.040343556553125,0.0075110974721611,0.00093488430138677,-0.021722065284848,0.040575999766588,-0.0031808975618333,0.0019182652467862,0.014380761422217,0.031145690008998,0.017476618289948,0.032492563128471,-0.022135755047202,0.014961668290198,0.018600756302476,0.0086310990154743,-0.004021339584142,-0.012498194351792,-0.010735150426626,-0.019639724865556,-0.01791094429791,0.030967976897955,-0.017001450061798,0.0038085817359388,-0.047877211123705,0.037893991917372,-0.017799593508244,0.030056700110435,0.029533198103309,-0.012559983879328,-0.029350489377975,-0.022947246208787,-0.0037928035017103,-0.027170015498996,-0.036476418375969,-0.031709793955088,0.027431210502982,0.0027198656462133,0.032541129738092,-0.024760771542788,-0.0039972923696041,-0.014382696710527,-0.0082726823166013,-0.026369974017143,-0.026352666318417,0.0081709995865822,-0.0061622555367649,-0.030919704586267,-0.0080352071672678,-0.03041005320847,0.0037219892255962,-0.032015945762396,-0.0076167294755578,-0.01289610657841,-0.00040635414188728,-0.0070336549542844,-0.037544973194599,0.0089206490665674,-0.0074983034282923,0.031902723014355,0.033742055296898,0.0032457923516631,0.0027998101431876,0.034367717802525,0.0018861566204578,0.0061350502073765,-0.034941472113132,0.022844264283776,-0.02760261669755,0.027123188599944,0.0018063768511638,-0.028781246393919,0.018882397562265,-0.012677518650889,0.016493635252118,0.034506592899561,-0.01797466725111,-0.01336654368788,-0.018812457099557,0.039176695048809,-0.017869969829917,-0.047648370265961,-0.0032017831690609,0.0030878791585565,-0.0058528087101877,0.020352408289909,0.023678911849856,0.015099938958883,0.0095138167962432,-0.016250696033239,-0.034441493451595,0.0088262325152755,-0.02537933178246,-0.025963442400098,-0.026542279869318,-0.038370221853256,0.013807071372867,0.020154684782028,0.027568927034736,-0.018710458651185,-0.031557332724333,0.043757181614637,0.039609391242266,0.021211294457316,-0.016915298998356,0.035967756062746,-0.025782523676753,-0.017851762473583,0.010772991925478,-0.029030676931143,0.025527527555823,0.012424672022462,-0.0024671726860106,-0.036887150257826,-0.042250007390976,-0.031280126422644,-0.020927319303155,0.023923754692078,-0.01741886138916,0.020131450146437,0.012853687629104,-0.035842921584845,-0.0061507802456617,-0.0015693170716986,0.00099376868456602,-0.03664556145668,0.0013905033702031,-0.018712416291237,0.030476348474622,-0.030598195269704,0.02696124650538,0.012763366103172,0.025755988433957,-0.0019658007659018,0.01347912568599,0.020302100107074,-0.0215228125453,-0.0094510167837143,0.025662614032626,-0.005472871940583,-0.0033263543155044,0.033345341682434,-0.021256756037474,0.025868767872453,0.04318330809474,0.01994700729847,0.013151169754565,0.019528841599822,0.032384250313044,0.025762094184756,-0.00291758752428,0.04719040542841,-0.0074259727261961,-0.030223671346903,-0.028285203501582,-0.028037969022989,-0.013646998442709,0.036703955382109,0.0012236329494044,0.0055460343137383,0.012346547096968,0.029096283018589,0.020214818418026,-0.00080903642810881,0.0076705603860319,0.027824673801661,0.011955067515373,0.036379236727953,-0.011279929429293,0.020287938416004,-0.020287645980716,-0.002990951994434,0.015899306163192,0.039118707180023,-0.02682132832706,-0.0063732052221894,0.0035813653375953,-0.00074772303923965,-0.031938560307026,-0.02662799321115,0.0097750220447779,-0.027806155383587,-0.015137182548642,-0.0035720884334296,0.00064382306300104,0.0027635579463094,0.0036697580944747,0.0065549537539482,0.0018139937892556,-0.037037577480078,-0.00040652620373294,0.042765431106091,-0.021984340623021,-0.03338460624218,-0.037359979003668,0.01201924495399,-0.049154613167048,-0.029202237725258,0.028430422767997,0.034842576831579,0.0055086314678192,0.026814643293619,0.015259423293173,0.034694828093052,0.037073295563459,-0.0023674303665757,0.025274598971009,0.032605044543743,0.0028393103275448,-0.0006428639171645,-0.02609053440392,0.0068770139478147,-0.0055681373924017,0.01264311093837,-0.022396007552743,0.019598711282015,0.023623332381248,-0.0054943165741861,-0.0082731517031789,-0.035243917256594,-0.032400660216808,-0.020130267366767,0.014679462648928,0.0063663176260889,0.015632688999176,-0.0094317561015487,-0.013505737297237,-0.0016377479769289,-0.0224176235497,0.023553758859634,0.02724065259099,-0.030321469530463,0.040889006108046,-0.02969928458333,0.022542594000697,-0.024428956210613,-0.03558337315917,0.022711819037795,0.026683714240789,0.018790761008859,0.012953848578036,0.029842089861631,-0.031593978404999,0.0073379818350077,0.012548512779176,-0.035020839422941,-0.0020758667960763,-0.010501869022846,-0.02005591802299,-0.014261268079281,-0.00077884906204417,0.0066770706325769,-0.026398910209537,-0.021254235878587,-0.018089327961206,-0.027276061475277,-0.0064582317136228,0.014884432777762,-0.031637080013752,-0.017848758026958,-0.0092683518305421,0.012717978097498,-0.029834887012839,0.034140326082706,-0.020600313320756,-0.033018805086613,0.039631258696318,-0.035362709313631,-0.034293450415134,-0.0030380866955966,0.033373568207026,0.047068521380424,0.018120238557458,0.004862679168582,-0.0074015106074512,0.060227423906326,-0.021281877532601,-0.0033007396850735,0.02349254116416,0.016628744080663,0.0072684953920543,0.037638522684574,0.044306758791208,-0.021984465420246,0.043048225343227,-0.026904106140137,-0.038570046424866,0.026556264609098,0.032822459936142,-0.00086252152686939,-0.041084874421358,0.016250230371952,-0.0047616404481232,0.036508195102215,-0.020341668277979,-0.014626960270107,-0.019231736660004,-0.0037121425848454,0.043637774884701,0.030431743711233,0.01074833329767,0.011078804731369,0.0026289694942534,0.022724706679583,-0.030741546303034,0.014820785261691,0.031730309128761,0.010706678032875,-0.040906902402639,-0.020807838067412,-0.019327599555254,0.029696844518185,0.04312426969409,-0.02159838937223,0.02110100351274,0.014912719838321,-0.0065780808217824,0.0063468762673438,0.0066397511400282,0.03811077028513,-0.0091342506930232,0.010539100505412,0.030613247305155,0.029164781793952,0.0033850474283099,-0.015009315684438,0.030712118372321,-0.016311284154654,0.0067915976978838,0.019814636558294,0.024396177381277,0.0094075351953506,-0.027900088578463,-0.011766036041081,0.021580120548606,-0.021484142169356,0.0037727416492999,0.022358225658536,-0.0027162795886397,0.018200309947133,0.01079388987273,0.044625535607338,-0.0011708922684193,0.00081753195263445,0.030462566763163,-0.02355545759201,-0.011834297329187,-0.012026127427816,-0.0036061899736524,-0.0075339870527387,-0.041873868554831,-0.038532741367817,0.017899464815855,0.0027508449275047,0.009990094229579,0.018501482903957,-0.022151302546263,0.0094170290976763,-0.0052619553171098,-0.032967206090689,0.037043415009975,-0.025661323219538,0.014325438067317,0.010746295563877,-0.031228184700012,-0.029804915189743,-0.032288327813148,0.025693703442812,-0.011822837404907,0.041001416742802,0.027644068002701,-0.029265174642205,0.0075622536242008,0.029868768528104,-0.040073819458485,0.02952604368329,0.015391618944705,-0.0088054863736033,0.0039914320223033,0.035093810409307,-0.019101321697235,-0.0073326649144292,-0.040978826582432,-0.011587268672884,0.034610360860825,0.045836932957172,0.032796148210764,0.015563615597785,0.033544365316629,-0.041897781193256,-0.020343732088804,0.010911918245256,-0.0072358888573945,-0.023452268913388,-0.034301679581404,-0.037343539297581,-0.030424885451794,0.029644982889295,-0.008172950707376,-0.011465762741864,0.018549229949713,0.0035109063610435,0.044401820749044,-0.0084378626197577,0.040152296423912,-0.021530631929636,0.021947296336293,0.021925877779722,-0.031046565622091,0.019973661750555,0.042918592691422,0.015279171988368,-0.0027146283537149,-0.019983572885394,-0.032906353473663,0.032987266778946,-0.035053219646215,0.0077274274080992,-0.023240998387337,-0.047506500035524,-0.031162027269602,0.0017482489347458,0.01138521451503,0.01744001917541,-0.016671027988195,-0.022083071991801,-0.023117965087295,0.0016423785127699,0.034851465374231,0.011616843752563,-0.020240044221282,0.013430091552436,0.036262106150389,-0.0062553184106946,0.014768315479159,-0.023147122934461,0.0099230241030455,0.028480958193541,-0.017939392477274,-0.0081382924690843,0.012805097736418,-0.0044576795771718,-0.028619803488255,0.0045792292803526,0.011595788411796,0.00091935257660225,0.0033020956907421,-0.023221917450428,-0.011364920064807,-0.018985545262694,0.036641418933868,0.010616051964462,-0.021764367818832,0.034571301192045,-0.042190656065941,-0.040745679289103,-0.020025201141834,0.0096202529966831,0.0074001061730087,0.0054621314629912,0.048349596560001,-0.03421713411808,0.016735710203648,0.020435759797692,0.038941469043493,0.033377874642611,-0.0043356050737202,-0.010775730013847,-0.0287208519876,0.03367780148983,0.022766210138798,0.025313513353467,-0.011207594536245,-0.039908967912197,-0.025598967447877,0.023748097941279,-0.019855847582221,-0.01532740239054,0.0058394116349518,-0.0089764362201095,0.015246828086674,-0.028708571568131,-0.029407719150186,-0.007656586356461,0.0087982779368758,-0.029181631281972,0.025228070095181,0.011332464404404,0.014972447417676,-0.010488797910511,-0.025741524994373,0.0071288691833615,0.018044704571366,-0.03599601611495,0.020824680104852,0.009362286888063,-0.010456775315106,0.022733492776752,-0.017969442531466,0.00650077406317,0.0081660412251949,-0.024244498461485,0.015263103879988,-0.015777919441462,-0.0065876608714461,0.013436262495816,-0.008706359192729,0.041324213147163,0.014761083759367,-0.038535077124834,-0.018409807235003,0.0093971630558372,-0.011160181835294,0.026916252449155,-0.0073156896978617,-0.014305615797639,-0.018785901367664,0.0079609816893935,0.0091584669426084,-0.019363759085536,-0.029106164351106,-0.0071376021951437,0.023202877491713,0.016253363341093,-0.012709744274616,-0.036102756857872,0.029394732788205,-0.022190460935235,0.013442073017359,0.0042126378975809,-0.00067205732921138,0.031712487339973,0.031498309224844,-0.037695311009884,-0.018503559753299,-0.048527006059885,-0.024417698383331,0.042868189513683,0.015054238960147,-0.0040278467349708,-0.029724519699812,0.024600494652987,-0.0039795264601707,0.0017587303882465,0.020346703007817,-0.017674099653959,0.018543647602201,-0.0069504170678556,0.00070222991053015,-0.017900148406625,0.0042710872367024,-0.0314981341362,-0.025794757530093,0.013170501217246,0.0084930313751101,0.013228905387223,-0.033432874828577,-0.0097618773579597,-0.012371111661196,-0.046787109225988,-0.022310452535748,0.041116245090961,-0.017508206889033,-0.03770973905921,-0.033296316862106,-0.017888687551022,0.0061113769188523,0.016891125589609,-0.029205892235041,-0.025852030143142,0.019503939896822,0.0025372835807502,-0.017555324360728,-0.021974621340632,-0.034848775714636,-0.033894695341587,-0.034886427223682,-0.01444192789495,0.026379598304629,-0.022499900311232,0.039754591882229,-0.018739651888609,0.02727640606463,-0.018219405785203,-0.034180749207735,0.014813364483416,0.033957831561565,0.0073183658532798,0.012794465757906,-0.0011140909045935,0.024757333099842,0.0063152476213872,0.029334181919694,0.028042556717992,-0.017697853967547,-0.017532287165523,-0.0050483518280089,0.0095014804974198,0.025496799498796,0.043022055178881,0.0045196255668998,0.020571859553456,-0.012434648349881,0.029266513884068,-0.017064480111003,0.019872989505529,0.017270885407925,-0.01697002351284,-0.0003376871754881,0.035006172955036,0.031597655266523,-0.0070866472087801,-0.0056270291097462,-0.0048860390670598,-0.026264498010278,0.0005777616170235,0.013438325375319,-0.0017558310646564,0.026333667337894,0.01755945943296,-0.028912426903844,-0.002649393863976,-0.024923589080572,0.022497626021504,-0.020422106608748,-0.011200649663806,-0.025561280548573,0.013093321584165,0.035745143890381,0.025742281228304,0.0033061862923205,0.020552905276418,0.053610991686583,0.0088023589923978,0.00067538156872615,-0.0080891707912087,-0.011249198578298,0.0031855108682066,0.042224042117596,0.002267390023917,0.043167423456907,-0.0075217401608825,0.0094899088144302,-0.0087192077189684,0.017333449795842,-0.02937875688076,-0.0087525835260749,-0.038199029862881,-0.016772471368313,0.034416317939758,-0.0078350380063057,-0.045748766511679,-0.014126215130091,-0.038315322250128,-0.0028577458579093,0.024040693417192,-0.019203761592507,0.026128925383091,0.010883536189795,0.014008055441082,0.021687068045139,0.027783883735538,0.025598019361496,-0.027199616655707,0.04292269796133,0.022835141047835,0.0109161157161,-0.011067039333284,-0.02047061920166,0.0069482619874179,0.011330687440932,-0.032800924032927,-0.014559097588062,-0.026237793266773,-0.013118118979037,-0.028221582993865,-0.02238742634654,-0.026241520419717,-0.020409332588315,-0.0076997536234558,-0.063728228211403,-0.019017232581973,-0.0052623702213168,-0.03531102463603,0.040944419801235,-0.00026461813831702,0.026015484705567,0.00029193118098192,-0.021258071064949,-0.012326961383224,-0.0013830580282956,0.010944514535367,-0.031503658741713,0.01125861518085,-5.0326445489191e-05,-0.018510770052671,-0.043622985482216,-0.0079002929851413,-0.060646738857031,-0.032316416501999,0.015482775866985,-0.057286646217108,-0.020377999171615,-0.015017598867416,-0.017278304323554,0.03561607375741,0.0055457763373852,-0.045059029012918,0.01983387209475,0.0087856398895383,0.013952385634184,0.05185541883111,-0.019511105492711,0.010936384089291,-0.0020019453950226,-0.025975815951824,-0.034467812627554,-0.043657761067152,0.012143715284765,-0.0009256019257009,0.075180001556873,0.02402775734663,0.022295761853456,0.052828148007393,0.026824701577425,0.020637420937419,0.0053042541258037,-0.0042846836149693,0.015047241933644,-0.022745750844479,-0.034570548683405,0.029714751988649,0.033215329051018,-0.048719551414251,0.024780249223113,-0.01689462736249,0.031134931370616,0.00050390232354403,0.03319513425231,0.015660662204027,0.012338230386376,0.0088838832452893,0.027720429003239,0.022956622764468,0.021598940715194,-0.022480152547359,0.02661713026464,0.026179337874055,0.017939865589142,0.019740173593163,0.024213321506977,0.042703550308943,0.027533175423741,-0.026588153094053,0.025409357622266,-0.0035577409435064,0.02425124309957,0.020701363682747,0.037780072540045,0.0066120373085141,-0.013074994087219,0.019138609990478,0.0074249333702028,-0.025595625862479,-0.0012829485349357,-0.0010054897284135,0.023753000423312,-0.025302872061729,0.024663859978318,0.020549889653921,-0.0045743728987873,-0.018630953505635,-0.035800948739052,0.037401836365461,-0.0068057146854699,0.036769848316908,0.017901176586747,0.029872870072722,0.024588299915195,0.033988021314144,0.031201610341668,0.004294459708035,0.0052702212706208,-0.03605605661869,0.0028009458910674,0.026480818167329,-0.01658072322607,-0.017356539145112,0.039731167256832,0.044594723731279,0.01286234240979,0.040167897939682,0.040529798716307,0.0052606053650379,-0.0058216634206474,0.020929142832756,0.0049046296626329,0.045362465083599,0.021615967154503,-0.015244006179273,-0.001705881790258,-0.025329453870654,-0.032207138836384,0.018332418054342,-0.017131581902504,0.011827824637294,-0.00076666742097586,-0.036115046590567,-0.0032955482602119,-0.0035229735076427,-0.033616218715906,0.030117029324174,0.011830872856081,-0.028840338811278,0.03067522495985,-0.025567451491952,0.028691047802567,0.034372679889202,-0.0049268812872469,0.0062453811988235,0.036919806152582,-0.0066625149920583,0.014181824401021,0.026769006624818,0.0074849058873951,-0.010973527096212,0.0424536280334,0.0060137095861137,0.068527042865753,-0.023892194032669,-0.022672863677144,0.021441340446472,0.021303011104465,0.0099814739078283,0.026855943724513,0.015114336274564,0.043517779558897,-0.027918230742216,-0.00079151731915772,0.023801073431969,-0.02105131931603,0.025842295959592,-0.02289491891861,-0.014461669139564,-0.015801999717951,-0.01345185842365,0.026788707822561,0.020555574446917,0.0097517473623157,0.037294927984476,0.0062664332799613,0.013707221485674,0.017149899154902,0.03122528642416,0.058856401592493,-0.024808224290609,0.031086517497897,0.034738924354315,0.0059438114985824,0.044342372566462,0.013217135332525,-0.017388693988323,0.018720012158155,0.013926697894931,-0.041216928511858,-0.0078117083758116,0.019103217869997,-0.011033115908504,0.048763401806355,0.020862942561507,0.028306107968092,-0.013251914642751,-0.011701526120305,0.030768813565373,-0.014735641889274,0.0045726080425084,-0.020532611757517,0.02627788297832,-0.028614303097129,0.040428835898638,-0.012994708493352,0.055534116923809,-0.017926264554262,0.018024247139692,0.03236522898078,0.0017517395317554,0.016013165935874,-0.0089924857020378,0.014390449970961,-0.0013567087007686,-0.013331193476915,-0.0079174386337399,-0.037729669362307,0.034563951194286,-0.023183934390545,-0.0298613589257,-0.021374620497227,0.012339818291366,0.023929914459586,-0.02876734547317,-0.023444721475244,-0.027842557057738,0.0014037536457181,-0.039027582854033,0.040874853730202,0.049063600599766,0.029442500323057,0.01813186891377,0.024143774062395,0.030905773863196,0.027837552130222,0.0021014716476202,0.021856972947717,-0.015434817411005,-0.018832143396139,-0.012942861765623,-0.035062178969383,-0.0037204548716545,-0.0069498736411333,0.023633470758796,-0.024724973365664,-0.0053391815163195,0.023409930989146,0.024467721581459,0.010851048864424,0.040839575231075,0.0082121752202511,0.034978501498699,-0.038039699196815,0.00085446838056669,0.026260111480951,-0.012832941487432,0.082011103630066,0.030927900224924,0.04129272326827,0.07265168428421,0.037566997110844,0.0049878470599651,0.019550912082195,-0.01349491160363,0.018387537449598,0.0027786893770099,0.030683796852827,0.046664480119944,0.037421748042107,-0.040607124567032,0.010545851662755,0.016589712351561,0.024290351197124,0.010330311022699,0.022902049124241,0.0038730013184249,-0.018569899722934,-0.026297869160771,0.020790465176105,-0.020142711699009,-0.0014255751157179,-0.030099121853709,0.041254132986069,-0.0023957921657711,0.047954145818949,-0.00078314810525626,0.045373346656561,0.0067354729399085,-0.023535387590528,-0.014598960988224,-0.0069705876521766,-0.0036710612475872,-0.048722911626101,0.051188822835684,-0.012438698671758,-0.041607022285461,0.053352821618319,0.023010959848762,-0.035396616905928,0.054315842688084,0.020919341593981,-0.012444760650396,-0.015187026932836,0.033451374620199,-0.022561155259609,-0.0098844980821013,0.020240025594831,-0.0085771456360817,-0.0027902193833143,-0.028441555798054,-0.012919886037707,0.023782283067703,0.036982897669077,-0.011058314703405,-0.021756825968623,-0.033218562602997,-0.020925953984261,-0.0044053359888494,-0.014525485225022,0.019481297582388,0.011231491342187,-0.013583811931312,-0.016734063625336,-0.016303854063153,-0.037859447300434,0.014460694044828,0.0078826677054167,0.021127430722117,0.011774845421314,-0.019631016999483,0.03671969473362,-0.0073751411400735,0.02488318271935,-0.022305788472295,-0.022332644090056,0.011924094520509,-0.033347405493259,-0.0077336551621556,0.029625533148646,7.1338872658089e-05,-0.026179483160377,0.0086561590433121,0.017635393887758,-0.0099167600274086,-0.026140177622437,0.0032169509213418,0.033958304673433,-0.0027337092906237,0.014893900603056,-0.027173960581422,-0.030090630054474,-0.027360802516341,0.01608201675117,-0.013353494927287,0.0053072837181389,-0.017888486385345,0.012129168957472,-0.0037629657890648,0.029774568974972,0.034098953008652,0.019396046176553,-0.018053853884339,-0.012167599983513,-0.020761163905263,0.016887607052922,0.033018611371517,-0.031793780624866,0.018799018114805,0.035383846610785,-0.022178808227181,-0.025059247389436,0.00053548719733953,-0.0012764160055667,0.014562757685781,-0.00037250178866088,0.0065198540687561,-0.030604677274823,-0.02416405826807,0.019651781767607,-0.019810074940324,-0.012782881036401,-0.022830467671156,0.035871103405952,-0.018106864765286,0.031524989753962,0.0032056451309472,-0.031644754111767,0.0028818543069065,0.018471514806151,0.025315852835774,0.014312382787466,-0.031927995383739,0.014526044018567,0.0080372150987387,-0.01542667299509,-0.0031140646897256,0.019596913829446,-0.023271344602108,0.023641135543585,-0.0046630529686809,0.011306443251669,-0.023563772439957,-0.0075030531734228,-0.018978036940098,0.018298540264368,-0.012557223439217,-0.0092889200896025,0.018587468191981,0.028204182162881,-0.0081697544082999,-0.0083195297047496,0.02256391569972,0.020048648118973,-0.032148230820894,0.026115383952856,-0.0070929457433522,0.024518651887774,0.034179333597422,-0.028288641944528,0.00057216687127948,-0.016313159838319,0.02482089959085,-0.0018887784099206,0.03142961114645,0.0019239676184952,-0.033968135714531,0.0096261408179998,0.03685350343585,0.031842689961195,-0.010994234122336,-0.019717032089829,-0.032893244177103,0.021657519042492,-0.02237306907773,0.0041891098953784,-0.023988438770175,0.0049433456733823,0.036254290491343,-0.020525503903627,-0.0026918479707092,0.023906644433737,0.0087008774280548,-0.026182198897004,-0.015269370749593,0.028474247083068,-0.00801105145365,0.032711017876863,-0.022129626944661,0.034081395715475,0.0072910226881504,-0.0065971869044006,0.025687959045172,-0.013634517788887,-0.024006504565477,-0.010936436243355,0.016237871721387,-0.0051627177745104,0.015290933661163,0.032227911055088,-0.0041326116770506,0.025172788649797,-0.0030890544876456,0.0041186260059476,-0.0076502999290824,-0.015008193440735,0.011791754513979,0.021941725164652,0.033164113759995,0.034551259130239,0.032939609140158,0.011706802994013,-0.030270740389824,-0.013896411284804,-0.019896768033504,-0.016111416742206,-0.02748316898942,0.010901249945164,0.035613868385553,-0.026693636551499,0.037497796118259,-0.021139249205589,-0.010649549774826,0.027210548520088,0.0038379032630473,0.012412189505994,-0.012788420543075,0.026977280154824,-0.035576868802309,-0.010932717472315,0.016755495220423,0.014015894383192,-0.003868296276778,-0.030922826379538,-0.0088707767426968,-0.006014627404511,0.007157591637224,0.023182418197393,0.02407019585371,-0.016755383461714,-0.0060785198584199,0.015950614586473,-0.0063508185558021,0.016135010868311,-0.034450683742762,-0.016726477071643,-0.024743866175413,0.034970842301846,-0.030918698757887,0.0050335507839918,0.025127297267318,0.0060227997601032,0.025400502607226,-0.022745907306671,0.018423363566399,-0.020037062466145,-0.025795018300414,0.03410817310214,0.02510417625308,-0.034668821841478,-0.030312530696392,-0.011842451989651,0.0012013005325571,0.011712476611137,-0.022931331768632,-0.019735706970096,-0.035562716424465,0.011264259926975,0.0091303512454033,0.00063394993776456,-0.023376043885946,0.017891045659781,-0.0027758660726249,0.0075975903309882,0.025283396244049,0.0027089295908809,0.0066911722533405,0.015692232176661,-0.0056595429778099,0.032898526638746,-0.00070820626569912,-0.036197002977133,-0.015620726160705,-0.0043563777580857,0.033476050943136,0.0071147065609694,0.037163071334362,0.0157271604985,-0.031697243452072,-0.011133573949337,0.0022799847647548,0.01363851968199,0.0022752527147532,-0.0011037102667615,-0.0066143730655313,0.035741232335567,-0.010559351183474,0.015631968155503,-0.022815976291895,0.0065734940581024,0.014851752668619,-0.032222915440798,-0.017871325835586,0.019358012825251,0.027899207547307,0.025618378072977,0.016827033832669,0.012067908421159,-0.0093381907790899,-0.010504900477827,0.0047275321558118,-0.018454931676388,-0.027578331530094,-0.028465755283833,0.020897211506963,-0.0059334002435207,0.0053370809182525,-0.017569575458765,-0.013774311169982,-0.026044389232993,0.0032627042382956,-0.006067784037441,-0.017777314409614,0.039642579853535,-0.029247462749481,0.0022931995335966,-0.018075119704008,-0.014056662097573,-0.032690148800611,-0.03433895483613,-0.017159026116133,-0.035326786339283,-0.0067437365651131,0.0054458077065647,-0.0035375088918954,0.017040513455868,-0.01841601356864,0.028875917196274,-0.025216028094292,0.035024739801884,-0.021636694669724,-0.020478138700128,0.011807848699391,-0.034233875572681,-0.0077241393737495,0.0098899956792593,-0.022750917822123,-0.019619096070528,-0.035645794123411,0.03306046128273,-0.012771625071764,0.019124628975987,0.016724647954106,-0.03299605846405,-0.0085051348432899,0.020135391503572,-0.012587518431246,-0.00043959222966805,0.02542357891798,0.031979292631149,0.008538112975657,0.0032548781018704,-0.026312168687582,-0.022269772365689,0.014604860916734,-0.0069600120186806,0.0098307356238365,0.0057570617645979,-0.035210702568293,0.02052965015173,0.023386225104332,-0.0023863764945418,0.0082465540617704,-0.0071767009794712,0.024315137416124,0.0043532149866223,-0.011682771146297,0.004890123847872,0.022292342036963,-0.0053152027539909,-0.027139974758029,-0.023399323225021,-0.0067475601099432,-0.0099659813567996,-0.0094783985987306,0.023830974474549,0.031889222562313,-0.0011353816371411,-0.015193494968116,-0.019826155155897,0.020772093906999,-0.0081981122493744,0.033415254205465,-0.017261488363147,-0.015717031434178,-0.017984569072723,-0.031667955219746,-0.0015450015198439,-0.023124877363443,-0.0058222264051437,0.037928692996502,-0.035719465464354,0.015952810645103,0.033771485090256,-0.0083400523290038,0.017567569389939,-0.01119671203196,-0.014918895438313,0.0029319943860173,-0.0028162347152829,-0.03501445800066,-0.0051263286732137,0.033996030688286,-0.022754898294806,0.025036439299583,-0.0018135971622542,-0.013063789345324,0.026000050827861,0.022285327315331,-0.0091236094012856,-0.027440784499049,-0.030497683212161,0.016024054959416,-0.031119890511036,0.026481341570616,0.013601364567876,-0.011880521662533,0.019639167934656,-0.021756429225206,-0.01569171063602,-0.025806166231632,-0.020714454352856,-0.0026252979878336,-0.015622289851308,-0.02903126180172,0.035942245274782,-0.0048618181608617,-0.0053785066120327,0.018342925235629,0.025551803410053,-0.020085673779249,0.021258680149913,0.016241723671556,-0.024806646630168,0.011041005142033,0.029292430728674,0.024091701954603,-0.030552826821804,0.022233126685023,0.025828586891294,-0.01476716529578,-0.010938303545117,-0.029579114168882,-0.012154139578342,0.030089758336544,0.036153975874186,0.024694228544831,0.011570404283702,-0.0036305605899543,0.0088294530287385,-0.0084268962964416,0.0011949392501265,0.0041242525912821,0.010353395715356,-0.00071418471634388,0.016021210700274,-0.0089320661500096,-0.028025534003973,-0.019276164472103,-0.025760523974895,-0.024429215118289,-0.025272022932768,0.024230517446995,-0.011166611686349,0.019724573940039,0.014575192704797,-0.036010503768921,-0.0047575850039721,0.039079111069441,0.029348833486438,-0.022327253594995,0.0048702629283071,0.017501885071397,0.0029528921004385,0.035426028072834,0.0088526848703623,-0.0053140106610954,-0.008571894839406,0.0097339944913983,0.022646361961961,0.036004789173603,-0.026358101516962,0.019139083102345,-0.030324032530189,-0.042031574994326,0.010910951532423,-0.0070048663765192,-0.037286806851625,-0.03083055652678,-0.025025947019458,0.023590801283717,0.0059591429308057,-0.026665695011616,-0.028077892959118,0.02956423163414,0.022944336757064,0.0050936201587319,-0.0037169915158302,-0.0042984723113477,0.0038120010867715,0.007411087397486,-0.0034294407814741,-0.017020430415869,0.026572931557894,-0.024513578042388,0.0022342146839947,-0.011875802651048,0.012456106953323,-0.007897924631834,-0.035962946712971,0.020793283358216,0.0084605133160949,-0.019668688997626,0.0012660172069445,0.034895420074463,-0.021525714546442,0.0074196024797857,0.036305379122496,-0.015129491686821,0.012808664701879,-0.0047163395211101,-0.021619716659188,0.017638105899096,0.036927688866854,0.019470274448395,0.0038075600750744,0.027635306119919,0.024105813354254,-0.011977767571807,-0.0051270830444992,-0.0001412499404978,-0.018014792352915,0.033588200807571,-0.00065654458012432,-0.01013114862144,-0.0264674089849,-0.029288958758116,0.039575416594744,-0.0023381130304188,-0.0059857731685042,-0.017828719690442,0.00051478232489899,-0.027006298303604,0.040966555476189,-0.033647544682026,-0.01207725610584,0.0041954000480473,0.036610066890717,0.0098686506971717,-0.020524879917502,0.0068364809267223,-0.037538707256317,0.010505180805922,0.035501208156347,0.03114615753293,0.030163703486323,-0.0249736700207,-0.011728765442967,0.029648477211595,0.0070303222164512,-0.017481973394752,-0.018933003768325,-0.01916410587728,-0.027031565085053,-0.006199034396559,0.028190903365612,0.00042778099304996,0.026659479364753,0.021046712994576,-0.00065485568484291,-0.025169977918267,-0.024664796888828,0.03160610049963,0.028587622568011,-0.013744204305112,0.0092506790533662,-0.014542950317264,0.033749043941498,0.031483519822359,0.008761121891439,-0.025162663310766,-0.0088676856830716,0.012964975088835,-0.020970087498426,-0.0083237392827868,-0.010708491317928,0.0011558926198632,0.021097131073475,0.021144021302462,0.0061529986560345,0.030148133635521,0.023862672969699,-0.0025903584901243,-0.029801307246089,-0.026251338422298,0.0096191307529807,0.0094223162159324,-0.02907370403409,0.0043877540156245,-0.0090796267613769,-0.013247149996459,0.026246193796396,0.012460772879422,-0.0082024503499269,0.00076287711272016,-0.021779080852866,-0.0042784851975739,0.017394315451384,-0.016497457399964,-0.022487856447697,-0.019299065694213,0.02919434197247,-0.029852170497179,-0.032472141087055,0.021999135613441,-0.035273432731628,0.004930738825351,-0.021201439201832,-0.0059181000106037,0.0022204206325114,-0.024934781715274,0.024846322834492,0.04094459861517,0.018743561580777,0.0061138137243688,-0.023150697350502,-0.022339764982462,-0.033842321485281,0.0099474135786295,-0.030202185735106,0.024518212303519,-0.0010949281277135,-0.0094351982697845,0.032758891582489,-0.028348993510008,0.03026794269681,-0.03055827319622,-0.0075645227916539,0.038079060614109,-0.022657876834273,0.03723281994462,-0.03579430654645,0.012274478562176,0.013786957599223,-0.024713318794966,0.023724904283881,0.0043429280631244,-0.02116203866899,-0.010799311101437,-0.018491789698601,0.0040519754402339,0.004919009283185,0.0081317648291588,-0.033398181200027,0.031572818756104,0.023137534037232,-0.035420943051577,0.0093507003039122,-0.0073808412998915,0.024915749207139,-0.029858473688364,-0.00071940536145121,0.01174636092037,0.023372180759907,0.014654499478638,0.028278773650527,-0.026444787159562,0.012787971645594,0.0072305668145418,0.001305672340095,0.023196119815111,0.012112173251808,-0.030431220307946,-0.0218919608742,-0.020176816731691,-0.0062803355976939,0.01725266687572,-0.016009569168091,-0.025010999292135,-0.00091946346219629,-0.016122866421938,0.030427176505327,-0.026096669957042,0.020526899024844,0.021423567086458,0.036807272583246,0.035803925246,0.023686736822128,-0.007713258266449,-0.016865910962224,-0.026674741879106,0.039900775998831,-0.017383582890034,0.0086030969396234,-0.034032434225082,0.0043196743354201,0.014822925440967,-0.0014084104914218,-0.0042534070089459,0.021872000768781,-0.0050457157194614,-0.0097830053418875,0.012714312411845,-0.026044012978673,0.015735881403089,0.0042046532034874,0.0057126376777887,-0.0043183295056224,-0.018584445118904,0.00023423385573551,0.0058182487264276,0.0027750057633966,-0.014330773614347,-0.011560336686671,0.0039527700282633,-0.027229255065322,-0.020402878522873,-0.004952275659889,0.029946302995086,-0.021316865459085,0.030650522559881,0.023698767647147,-0.031974975019693,-0.03414598479867,-0.0099959811195731,-0.025646215304732,-0.012871815823019,0.013052362017334,-0.0049285492859781,0.021934123709798,0.021170813590288,-0.0028332730289549,-0.016271514818072,0.021879998967052,-0.027576634660363,-0.0039887093007565,-0.0068770968355238,0.029856851324439,0.0048029534518719,-0.0032144458964467,0.036378275603056,0.026172552257776,0.007972838357091,-0.033641293644905,0.030903924256563,0.017641874030232,0.032976638525724,-0.0091237369924784,0.014334715902805,0.0072270901873708,0.03220734000206,0.0099382745102048,0.021732011809945,0.030896121636033,0.0027626133523881,-0.026518171653152,0.014585510827601,-0.02061140909791,0.011847947724164,0.020948393270373,-0.034154430031776,-0.0059651578776538,0.0234344471246,-0.01862258464098,0.029964229092002,0.0075662150047719,0.011165629141033,-0.023871425539255,0.0048384806141257,-0.022864025086164,-0.029488889500499,-0.010019878856838,-0.032075248658657,0.018829649314284,0.0030192020349205,0.029093898832798,0.0045693949796259,0.0025724407751113,0.024451084434986,-0.0028658842202276,0.03789596259594,-0.011377677321434,-0.0083465008065104,0.015504670329392,0.028959503397346,0.0038054836913943,0.023217666894197,0.029236488044262,-0.034226067364216,0.033058203756809,0.0072221751324832,-0.0013792791869491,0.025657391175628,0.035322710871696,-0.026466237381101,0.013242747634649,0.030523292720318,0.02470407821238,0.011878000572324,0.00077035679714754,0.032640624791384,-0.018378602340817,-0.04171509295702,0.010617529042065,-0.0019288050243631,-0.028420526534319,0.012099990621209,0.021316569298506,0.0047663724981248,0.043073948472738,0.031192759051919,0.037811055779457,0.028385018929839,-0.030917230993509,-0.0086761182174087,-0.0013618269003928,0.0082321902737021,-0.0022507808171213,-0.037224017083645,-0.023341668769717,-0.0093303900212049,-0.011403466574848,0.0098305037245154,0.022752925753593,-0.026467265561223,-0.03633126989007,-0.016030617058277,-0.065678499639034,0.011304593645036,-0.044920168817043,-0.011962614953518,-0.025546304881573,0.029128942638636,-0.0029305797070265,0.0084655368700624,0.031011221930385,0.01487020868808,0.0096019469201565,0.0048745009116828,0.016994578763843,0.017997259274125,0.011741760186851,-0.028694052249193,-0.019393699243665,-0.026177363470197,-0.021918930113316,-0.012907326221466,0.014484852552414,-0.0087589370086789,-0.033022187650204,-0.005224613007158,-0.041967570781708,-0.034360874444246,-0.0060676131397486,-0.0075797820463777,-0.043857034295797,0.027801962569356,-0.0048085628077388,0.012520504184067,0.016821071505547,0.023467641323805,-0.0019758988637477,-0.030520876869559,0.033258035778999,-0.040037356317043,-0.020489597693086,0.028876082971692,-0.033880539238453,0.032289423048496,-0.0054832343012094,0.033451970666647,0.022484695538878,0.03032492287457,-0.026018524542451,0.048683445900679,-0.016675565391779,-0.016682326793671,-0.0019709130283445,-0.010487450286746,0.010477616451681,0.040508169680834,-0.048269603401423,-0.032169479876757,-0.010160404257476,-0.0027490290813148,0.024733908474445,0.013839263468981,-0.023867812007666,-0.01769139803946,-0.019022328779101,-0.03614854067564,-0.00091011903714389,0.026108998805285,0.0005826378474012,-0.036638185381889,-0.011444574221969,0.0042807939462364,0.011053700000048,0.016357557848096,0.010654983110726,-0.046007812023163,0.016512036323547,0.035265829414129,-0.029029393568635,0.017915979027748,0.0096132410690188,0.013970361091197,-0.020736308768392,0.0421540774405,-0.040645055472851,-0.0026539794635028,0.043506555259228,0.0037304714787751,-0.0047385632060468,0.031177686527371,0.027759281918406,-0.032129440456629,-0.050201296806335,0.0064166630618274,-0.018700428307056,0.024175718426704,-0.0020090909674764,0.014045475050807,0.0092551540583372,0.013007991015911,-0.025215927511454,-0.033686436712742,-0.014246322214603,0.048362996429205,-0.028281312435865,-0.012631816789508,-0.0065062935464084,0.019895089790225,-0.0048578227870166,-0.022461729124188,0.040264140814543,-0.0096130203455687,-0.033900909125805,0.040531400591135,0.021898988634348,0.021135108545423,0.005974686704576,-0.026613626629114,-0.027059121057391,-0.034892432391644,0.034525565803051,0.011918212287128,-0.043415639549494,-0.019774632528424,-0.036865454167128,-0.032826669514179,-0.0042396145872772,0.026522729545832,0.0080576045438647,-0.026008510962129,0.012457195669413,0.038154922425747,-0.02538557164371,0.0062308488413692,0.00027252527070232,-0.037485368549824,0.034223943948746,0.0056602042168379,-0.0092112980782986,0.0058987815864384,-0.031027298420668,-0.024979766458273,-0.012304720468819,-0.001304478966631,-0.0049765924923122,0.010053265839815,-0.046558108180761,-0.0003308855521027,-0.035883132368326,0.015138418413699,0.025962391868234,-0.0097465179860592,-0.0026759246829897,0.027605138719082,-0.0073108249343932,0.040313862264156,-0.012014180421829,-0.022443464025855,-0.0099078733474016,0.00046637817285955,-0.0010848611127585,-0.070587925612926,0.010825727134943,-0.013595843687654,0.043104492127895,-0.063180945813656,-0.018735585734248,-0.0041754986159503,-0.0073679187335074,0.003324237652123,-0.033628303557634,0.0051657534204423,-0.028886072337627,-0.011977083981037,-0.04201689735055,-0.021024696528912,0.038632892072201,-0.015588947571814,-0.053788080811501,-0.026156436651945,0.018725145608187,0.025213712826371,0.0084136938676238,-0.0038141582626849,-0.030289392918348,0.0091338520869613,0.0014432180905715,0.0069072819314897,-0.024878302589059,0.0032284650951624,0.023314138874412,-0.0087628848850727,-0.0050811846740544,-0.041691679507494,0.028646688908339,-0.008840037509799,-0.027408953756094,0.033396672457457,-0.028617594391108,-0.0096494648605585,0.00056024466175586,-0.03490174561739,-0.034006252884865,-0.03951158747077,-0.0223587770015,0.035459898412228,0.060177031904459,0.018776167184114,-0.034797955304384,0.010740229859948,0.00050646392628551,0.051173262298107,0.015375996008515,0.0029370130505413,-0.0054743797518313,-0.0034969428088516,-0.0092744454741478,0.046758696436882,0.041376277804375,0.024371733888984,0.015696750953794,0.0081316623836756,0.01444950979203,0.043713204562664,0.007123711053282,-0.024745639413595,-1.5513913240284e-05,-0.0084376763552427,0.020784040912986,-0.020579122006893,-0.026022709906101,-0.033702742308378,0.0065202806144953,0.015619141049683,0.018603688105941,0.021767729893327,0.028205124661326,0.015013293363154,-0.026652380824089,0.0035889432765543,-0.033151485025883,-0.040090799331665,0.01683390326798,0.041283778846264,0.025233076885343,-0.012078223749995,0.040896568447351,0.025043088942766,-0.020692329853773,0.017414927482605,-0.039195314049721,-0.0054724756628275,-0.035226281732321,-0.0032236049883068,0.022659886628389,-0.0098207807168365,-0.0054766517132521,-0.041707161813974,-0.032210651785135,0.034812781959772,-0.029674792662263,-0.02987134642899,0.0094208680093288,-0.034010458737612,-0.016456086188555,0.023404816165566,-0.032548155635595,0.0081790145486593,0.020334700122476,-0.03515812009573,-0.0038075679913163,-0.016883086413145,-0.017462307587266,-0.044391617178917,0.0022498748730868,0.051246892660856,-0.014324815012515,0.016953442245722,0.011829035356641,-0.0037199447397143,-0.0085727190598845,-0.010296349413693,-0.036108519881964,0.032783564180136,0.028699776157737,-0.029502457007766,-0.014527270570397,-0.035262424498796,0.019557140767574,0.024440011009574,-0.0054326131939888,0.032853219658136,-0.022387433797121,0.004593004938215,0.030526278540492,-0.046062596142292,0.015761943534017,-0.040412362664938,-0.0026461011730134,0.0073766824789345,-0.015126563608646,0.018720876425505,0.0053445296362042,0.050764758139849,0.025491010397673,0.024768816307187,0.017805274575949,-0.026249216869473,0.024559626355767,-0.012870037928224,-0.070943474769592,-0.029455628246069,-0.069689080119133,0.0087562305852771,0.01136711332947,-0.010532699525356,-0.0021160424221307,-0.035956081002951,-0.017785532400012,0.0096732191741467,-0.027881359681487,0.00067486619809642,-0.004752904176712,-0.023003557696939,-0.022805644199252,0.043266978114843,0.022919962182641,-0.042822010815144,0.041388031095266,0.076103262603283,0.026941968128085,0.0094048548489809,0.048859756439924,0.027338223531842,0.057254489511251,0.016979780048132,0.035335894674063,0.017534386366606,0.066684141755104,0.011479263193905,0.023059839382768,0.0091218473389745,0.041932202875614,0.029876761138439,0.037121906876564,0.032708331942558,-0.033135075122118,-0.019800279289484,-0.016998793929815,0.065617479383945,0.053157854825258,0.0038125021383166,-0.0080765690654516,0.057485468685627,0.01719387434423,-0.0062301056459546,0.031530320644379,0.096776708960533,0.074270129203796,-0.0050682304427028,0.12465782463551,-0.005951854865998,-0.0031799050047994,-0.0013139753136784,-0.064831532537937,-0.014243964105844,0.022207532078028,-0.00038407885585912,0.033400278538465,0.017122322693467,0.030019456520677,-0.020859897136688,-0.011607613414526,0.036615282297134,0.030054844915867,0.011666921898723,0.010008195415139,-0.0078548612073064,0.041218087077141,-0.014837249182165,0.02794274315238,0.034289456903934,-0.053940944373608,0.010198090225458,-0.02063893713057,0.021170441061258,0.070553675293922,-0.0050183082930744,0.0071460953913629,-0.041570957750082,0.010061951354146,0.022847836837173,0.0010714703239501,-0.033381529152393,0.042540356516838,-0.017652794718742,0.11679761111736,0.084858357906342,-0.00085229543037713,-0.014644514769316,0.048227842897177,0.014721872285008,-0.030114259570837,0.04455803707242,0.07163904607296,-0.0028556946199387,0.0069648763164878,0.022768398746848,0.037658520042896,-0.010983822867274,0.030859876424074,-0.049091126769781,0.027538375928998,0.06015595421195,0.059173230081797,0.03943557292223,0.0074080536141992,0.026310782879591,-0.046701423823833,0.011168514378369,0.0026408119592816,-0.0059861810877919,-0.071008957922459,-0.021494269371033,0.0070998203009367,0.0087597034871578,-0.00034474499989301,0.032216388732195,0.032716810703278,0.038301810622215,0.0070628658868372,0.0069288150407374,0.022578805685043,-0.058707013726234,0.023703733459115,-0.035600125789642,0.00022648039157502,-0.055006764829159,0.02863534539938,-0.015475652180612,-0.037892915308475,0.030131572857499,0.075970128178596,-0.048491805791855,0.037455789744854,0.036025457084179,0.005885518155992,0.012807204388082,0.029631320387125,0.01551709510386,-0.02866174839437,-0.022195743396878,-0.00031010009115562,-0.043685417622328,-0.024631593376398,0.0034480313770473,0.027718499302864,0.036005817353725,-0.060984086245298,-0.03599301353097,-0.062288884073496,0.012238388881087,0.017065554857254,-0.01958174072206,-0.012869227677584,-0.0053412048146129,0.018076181411743,0.008424699306488,-0.010362386703491,-0.0098478347063065,-0.0065917097963393,0.014322241768241,0.014550095424056,0.041852761059999,-0.011731659993529,0.010943623259664,-0.03323869779706,0.0057514533400536,0.0086022233590484,0.01408102363348,0.028178947046399,0.035919446498156,0.038050264120102,0.016834698617458,0.052610699087381,0.0021938343998045,-0.021914718672633,-0.03877580165863,-0.022462895140052,0.028931753709912,-0.035328149795532,0.00835997518152,0.014296337962151,-0.04640894010663,-0.055780649185181,0.03343553841114,0.032663129270077,0.00028492798446678,0.017561892047524,-0.04400696605444,0.025458071380854,-0.016976498067379,-0.0087802214547992,0.035571359097958,-0.004872758872807,0.080050237476826,-0.030736004933715,0.014684953726828,0.0073948726058006,-0.0010024250950664,0.024594269692898,0.02319923043251,0.051466088742018,-0.0023609579075128,-0.022716512903571,0.010403539985418,-0.068332158029079,0.016755685210228,-0.052907843142748,-0.043203134089708,-0.013910957612097,0.016903394833207,0.027286740019917,0.017162349075079,0.0019683868158609,-0.00087400170741603,-0.016273781657219,0.02128866314888,-0.02848525159061,-0.01575636677444,0.068751975893974,-0.01550704613328,0.014025214128196,-0.0095010558143258,0.022264508530498,0.040898397564888,-0.02358228340745,0.04690507799387,-0.012428754009306,0.013036307878792,-0.018177531659603,0.018457554280758,0.085932902991772,0.022583501413465,0.022595550864935,-0.022269314154983,-0.033845711499453,0.0024616033770144,0.0012801963603124,0.023345356807113,-0.030855702236295,-0.032262206077576,0.009114284068346,0.06238154321909,-0.0057113752700388,0.032498221844435,0.017838647589087,-0.043296709656715,-0.0013223482528701,0.02537807635963,0.051577635109425,-0.0040619093924761,-0.028428688645363,-0.0010192855261266,0.042363580316305,0.031858075410128,-0.016301417723298,0.047076817601919,0.027148865163326,-0.013160792179406,-0.059317734092474,0.005623163189739,0.022872561588883,0.039365448057652,0.029941452667117,-0.022733757272363,-0.041654624044895,0.038792546838522,-0.040010206401348,0.056467059999704,0.035534020513296,-0.034288767725229,-0.013916344381869,-0.091202035546303,0.023575199767947,-0.0042036324739456,-0.024544917047024,-0.0011212563840672,-0.033310584723949,-0.034473571926355,-0.0092794448137283,-0.012151206843555,0.017281422391534,0.029111241921782,-0.015073457732797,0.042301334440708,0.0031138863414526,-0.075336933135986,0.03408894687891,0.012278033420444,-0.021279748529196,0.021469363942742,0.026194697245955,-0.060615517199039,0.00096594449132681,-0.030364425852895,-0.028939297422767,0.053924441337585,0.040614522993565,0.0095085231587291,-0.012884338386357,0.062993600964546,-0.035807196050882,0.030985532328486,-0.017551949247718,0.015973581001163,0.00064867315813899,-0.043905448168516,-0.02703619748354,-0.0012800943804905,-0.021962163969874,0.035695306956768,0.041260756552219,0.0031337961554527,0.028118904680014,-0.040956627577543,0.031940288841724,-0.0070667797699571,-0.017019506543875,0.059907019138336,-0.086422808468342,-0.022517891600728,-0.010209400206804,-0.0045406646095216,-0.059818129986525,-0.029934177175164,-0.07585720717907,-0.013612294569612,0.018443601205945,0.025976220145822,0.041264846920967,-0.006213023327291,-0.0085363900288939,0.013778862543404,0.028983240947127,-0.048062268644571,-0.022631717845798,0.021320497617126,0.041757546365261,-0.024514706805348,-0.0092137446627021,0.0087499720975757,0.014554884284735,-0.02925181388855,0.061559483408928,0.046897154301405,0.071058489382267,0.067707367241383,0.062688298523426,-0.038909949362278,-0.033101446926594,0.030365698039532,0.037562496960163,0.011948867700994,-0.0060449079610407,0.0038580861873925,-0.041891533881426,-0.018160603940487,0.0062289522029459,0.037377506494522,0.0025738710537553,0.019153986126184,-0.0046652648597956,-0.019491134211421,0.048817776143551,0.040664613246918,0.082168020308018,-0.040225047618151,0.015944330021739,-0.015862748026848,-0.0017552686622366,-0.00035263982135803,0.0047383257187903,-0.0058155143633485,-0.0010436145821586,0.027726717293262,-0.035086028277874,-0.017685260623693,-0.0093258116394281,0.011398968286812,0.036319684237242,0.0099160624668002,-0.027985198423266,0.026257693767548,-0.026431972160935,0.014647209085524,-0.010601395741105,0.014535203576088,-0.0031148090492934,0.036098290234804,0.026935741305351,0.018562814220786,-0.036920659244061,0.025535402819514,0.028508175164461,0.0084351152181625,-0.012804320082068,0.0027308298740536,-0.029440581798553,-0.031463287770748,-0.03592923656106,0.030160326510668,-0.012342017143965,0.038538467139006,-0.025501698255539,-0.017231948673725,-0.033344697207212,-0.010372844524682,-0.031404335051775,-0.0055646416731179,-0.020641332492232,0.02620323561132,0.0075742318294942,-0.026138236746192,0.015655873343349,-0.0074026575312018,-0.018491296097636,-0.022692928090692,-0.033936828374863,-0.02846921607852,-0.022783411666751,-0.035484716296196,0.031618848443031,-0.029039265587926,0.013254062272608,0.0086200088262558,0.0361083522439,-0.0018516329582781,-0.012358480133116,0.01377644110471,-0.010943105444312,-0.0069612627848983,0.017069533467293,-0.028294378891587,0.015092857182026,0.0080868117511272,0.02354608848691,-0.013122119009495,0.032817728817463,0.029643384739757,-0.0017072089249268,0.03359916806221,0.011927445419133,0.013929147273302,-0.016916928812861,-0.0029698489233851,0.035826425999403,0.022692363709211,-0.010139052756131,0.015748482197523,0.022890726104379,0.034940835088491,-0.007607504259795,0.011280944570899,-0.00096471718279645,0.0052354130893946,0.004414118360728,-0.032497581094503,0.00051853101467714,0.035858746618032,-0.017017288133502,0.0097838882356882,0.0043788882903755,0.030735207721591,0.006445650011301,-0.0036868071183562,-0.024037988856435,0.020311070606112,-0.0017621642909944,-0.017015552148223,-0.012604037299752,0.010354825295508,0.03113641217351,-0.0093430485576391,-0.0065866680815816,-0.0075188470073044,-0.017208758741617,0.015109330415726,0.022680522873998,-0.032150268554688,0.012902771122754,0.023040736094117,-0.028325986117125,0.019194616004825,0.015148287639022,-0.020861320197582,-0.0021299968939275,-0.017165476456285,-0.036683563143015,0.035534922033548,-0.023333802819252,-0.020455410704017,-0.019604563713074,-0.019213654100895,0.012003024108708,-0.010327018797398,0.016532046720386,-0.0069699939340353,-0.014600255526602,-0.035310115665197,-0.010528110899031,-0.0075058555230498,-0.024993741884828,0.018567895516753,0.0090687312185764,-0.0091917244717479,0.0049571208655834,0.029201075434685,-0.03605842217803,-5.0896982429549e-05,-0.014557027257979,0.037747539579868,0.0038353044074029,0.023233398795128,-0.030336890369654,0.038175959140062,0.012963292188942,-0.026436157524586,0.025290098041296,-0.036756705492735,-0.015930263325572,-0.030021786689758,-0.023798882961273,0.032322634011507,0.021890349686146,0.024299537763,-0.00043088171514682,0.016102386638522,-0.028993833810091,-0.02341584675014,0.003402181668207,-0.026927728205919,0.035923808813095,-0.015158620662987,-0.011787553317845,0.0018873155349866,-0.004666171502322,0.010297036729753,-0.0090449806302786,0.012718711979687,0.032425258308649,0.0067546074278653,0.031227704137564,-0.0015280295629054,0.0034016228746623,0.016750972718,0.0010728554334491,-0.0060520749539137,-0.025459844619036,-0.025612905621529,0.029069637879729,0.012293322943151,0.023748805746436,0.0038511850871146,0.0089608794078231,-0.03511918336153,-0.0026417388580739,0.031960241496563,0.015583422966301,0.015818452462554,-0.010121462866664,-0.033679902553558,0.02746313996613,-0.017896192148328,0.018319185823202,-0.02448651380837,0.028911285102367,0.038186196237803,-0.0092963762581348,0.0052206884138286,-0.032708819955587,-0.022369289770722,0.035543341189623,0.01581116952002,-0.0040395241230726,-0.02820504643023,-0.016357596963644,0.0018947112839669,0.019943641498685,-0.0096481870859861,0.018004225566983,-0.028535205870867,-0.017586788162589,-0.02089130692184,0.023730061948299,0.026024352759123,-0.032243389636278,-0.033418625593185,-0.030497273430228,-0.00035700356238522,-0.0010395438876003,0.028021758422256,-0.019117202609777,-0.026493789628148,-0.029571875929832,0.023094031959772,0.014529293403029,-0.0014440664090216,-0.027225209400058,-0.011145283468068,-0.036098372191191,0.0086704203858972,-0.031394373625517,0.0044543361291289,0.019694730639458,0.01021783798933,0.028365410864353,0.028766376897693,0.029206242412329,0.0060245962813497,0.034112483263016,0.016046445816755,-0.025376047939062,-0.011067888699472,-0.033902317285538,-0.0018582725897431,0.027088457718492,-0.021747618913651,0.0025589296128601,-0.020427744835615,-0.0043352511711419,-0.0058557274751365,0.013997272588313,-0.021743273362517,-0.026484578847885,0.019745022058487,-0.034171462059021,0.010186238214374,0.021885083988309,0.029980225488544,0.036746453493834,-0.007361663505435,0.014222452417016,0.0094524538144469,0.0022202243562788,-0.001135675702244,-0.023488819599152,-0.0067809144966304,-0.020286479964852,0.00033860537223518,0.022885134443641,0.0074694524519145,-0.0042210146784782,-0.0015590427210554,0.028820423409343,0.034810747951269,0.037788081914186,-0.0037511675618589,-0.0084135103970766,-0.01293671131134,-0.031377177685499,-0.035158187150955,0.0081655299291015,0.0060267327353358,-0.014746618457139,-0.031052451580763,-0.0010942536173388,-0.012327696196735,0.011671983636916,0.02835944108665,0.02539124339819,-0.026789858937263,0.0048092571087182,-0.015864534303546,-0.0081769963726401,-0.004769079387188,-0.029881399124861,-0.025262216106057,0.0018335025524721,0.022382371127605,0.032577428966761,0.02657026797533,-0.0084696980193257,-0.023250337690115,0.0082324659451842,0.027441093698144,-0.0017441115342081,-0.028099490329623,0.017809735611081,0.014440824277699,-0.022480294108391,-0.012707052752376,0.015928654000163,-0.0082059679552913,-0.0075055635534227,-0.0066232113167644,-0.018313298001885,-0.013855554163456,0.00068092107539997,0.01901382394135,0.026484834030271,-0.0041476720944047,-0.026925008744001,-0.010390347801149,0.0031496195588261,0.0074895042926073,-0.034176036715508,0.016737693920732,-0.033009249716997,-0.025697514414787,-0.021158190444112,-0.030807085335255,0.022921545431018,-0.0057357819750905,0.036446925252676,0.025767823681235,-0.025598842650652,-0.015380067750812,0.0048446212895215,-0.030309539288282,-0.0052086906507611,0.0046704765409231,-3.9629594539292e-05,-0.020940581336617,-0.032472170889378,0.031479731202126,0.026403428986669,-0.034194551408291,-0.017008703202009,-0.027047777548432,-0.027665536850691,-0.020600959658623,0.00013512116856873,-0.034348167479038,-0.021262293681502,0.0008562034345232,-0.012574324384332,0.020381005480886,0.00033314962638542,0.014778397977352,0.0042708716355264,-0.028878197073936,0.015061935409904,-0.016994394361973,-0.02412655390799,0.032510235905647,0.027744984254241,0.012934506870806,-0.004841195885092,-0.030546216294169,0.013893889263272,0.031996134668589,-0.012279680930078,0.0064562219195068,-0.0080503569915891,-0.02345896884799,0.032932408154011,0.0095150340348482,-0.028789116069674,0.022041233256459,-0.016747759655118,-0.0068136630579829,-0.016889682039618,-0.030417112633586,-0.0028626888524741,-0.012342555448413,-0.020463092252612,0.036991287022829,-0.0026046182028949,-0.034292079508305,0.01504747197032,0.022641411051154,0.036553777754307,-0.028157342225313,0.027508476749063,-0.030504142865539,0.024991320446134,-0.027828006073833,0.048473745584488,-0.015550957992673,-0.0052447100169957,0.0020182218868285,-0.01977057941258,-0.026711890473962,0.019075967371464,-0.0026342908386141,0.027948249131441,-0.0055770752951503,-0.0058886678889394,-0.021281152963638,0.037004768848419,-0.0035862389486283,-0.029874488711357,0.04079382494092,0.02275256626308,-0.025416294112802,-0.034542433917522,-0.0010821123141795,-0.024366855621338,0.014083786867559,-0.012137243524194,0.012991927564144,-0.029507068917155,0.022165466099977,0.01489779446274,0.021075898781419,-0.034503862261772,0.028358263894916,-0.024903925135732,-0.021180875599384,0.01142130792141,0.036809455603361,0.0017756804591045,-0.0046301688998938,-0.034154400229454,0.013343791477382,0.0086643593385816,0.018257247284055,-0.016783408820629,-0.018871521577239,-0.0067312396131456,-0.033066283911467,0.036511655896902,0.043158199638128,-0.012793290428817,0.0058563807979226,0.030526835471392,-0.031932972371578,0.037279967218637,-0.016165517270565,-0.036404091864824,0.0019316629040986,-0.018087733536959,0.0045281238853931,0.02598275244236,-0.033283367753029,-0.030192069709301,-0.0099978670477867,0.033289965242147,0.0015192884020507,-0.026235621422529,-0.012536754831672,0.0081816064193845,0.014632076956332,0.017208471894264,-0.020181117579341,0.027217127382755,0.028441241011024,-0.012209665961564,0.029617443680763,-0.026390613988042,0.031510576605797,-0.0073189418762922,0.0050557930953801,-0.01533576939255,-0.0010653180070221,0.032192289829254,0.037554573267698,-0.029524868354201,-0.025937365368009,0.03023874387145,-0.033888418227434,0.036359913647175,-0.0080680241808295,-0.0022465516813099,-0.0081148920580745,0.0027375495992601,-0.012634307146072,0.0070157842710614,0.0002318219630979,0.03751865029335,-0.03752788156271,-0.041037764400244,0.032174807041883,0.027304416522384,0.0080690402537584,0.026665801182389,0.011404761113226,-0.018517516553402,-0.0041446047835052,-0.01418908406049,-0.006068151909858,0.031344719231129,0.022263364866376,-0.029489697888494,0.0080134673044086,0.00073024182347581,-0.037586081773043,-0.0039182472974062,0.021715890616179,-0.010852339677513,-0.021742071956396,0.010097906924784,0.0076962541788816,-0.021049803122878,-0.026385957375169,0.031622819602489,-0.032847862690687,0.021093536168337,-0.0073476973921061,0.019930807873607,0.0058840368874371,-0.0057348855771124,-0.032401192933321,0.027080066502094,-0.0024046984035522,-0.018684145063162,-0.01330147869885,-0.0011430871672928,0.034196328371763,-0.010663547553122,-0.036502081900835,-0.010561125352979,-0.024407563731074,0.021531833335757,-0.0067643830552697,0.013576798141003,0.020702559500933,-0.0078142881393433,-0.03610971570015,-0.0051312372088432,0.0033777395728976,-0.020491039380431,0.00043722544796765,0.010901510715485,0.026881579309702,0.015097435563803,0.037229273468256,0.0048235366120934,0.0080187870189548,0.033881589770317,-0.01100367307663,0.036974795162678,-0.019818117842078,0.0038901364896446,-0.01397536881268,0.050991669297218,0.019515208899975,-0.024609062820673,-0.034241314977407,-0.0062420847825706,-0.023180739954114,-0.006217603571713,0.011355788446963,0.013359104283154,-0.013935936614871,-0.018185483291745,0.022198153659701,0.0094698006287217,-0.020142452791333,-0.021640518680215,-0.027831833809614,-0.02729937620461,-0.02152774296701,0.027216397225857,0.015662807971239,0.017144426703453,-0.014028750360012,-0.0013592764735222,-0.0079756360501051,-0.0035796365700662,-0.033037576824427,0.035477716475725,0.011462711729109,0.018505688756704,0.034151777625084,0.020033217966557,-0.0048360442742705,-0.016943480819464,-0.0036749108694494,0.0097176292911172,0.010514070279896,0.02007438801229,0.032321855425835,0.0098782191053033,-0.027528943493962,-0.026951247826219,0.0080403285101056,-0.0047149467281997,-0.005081158131361,0.033229153603315,-0.02195430919528,-0.032997377216816,0.014277929440141,-0.014365358278155,0.029213313013315,-0.016799591481686,-0.038202676922083,0.017027400434017,0.023637223988771,-0.027242135256529,-0.036246497184038,-0.017449840903282,0.026303958147764,-0.012711077928543,0.03148852661252,-0.027724605053663,0.0020021819509566,0.010040614753962,0.013096250593662,0.017837651073933,0.011157540604472,-0.031976830214262,0.026409352198243,-0.021856136620045,0.013765283860266,0.03907834738493,0.010195850394666,-0.03100735321641,0.033581927418709,-0.0046137310564518,-0.015589867718518,-0.028162680566311,0.022834494709969,-0.012881698086858,0.037879411131144,0.018467722460628,-0.0020118185784668,-0.008660577237606,-0.0056399377062917,0.026438497006893,-0.027850264683366,-0.0099377082660794,0.012061082758009,-0.040461488068104,-0.027726044878364,0.0050860517658293,0.023493491113186,-0.020523840561509,-0.016527332365513,0.030619908124208,0.025891138240695,-0.013523202389479,0.019567349925637,-0.032332133501768,-0.033123441040516,-0.017293356359005,0.017140170559287,0.0045741610229015,0.012401590123773,0.031128641217947,0.035985805094242,0.02293574437499,0.027315160259604,0.0015291887102649,-0.0079386662691832,-0.031845331192017,0.019653473049402,-0.013217813335359,-0.030021209269762,0.0082527110353112,-0.024455951526761,0.0043757064267993,0.022317999973893,-0.014155595563352,-0.017240159213543,0.026567928493023,0.010760095901787,-0.021396055817604,-0.02198295481503,0.037646170705557,0.024906784296036,-0.026952056214213,0.014978321269155,-0.028179917484522,-0.032893646508455,-0.010104582644999,-0.022297205403447,-0.019260441884398,0.036164823919535,-0.0306541249156,-0.030483461916447,-0.017387423664331,-0.014320182614028,0.02983002923429,-0.014280137605965,0.0077145239338279,0.0050158211961389,-0.014234631322324,0.013545203953981,0.029411179944873,-0.024141427129507,0.025233754888177,0.028307177126408,0.0065868669189513,-0.029219347983599,0.0011926548322663,0.022772263735533,0.011064081452787,-0.0074623026885092,0.002191768027842,-0.0062503600493073,0.00085256271995604,0.040763802826405,-0.018926730379462,-0.035512182861567,0.03115202486515,-0.013890736736357,-0.022058049216866,-0.0070759830996394,-0.031146440654993,-0.0076106325723231,0.020195603370667,0.0037133425939828,-0.022389991208911,-0.026868093758821,-0.0027371465694159,0.022240813821554,-0.0071179792284966,-0.023773524910212,0.0050938385538757,0.023007268086076,-0.0025800005532801,0.010048191063106,-0.037235427647829,-0.0054405960254371,-0.035801988095045,-0.022873999550939,0.0044192816130817,-0.021724607795477,-0.000875114928931,0.03205543756485,-0.032043803483248,0.031532850116491,-0.010024609044194,0.03205793723464,0.017349157482386,0.032339654862881,0.010386616922915,-0.033878266811371,0.03664942085743,-0.0099405841901898,0.012910422869027,0.0060041327960789,-0.0047635934315622,-0.01998121663928,-0.017298860475421,0.020713275298476,0.014737160876393,-0.012530672363937,-0.0095658535137773,-0.010378248989582,-0.029998652637005,-0.013632733374834,-0.02542126737535,0.017796648666263,-0.025095934048295,0.018954439088702,0.0030770539306104,-0.03450945392251,0.032310299575329,0.019536226987839,-0.0036375422496349,0.023324705660343,-0.017689479514956,0.010171866975725,0.032985411584377,0.025345446541905,-0.026301901787519,0.002738825045526,0.028260065242648,0.035807456821203,0.0012455249670893,0.011506049893796,-0.033318776637316,-0.0052057886496186,-0.030390974134207,-0.033878240734339,0.0019810977391899,0.02702721953392,-0.0080472473055124,-0.0027128092478961,0.028397146612406,-0.0090718679130077,0.0029180599376559,0.01465555652976,-0.02631370164454,-0.0097149554640055,0.0098247425630689,0.0018422872526571,-0.010558483190835,0.024174027144909,0.028327018022537,0.019153986126184,0.02776400372386,0.021116826683283,0.0010039330227301,-0.035943061113358,0.0039708935655653,0.024754483252764,0.021584697067738,0.032678969204426,0.030346050858498,-0.021663993597031,-0.00053756969282404,-0.010775920003653,0.023594809696078,-0.017776122316718,0.016235247254372,-0.032345317304134,-0.0091132055968046,-0.011489938013256,-0.0084489481523633,0.032484278082848,-0.033610958606005,0.0083346711471677,0.001709703123197,0.012871332466602,-0.019937567412853,-0.00076200236799195,0.0003864023310598,0.01897407323122,0.026123266667128,-0.020059950649738,0.01710020750761,-0.014286885038018,0.018897049129009,-0.0064802602864802,-0.0056375078856945,0.021666148677468,-0.0064414441585541,-0.016499735414982,0.036808472126722,-0.00078210543142632,0.029787493869662,0.033866066485643,0.033375922590494,0.0018341160612181,0.010533764958382,0.013553832657635,0.024877741932869,-0.032738581299782,0.0048272241838276,0.011138214729726,0.0037409958895296,0.017392503097653,0.027323281392455,0.0071257799863815,-0.0049965120851994,0.0042522288858891,0.036438681185246,0.023773934692144,-0.024205638095737,0.033771861344576,0.019784459844232,0.0089312801137567,-0.0083708921447396,-0.016337409615517,-0.029397077858448,0.027375804260373,0.018039209768176,0.03460343554616,-0.0090929036960006,-0.024126643314958,-0.0061671626754105,-0.012581270188093,-0.017018813639879,-0.036416329443455,0.028468806296587,-0.037993591278791,-0.028696268796921,-0.012948167510331,0.020181212574244,-0.030299592763186,0.013393484055996,-0.026321293786168,0.0048768352717161,-0.027018405497074,-0.017296928912401,-0.02297543361783,-0.013037643395364,0.029837241396308,-0.0016941945068538,0.024128479883075,0.022401930764318,-0.017432762309909,-0.035033356398344,0.026056099683046,0.02517418935895,0.015635076910257,0.0070965685881674,-0.016450429335237,0.010006127879024,0.024613711982965,-0.0057675433345139,-0.0014030472375453,0.0093756262212992,-0.0025123786181211,-0.028384573757648,3.4532127756393e-05,0.019639091566205,0.017272235825658,0.022754147648811,-0.022482845932245,0.021952465176582,0.031566705554724,-0.0052700261585414,-0.010435275733471,0.024575602263212,-0.01188778039068,-0.00035533728078008,-0.0033424261491746,-0.025579793378711,0.033526919782162,0.020209135487676,-0.010172385722399,-0.0062768408097327,-0.0071162665262818,0.018374051898718,-0.011921415105462,0.023178985342383,0.0019644896965474,0.015529287979007,0.019193707033992,-0.013548986054957,0.024438709020615,-0.036674555391073,-0.0064116064459085,0.013696562498808,-0.036028012633324,-0.025906201452017,-0.010006980039179,-0.032591242343187,0.010682235471904,0.022647438570857,-0.02967582270503,-0.0086102159693837,-0.017647538334131,-0.0077804401516914,0.020467065274715,-0.010371448472142,0.032696578651667,-0.0059541687369347,0.016669843345881,-0.02460278198123,0.035751432180405,-0.0066891140304506,-0.0083876680582762,-0.031614072620869,-0.013280482962728,-0.028582446277142,-0.019857045263052,-0.016631945967674,0.00022241772967391,-0.011814365163445,0.020760403946042,-0.0019345488399267,-0.034117694944143,0.024080445989966,-0.02210602723062,-0.019146112725139,0.016345711424947,0.0025943806394935,0.029669931158423,-0.022388573735952,0.0063001210801303,0.0033846728038043,-0.0060026883147657,-0.01600837521255,0.012015893124044,-0.001705645932816,0.021984612569213,-0.024137180298567,-0.030824102461338,-0.010328863747418,0.022486908361316,0.010405335575342,-0.036061454564333,0.0042465473525226,-0.019434118643403,-0.0011714074062183,0.034273494035006,-0.035491425544024,0.028722513467073,0.0078097367659211,-0.02171585150063,0.014021901413798,-0.0030785107519478,-0.0086882868781686,-0.032774966210127,-0.035822365432978,-0.032549418509007,0.011281033977866,0.014650573022664,0.014112873934209,0.00050007016398013,0.022425616160035,-0.021861901506782,0.034401394426823,0.029400503262877,0.015608938410878,0.027974907308817,0.023112652823329,-0.034268338233232,-0.0052723083645105,0.011162271723151,0.010254002176225,0.0085730142891407,0.01629932411015,0.008466811850667,0.019862826913595,0.026505511254072,-0.0074407961219549,0.034949481487274,-0.034421809017658,-0.0047812550328672,-0.0099376412108541,-0.012182624079287,0.035769701004028,-0.002288106828928,-0.0024190859403461,0.0062654200010002,0.011983012780547,-0.0081386547535658,-0.010325335897505,-0.021963564679027,-0.0091033037751913,-0.035729333758354,-0.034162990748882,0.0095723904669285,-0.017060888931155,-0.0082994662225246,0.027963928878307,-0.021429117769003,-0.018961345776916,0.0026491784956306,0.032338052988052,-0.034205906093121,-0.01553978677839,-0.0036916919052601,-0.036256048828363,-0.00024371172185056,0.026574706658721,0.031140068545938,0.011362414807081,-0.032047282904387,-0.0027997309807688,0.035822995007038,0.038668971508741,0.029760394245386,0.0031614508479834,-0.028520533815026,0.012620453722775,-0.011100060306489,0.00034637708449736,0.016646252945065,0.0068043624050915,0.013744073919952,0.019191034138203,-0.014358106069267,-0.029805973172188,-0.031134242191911,0.0015813568606973,-0.015803216025233,0.0091138212010264,-0.0075464015826583,0.023364355787635,-0.021572425961494,0.034580539911985,-0.021712239831686,0.009766842238605,-0.0344811193645,-0.013769979588687,0.0025468319654465,0.0073442575521767,-0.029195258393884,0.018673900514841,0.0039548985660076,0.010603779926896,-0.0016771255759522,0.008767151273787,-0.014668855816126,0.031127771362662,0.033741217106581,0.026117065921426,-0.030899217352271,-0.036493543535471,-0.023308606818318,-0.013294676318765,0.029656397178769,0.0019454349530861,0.018628403544426,-0.0062169637531042,-0.029059760272503,0.0088031562045217,-0.012483724392951,-0.0093331858515739,0.028289886191487,0.03521890938282,-0.030612923204899,0.017340928316116,-0.036540366709232,-0.0004916597972624,-0.01181940920651,0.011578580364585,0.0066022076644003,-0.0044711483642459,0.033406123518944,0.031544581055641,0.019640285521746,-0.013673102483153,-0.027244288474321,-0.026682769879699,0.032993901520967,-0.0193474534899,-0.028556507080793,-0.0010643377900124,-0.026074355468154,0.021726148203015,0.029208680614829,0.0092961192131042,-0.0062120240181684,0.014573315158486,-0.0042783506214619,-0.0030511128716171,0.026114016771317,0.0096627688035369,0.011892983689904,0.036622766405344,-0.02091277949512,-0.02388940192759,-0.028737872838974,-0.0048712403513491,-0.0012392639182508,0.010501275770366,-0.0203260127455,0.034484926611185,0.030207389965653,-0.001907404512167,-0.013839532621205,-0.031594976782799,-0.033556219190359,0.019610768184066,-0.037102151662111,0.018624661490321,-0.024911481887102,-0.0092486720532179,-0.020349262282252,-0.010229488834739,-0.02143769711256,0.019853420555592,-0.0084180552512407,0.023919997736812,-0.0078499922528863,0.032150749117136,0.030168239027262,0.034963726997375,-0.030626552179456,0.0022235014475882,-0.020469615235925,-0.015042330138385,0.00061397650279105,0.019087975844741,-0.011849188245833,-0.036238446831703,0.030792076140642,-0.010162337683141,0.02055156417191,-0.03007903508842,0.026746548712254,0.012687480077147,-0.026500631123781,0.0020373533479869,0.021577784791589,-0.01266345847398,0.00071998412022367,-0.017930435016751,0.027379674836993,-0.0064679239876568,-0.021227847784758,-0.016236029565334,-0.0041962969116867,0.025539554655552,0.020944137126207,0.018978463485837,0.027976244688034,-0.00041680622962303,-0.0033882558345795,0.02049689553678,0.035331886261702,-0.029253233224154,-0.026223711669445,0.0070497491396964,-0.00056750286603346,0.027493748813868,0.018582809716463,-0.0079083321616054,0.016080651432276,0.036371275782585,0.034890204668045,0.027428958564997,0.024740105494857,0.013931545428932,-0.010616173036397,0.021705901250243,0.017996544018388,-0.0049570496194065,0.011175774969161,-0.004116693045944,0.03433920443058,0.0052593918517232,-0.011578593403101,0.020425943657756,0.017851481214166,0.016255045309663,0.035698540508747,-0.00088257319293916,0.0087187439203262,0.014353922568262,-0.017041439190507,0.0042021917179227,-0.00070763478288427,0.034461311995983,-0.015650156885386,0.037970904260874,-0.030244955793023,-0.030631313100457,-0.03732992336154,0.011230341158807,-0.010024949908257,-0.022024994716048,0.0055867666378617,-0.033028542995453,0.032299797981977,0.0017012431053445,0.0049562677741051,0.020197197794914,0.030613765120506,-0.005121972411871,-0.024687308818102,-0.0060126958414912,-0.0062026209197938,-0.024655770510435,-0.032944388687611,-0.037217333912849,0.0081247733905911,-0.011844589374959,0.029769256711006,0.026083953678608,-0.0083947740495205,0.017065029591322,0.014079849235713,-0.033417757600546,0.016145614907146,-0.024571862071753,0.023012720048428,-0.02138502523303,0.024492019787431,-0.025172153487802,0.021432524546981,0.031577084213495,-0.035070922225714,-0.03249503672123,0.018264910206199,0.030422084033489,0.011689390055835,0.0012345975264907,-0.010835539549589,-0.036625374108553,0.011247594840825,0.0025113865267485,0.011747664771974,-0.0051676463335752,0.01246764138341,-0.030055113136768,0.012354758568108,0.017882941290736,0.0017199540743604,-0.0065084034577012,-0.030410896986723,0.015880454331636,-0.028577495366335,-0.00096852489514276,0.01219386421144,0.034238822758198,0.02490708976984,0.014387427829206,-0.015226600691676,-0.031080024316907,0.0037658715154976,-0.028150508180261,0.0016125905094668,-0.029610354453325,-0.02849393710494,0.010011847130954,-0.0045617246069014,-0.011118966154754,-0.017692852765322,-0.025758044794202,0.020293666049838,-0.009725178591907,0.034861002117395,0.028854480013251,-0.023286655545235,-0.030737357214093,-0.035669818520546,0.00071089080302045,-0.0020218377467245,-0.032925084233284,-0.03830099478364,0.020192533731461,0.030981669202447,0.011950811371207,-0.0091201812028885,0.014430243521929,-0.027629174292088,0.0047602630220354,-0.035290256142616,-0.026847086846828,0.0076986034400761,0.0072708064690232,-0.027311930432916,0.011737023480237,-0.03017857670784,0.029253633692861,-0.03811153024435,-0.0052520371973515,0.032009720802307,0.0025535672903061,-0.033318866044283,-0.020979328081012,0.0082353968173265,-0.032329194247723,-0.02126488648355,0.030179049819708,0.016716999933124,0.013827031478286,-0.033847268670797,-0.03675676509738,0.0080893309786916,0.024974394589663,0.0050607365556061,0.024621265009046,0.0089907553046942,0.017119310796261,-0.0038167098537087,0.029824653640389,-0.041186802089214,0.012156756594777,0.016347231343389,0.00047850926057436,0.0049551352858543,0.023681566119194,-0.036378670483828,-0.011880241334438,-0.0010533651802689,0.012200846336782,-0.0068464851938188,-0.012879150919616,-0.02679761685431,0.0042850584723055,-0.026365410536528,-0.032759763300419,0.02702291123569,0.0057233180850744,-0.018362624570727,0.0095254564657807,0.029755961149931,-0.024740267544985,-0.014055444858968,0.0094712227582932,-0.018869079649448,0.02277041785419,0.009031755849719,0.021773301064968,0.025927709415555,-0.015802659094334,-0.032092913985252,-0.028688115999103,0.0040098605677485,-0.028360648080707,-0.018833251670003,0.015616768039763,0.004572294652462,0.0021009887568653,-0.005345958750695,0.0075323577038944,-0.017537217587233,0.018385130912066,0.029969381168485,0.024698903784156,0.026792330667377,0.025625063106418,-0.0045147896744311,0.034270346164703,0.028319906443357,-0.0065751750953496,-0.012366248294711,-0.011227835901082,0.00049487635260448,0.0053205173462629,-0.0029030037112534,0.031123587861657,-0.014414746314287,0.0083384290337563,-0.021276097744703,0.017637513577938,0.015656623989344,-0.0034281671978533,0.01981370896101,-0.033821530640125,0.03426218777895,0.022914666682482,0.02443677932024,-0.016416011378169,0.030972672626376,-0.013196538202465,0.026059729978442,-0.016177669167519,0.015562784858048,0.0056070224381983,-0.028779154643416,-0.0028923586942255,-0.031773213297129,-0.010698943398893,-0.0061074220575392,-0.034994438290596,-0.037983532994986,0.015296332538128,-0.017887651920319,-0.0075291721150279,-0.037285830825567,0.0059537291526794,0.005757877137512,-0.024583010002971,-0.012790071777999,0.024399468675256,0.023738292977214,0.028209054842591,0.035695020109415,0.0046360557898879,-0.0029405422974378,-0.011241329833865,0.0041077742353082,0.029234703630209,-0.032912608236074,-0.012113061733544,0.026338605210185,0.025315096601844,-0.00084734393749386,0.014282738789916,0.025332210585475,0.021519407629967,-0.042138163000345,-0.0024452435318381,-0.026131339371204,-0.039964124560356,0.024229116737843,0.005417225882411,-0.0077696144580841,-0.017576595768332,-0.019898721948266,-0.019559249281883,0.036791794002056,-0.021683299914002,-0.0052922479808331,-0.034067206084728,0.026237212121487,0.012492240406573,0.032924987375736,-0.014706930145621,-0.013290591537952,0.0035567369777709,-0.026092575863004,0.0086275087669492,0.027420822530985,-0.027782944962382,-0.015720285475254,0.034119702875614,-0.001502066035755,0.015179953537881,0.0065183229744434,0.015392822213471,0.025392761453986,0.010860576294363,0.029498305171728,-0.021400367841125,-0.018804185092449,-0.023078905418515,-0.031532797962427,-0.010687153786421,-0.034592684358358,-0.0062386291101575,-0.017778215929866,0.0088526317849755,0.031760592013597,0.008350039832294,0.03577258810401,0.0066665690392256,0.03500897064805,0.01249948143959,-0.026710383594036,0.0042833862826228,-0.02159371227026,-0.02218964509666,0.021907184273005,0.025743613019586,0.00041841535130516,-0.029334409162402,-0.02377612888813,-0.011733227409422,0.035096548497677,0.030961200594902,-0.032890133559704,-0.033487781882286,0.010461724363267,0.013004046864808,-0.034030959010124,-0.0017449243459851,0.02011096291244,0.01092138979584,-0.025041233748198,-0.025545241311193,0.013008132576942,0.016861626878381,-0.0040803430601954,-0.015509991906583,-0.011549759656191,0.028811682015657,0.034346099942923,0.028076559305191,-0.017721775919199,0.01328089274466,-0.03266965597868,-0.02143557742238,-0.027523243799806,-0.020487960427999,-0.032770402729511,0.034356411546469,0.0087650567293167,-0.036072839051485,-0.025862762704492,0.015145250596106,0.007520018145442,-0.0018162763444707,-0.017652403563261,0.0056784180924296,-0.03042777441442,0.033781062811613,-0.013376906514168,-0.018922440707684,-0.027867721393704,-0.0026494492776692,0.032164454460144,-0.026329077780247,-0.010952017270029,-0.024541642516851,0.03752426803112,0.016825145110488,0.022893331944942,-0.017086625099182,0.015702961012721,-0.018345709890127,-0.010249014943838,0.0091651519760489,-0.020525589585304,0.031797401607037,0.00046361132990569,0.019877145066857,0.012521486729383,0.016058349981904,0.016709515824914,-0.0026805554516613,0.0025967746041715,0.022453345358372,-0.00017739144095685,0.021502362564206,0.00098433182574809,-0.0070485463365912,0.0091735562309623,0.012781993485987,0.0012505104532465,-0.0078948047012091,-0.020969359204173,-0.013216561637819,0.028420468792319,-0.0046440325677395,0.029989790171385,0.030636368319392,-0.023733163252473,0.024651132524014,0.018172647804022,-0.0033646747469902,-0.0080376733094454,-0.016313916072249,0.004433446098119,0.024491300806403,-0.0075970971956849,0.029140785336494,-0.030183894559741,-0.01944662630558,0.029222724959254,-0.0023153566289693,-0.029744969680905,-0.021744139492512,-0.028923481702805,0.0099029159173369,0.024720530956984,-0.0055815782397985,0.0086113186553121,-0.023288944736123,0.014594413340092,-0.027389658614993,-0.00017258306615986,0.032389033585787,0.0081661930307746,-0.034848056733608,0.018747728317976,0.013307766057551,-0.0046594799496233,-0.03096029907465,-0.035706017166376,0.034866325557232,0.019205825403333,-0.015619892627001,-0.018581178039312,-0.0027183697093278,0.016157219186425,-0.009380572475493,0.035403843969107,-0.018213026225567,-0.0015281308442354,0.035066597163677,-0.032342426478863,0.0071150125004351,0.021708650514483,0.0035252741072327,0.014456899836659,0.028356488794088,-0.021518150344491,-0.031201228499413,0.019479421898723,0.018456710502505,0.020483752712607,-0.0026583247818053,-0.017263969406486,-0.024994090199471,-0.0014997939579189,-0.002655440242961,0.0092528816312551,0.02391941845417,0.0081376433372498,-0.017577432096004,0.018147127702832,0.011802672408521,0.006590714212507,-0.023640172556043,-0.0041854451410472,0.019602315500379,0.0038798148743808,0.015316078439355,-0.012056210078299,-0.018094394356012,-0.021627817302942,-0.001924698241055,0.030891891568899,0.011296733282506,0.03488539531827,0.012353519909084,0.03115126863122,-0.0067091076634824,0.021784255281091,0.01295590121299,0.033465150743723,-0.031325474381447,0.014175430871546,0.013879874721169,0.0069408710114658,-0.017551621422172,-0.0098088253289461,-0.0053802356123924,0.016103962436318,-0.034286290407181,0.025535114109516,0.026877565309405,-0.017643611878157,0.018434789031744,-0.012566636316478,-0.028399214148521,0.021813057363033,-0.026613539084792,-0.030263748019934,0.014501762576401,0.034104134887457,0.020533608272672,-0.0018400964327157,0.0029081245884299,-0.020719636231661,-0.00070828152820468,0.020402664318681,0.015404858626425,-0.030444726347923,0.035535402595997,-0.0057716481387615,0.0047719026915729,-0.018781138584018,-0.016042655333877,0.028967596590519,0.0034478697925806,-0.01791800186038,0.0055527505464852,-0.018488626927137,-0.01329773850739,-0.035422585904598,-0.022760448977351,0.021481161937118,0.011958700604737,0.0097666066139936,-0.028500836342573,0.011357280425727,-0.027921602129936,0.010941519401968,-0.032790075987577,-0.016565348953009,-0.024023681879044,-0.033856116235256,0.035154037177563,-0.0095784077420831,-0.0148343462497,-0.0044003715738654,-0.023785758763552,0.016713444143534,-0.028632938861847,-0.033471118658781,0.014647726900876,0.014393825083971,0.025456380099058,-0.028614781796932,0.019569925963879,0.012901382520795,-0.021190274506807,0.033821791410446,0.019376328215003,0.016221961006522,-0.0004619667888619,-0.023325363174081,0.011871085502207,0.0263646338135,0.013087184168398,0.0014638468855992,0.017983121797442,-0.029703486710787,0.0027636799495667,0.0071504143998027,0.0026686612982303,-0.016678472980857,-0.021031089127064,0.010450174100697,0.0030096268747002,-0.0075013255700469,0.022165099158883,-0.032903704792261,-0.0058610150590539,-0.0043525067158043,0.011469163000584,-0.013831865042448,-0.032587025314569,0.012280077673495,0.026205522939563,0.0046658669598401,0.036370567977428,0.002904937369749,-0.010279895737767,-0.013907519169152,0.0091109741479158,-0.027740776538849,-0.030375091359019,-0.014975603669882,-0.013003692962229,-0.017558787018061,0.033603388816118,-0.018861187621951,0.0030121810268611,0.025938233360648,-0.017899045720696,0.0059953634627163,0.0068964906968176,0.011378508061171,-0.033907514065504,0.036801543086767,-0.0099030770361423,-0.036144699901342,-0.0017786704702303,0.03188569098711,-0.0081336852163076,-0.0041052587330341,0.028778409585357,0.01219467446208,-0.0078616449609399,-0.0066678239963949,-0.010473163798451,0.021143067628145,0.029741425067186,0.01023639459163,-0.0028271689079702,-0.0026843452360481,0.034269694238901,-0.002731729997322,0.032062210142612,0.01895265839994,-0.032572604715824,0.0080903489142656,-0.022020684555173,0.01473016384989,-0.016481008380651,-0.019725294783711,0.013098654337227,-0.032357268035412,-0.019378233700991,-0.012888475321233,1.7281676264247e-05,0.02284225448966,-0.021674573421478,0.024439986795187,0.016592003405094,0.0043155434541404,-0.019921496510506,0.01994875818491,-0.00056559219956398,0.0059161814861,-0.021643210202456,-0.034228343516588,0.026959771290421,0.0091163134202361,-0.012216008268297,0.0068239918909967,0.015283928252757,-0.0070359408855438,0.0074284696020186,0.031950235366821,-0.024845028296113,-0.018901044502854,-0.0061793848872185,0.0097088506445289,-0.010581227950752,-0.012236534617841,0.022304026409984,0.011074585840106,-0.027530133724213,-0.031680576503277,0.00032605190062895,0.032610714435577,-0.0058852043002844,0.02304619923234,-0.028602039441466,-0.0059495726600289,0.015127245336771,0.011544669978321,-0.027836162596941,0.034423388540745,0.0093023050576448,0.010686600580812,-6.0494559875224e-05,-0.013062200509012,0.027108814567327,0.020954927429557,-0.028336690738797,-0.02239634282887,0.017518626525998,-0.0013992980821058,-0.031041000038385,-0.036166541278362,-0.013126419857144,-0.0047341710887849,0.035491142421961,-0.0086984019726515,-0.030194951221347,0.018179353326559,-0.01504288893193,0.029639258980751,0.033029645681381,-0.017536010593176,-0.035464867949486,0.015988372266293,-0.015707178041339,-0.03579243645072,-0.030718827620149,-0.028240945190191,0.00022795067343395,0.010199227370322,0.00014692325203214,0.022166557610035,0.030090374872088,0.014930338598788,0.026018986478448,-1.0478253898327e-05,-0.017181504517794,-0.024683794006705,0.0017583162989467,-0.013430249877274,0.014849642291665,-0.022359773516655,0.020949885249138,-0.0052688946016133,0.018277645111084,0.027961956337094,0.033410839736462,0.020386233925819,0.018299870193005,0.00065085233654827,-0.025228222832084,0.016072370111942,0.035219222307205,0.0028408032376319,-0.015547414310277,-0.021451419219375,0.0040936172008514,0.0069070253521204,0.023730373010039,0.01421379763633,-0.0086217448115349,-0.0031813457608223,-0.012167900800705,0.023722371086478,-0.022444864735007,0.023238502442837,0.0053497040644288,-0.0041893860325217,0.026481717824936,-0.0056197778321803,-0.017781618982553,-0.0014409691793844,0.0017958250828087,0.024802438914776,0.0071446970105171,0.0064633633010089,-0.022135265171528,-0.029709830880165,-0.0037227720022202,-0.034900594502687,0.0077777532860637,0.032708529382944,0.034078411757946,0.0305808018893,-0.020037421956658,-0.030865754932165,-0.027428209781647,0.031491365283728,0.02805395051837,-0.017697161063552,-0.0095836613327265,0.026027331128716,-0.036558091640472,-0.024592272937298,-0.0064853853546083,0.026965690776706,0.0052739107050002,0.031729198992252,-0.016253959387541,0.020666301250458,0.020773464813828,-0.031931523233652,-0.014063126407564,0.031931560486555,-0.020328721031547,0.0031430032104254,-0.0078324489295483,-0.019003367051482,0.02837735041976,0.00079152907710522,0.0011559666600078,0.037431467324495,-0.0056754001416266,-0.0076391943730414,-0.0039676171727479,0.032025489956141,-0.036264378577471,0.0063712429255247,0.0059921024367213,-0.0037350503262132,-0.011824152432382,0.031879108399153,0.029319437220693,-0.0060788211412728,-0.01584785617888,-0.016714215278625,0.023570301011205,0.033650599420071,-0.019747411832213,-0.0071888924576342,0.0282002389431,0.034174464643002,-0.019185995683074,0.03677424043417,0.032795649021864,-0.026694618165493,-0.019546551629901,0.0026647492777556,-0.0028334406670183,0.033656764775515,0.028332706540823,-0.0043490566313267,0.031143590807915,0.0089144259691238,0.002886091126129,0.029641125351191,0.026560222730041,-0.0068676816299558,0.015557115897536,-0.034735582768917,0.020686212927103,0.0068054455332458,-0.025924367830157,0.0001600884279469,-0.0093366280198097,0.0099369613453746,-0.016215408220887,-0.02282503247261,0.041048374027014,-0.017269453033805,0.027814280241728,0.035376626998186,0.020291285589337,0.01047111209482,-0.0034267485607415,0.027774527668953,-0.02732584066689,0.036405079066753,-0.031366467475891,0.016601212322712,0.034063074737787,0.024942787364125,0.018322730436921,-0.031916577368975,0.026868997141719,0.026824189350009,-0.025879899039865,0.010196981020272,0.022178707644343,-0.0044127572327852,0.012719760648906,-0.012874404899776,-0.019656207412481,0.025163089856505,0.031083095818758,-0.017740594223142,0.0076066376641393,0.023347856476903,-0.022141002118587,-0.018387185409665,0.025972800329328,-0.030707899481058,0.0257712546736,0.020922297611833,0.027326561510563,0.018481710925698,0.0030587550718337,0.034491844475269,-0.038245115429163,-0.01975023560226,-0.030862286686897,0.027211975306273,-0.022750690579414,0.027769513428211,0.024409705772996,-0.0041935569606721,0.025411492213607,0.013059078715742,0.030828930437565,0.0078959865495563,0.020187705755234,0.0043456694111228,-0.015013280324638,-0.025015626102686,-0.037448070943356,-0.014950388111174,0.027930825948715,-0.013755902647972,0.021903505548835,-0.014835759066045,-0.0063339537009597,-0.017194323241711,0.032729912549257,0.0051883291453123,-0.024573728442192,0.0017969433683902,0.00041554236668162,0.012119088321924,0.019006617367268,-0.010217847302556,0.033241007477045,-0.030528049916029,0.0010122247040272,-0.0067406916059554,-0.016737420111895,0.035768780857325,-0.020971991121769,0.009496483951807,0.029371744021773,-0.020090512931347,0.010734055191278,0.010444073937833,-0.024407697841525,-0.00352613045834,0.0017858401406556,0.01685862056911,-0.0025899091269821,0.013202851638198,0.012653972022235,0.018221978098154,-0.037382941693068,0.01698455773294,0.030421061441302,0.028094653040171,0.0063600763678551,0.01647737249732,-0.0033982449676841,-0.031654931604862,0.021397393196821,-0.033257998526096,-0.0030756022315472,0.030581194907427,0.03841133415699,0.0095740668475628,0.0027205606456846,-0.0037052449770272,0.027448892593384,-0.025578677654266,-0.039416160434484,0.010533105581999,0.023601122200489,-0.016328081488609,-0.0036363969556987,0.0084791574627161,-0.00078028131974861,0.0073727876879275,0.028075752779841,-0.026606179773808,0.025994826108217,0.025076527148485,-0.03476395830512,0.025618111714721,0.016809774562716,0.0011820592917502,-0.0065958457998931,0.0099758794531226,-0.021719079464674,0.012991639785469,-0.015935270115733,-0.027998792007565,0.020258327946067,-0.013787069357932,0.018487565219402,0.0079662706702948,0.02326600626111,-0.012962146662176,0.01177507545799,-0.0086388075724244,-0.010182810015976,-0.0056706569157541,-0.026913980022073,-0.023724731057882,-0.0029494757764041,-0.029703926295042,0.031919971108437,0.0037543869111687,-0.030004624277353,0.0082689076662064,-0.023881271481514,0.031774871051311,0.004530914593488,-0.0040704756975174,0.012305518612266,-0.0070597352460027,0.017986925318837,-0.0076635177247226,0.02902190759778,-0.017307210713625,0.028939386829734,-0.00057214917615056,0.012074927799404,-0.023159172385931,0.0035939593799412,-0.002454639878124,0.010914707556367,0.021091820672154,0.018058516085148,0.033294804394245,0.0056899036280811,-0.03120457008481,-0.0039535472169518,0.020751358941197,-0.032796513289213,0.012197944335639,-0.014269864186645,-0.013403412885964,0.033851366490126,-0.026738122105598,0.012868251651525,-0.001268501044251,0.0012996948789805,-0.015092152170837,-0.016271114349365,-0.008207238279283,-0.03198866173625,-0.0085541671141982,0.020058486610651,-0.0080527365207672,-0.03188956156373,0.017710372805595,0.016125865280628,0.009055788628757,-0.027445020154119,-0.021749578416348,0.0077243386767805,-0.016654599457979,-0.02161799184978,0.017883757129312,-0.013128791004419,-0.021001014858484,0.012826247140765,0.026214012876153,0.023291384801269,-0.014376372098923,-0.001551803550683,0.020682839676738,0.015347084030509,0.011299652047455,-0.017066244035959,0.0017530195182189,-0.024002192541957,-0.026948871091008,-0.019134981557727,0.044942550361156,-0.016266012564301,0.037754703313112,0.035959985107183,0.00044785352656618,-0.0084071224555373,0.020794209092855,0.020099328830838,0.0029756971634924,0.00080814259126782,-0.013308803550899,0.033681452274323,-0.034992091357708,0.010690572671592,0.038019198924303,0.026515817269683,-0.0060218921862543,0.036667440086603,0.0043191746808589,-0.018106833100319,-0.0091276923194528,0.0042815008200705,-0.001072634709999,-0.0033451458439231,0.022163350135088,-0.021814441308379,-0.02669164724648,0.011173456907272,0.037643440067768,-0.01282175630331,0.022070759907365,0.0054519111290574,0.021361423656344,-0.0064993188716471,0.031852994114161,0.022593664005399,0.029051372781396,0.021323595196009,0.030166517943144,0.0062018614262342,-0.016806241124868,0.020848650485277,-0.0003691861347761,-0.011349583044648,0.012251478619874,0.020641896873713,0.020900912582874,0.034433946013451,-0.015293220058084,0.024593733251095,-0.018852919340134,0.0048341485671699,0.042049180716276,0.027370428666472,-0.035467285662889,-0.021354598924518,0.029758198186755,0.02799223549664,0.010120196267962,-0.024817943572998,-0.011809716001153,0.033548500388861,-0.024367839097977,-0.028963197022676,-0.0040232022292912,-0.033546563237906,-0.02016612701118,0.032203625887632,-0.0055874297395349,-0.0059857405722141,0.021414279937744,0.029890896752477,0.009013500995934,0.011786877177656,-0.016487726941705,-0.018754547461867,-0.005678509362042,-0.028712920844555,-0.0043857847340405,0.028255650773644,-0.024037215858698,0.037305157631636,0.012716665863991,-0.0024425873998553,0.030984412878752,-0.036313943564892,0.0046767396852374,0.011682581156492,-0.015716208145022,-0.029623145237565,0.024309013038874,0.0011727868113667,0.00052373926155269,0.003031081520021,0.00034860640880652,-0.030207244679332,0.0055100666359067,-0.0069194701500237,0.0051332195289433,-0.028571078553796,0.015297369100153,-0.0037972014397383,-0.0065541216172278,-0.0075785908848047,-0.0082041006535292,0.0046063656918705,0.02377936989069,-0.020910266786814,-0.0011353619629517,0.0031968122348189,0.019595323130488,0.038017004728317,-0.0056380177848041,0.010156155563891,-0.00025515918969177,-0.018031829968095,0.035619001835585,-0.00021667816326953,-0.029762592166662,-0.0016745702596381,0.018531531095505,-0.0098909018561244,0.007280251942575,-0.019751086831093,0.028528831899166,-0.036668382585049,-0.022248504683375,0.011328206397593,0.032508619129658,0.0020942813716829,-0.012968729250133,-0.018500914797187,0.031993970274925,0.012504626065493,0.034411631524563,0.00714574707672,0.0059030191041529,-0.02680598013103,0.0038772518746555,-0.010729465633631,0.034495487809181,-0.00029073943733238,0.020686892792583,-0.0026176937390119,-0.026691542938352,0.02811337262392,0.0019519574707374,-0.031001958996058,-0.01590078510344,0.031842108815908,-0.027860095724463,-0.012734663672745,0.042288389056921,0.036566220223904,-0.00065965711837634,-0.028370598331094,-0.02039753831923,-0.0085295028984547,-0.010134850628674,0.025661986321211,-0.028796192258596,0.021373644471169,0.0046170558780432,-0.0034632610622793,-0.019694156944752,-0.0080058258026838,0.025988874956965,-0.033661492168903,-0.00082866672892123,0.026582768186927,-0.0315792709589,-0.032703664153814,0.02804316394031,0.011831327341497,-0.016822963953018,0.0061155040748417,-0.036251574754715,0.034557484090328,0.023157434538007,0.016125041991472,-0.00048042382695712,-0.008320533670485,0.021426718682051,0.014487110078335,0.0061629572883248,0.0303741004318,0.0394047498703,0.021801296621561,0.0085549345239997,-0.002918588463217,-0.029554525390267,0.01901694573462,0.034862618893385,-0.01277956739068,0.0014165233587846,0.034886460751295,0.028703639283776,-0.017825786024332,-0.033469635993242,0.017297467216849,-0.024197220802307,0.028307775035501,0.007824189029634,-0.032926011830568,-0.021692080423236,0.018594976514578,0.03356259688735,0.0047888974659145,0.010825063101947,-0.024538576602936,-0.016722610220313,0.030108649283648,0.0078229382634163,-0.0082667637616396,-0.029722116887569,-0.030528062954545,-0.03314009308815,-0.018515378236771,-0.036542598158121,-0.018079649657011,0.03186672180891,0.0034238421358168,0.021783707663417,-0.035874996334314,0.0076787313446403,-0.017062112689018,0.018958896398544,0.0048375385813415,0.031354662030935,-0.035122256726027,-0.01485865842551,0.020882736891508,-0.00021091908274684,-0.017246527597308,-0.022672371938825,0.013664262369275,-0.026669455692172,-0.0078472001478076,-0.011205662041903,0.014511526562274,0.041025049984455,-0.036263193935156,0.010049457661808,0.017741288989782,-0.038178328424692,0.014312794432044,0.018877495080233,0.038701768964529,-0.0092540783807635,-0.026977593079209,-0.0096170455217361,-0.034718960523605,0.020189279690385,-0.019373022019863,0.024658625945449,0.033069055527449,0.0077416254207492,-0.021778358146548,-0.0056473026052117,0.031927343457937,-0.011648781597614,-0.035583540797234,0.012585937045515,0.027224391698837,-0.029466811567545,-0.012300899252295,-0.029350223019719,-0.014171470887959,-0.011453587561846,0.010706417262554,-0.028025949373841,-0.015457790344954,0.013125907629728,0.021805942058563,0.012780162505805,0.010704782791436,0.016005167737603,0.029445230960846,0.013667039573193,-0.022763142362237,-0.0063092634081841,-0.00034639798104763,0.0025649575982243,-0.0320526920259,-0.0023494479246438,-0.009542828425765,-0.020183859393001,0.028298255056143,0.012298061512411,0.0058286245912313,-0.023703826591372,-0.0038509957958013,-0.034441582858562,-0.00051453884225339,-0.0061828149482608,-0.0077916965819895,0.030006784945726,-0.0067985304631293,0.024060012772679,-0.0091595975682139,-0.015246040187776,-0.019138321280479,0.030863033607602,0.0027900184504688,-0.023252176120877,-0.032427825033665,-0.018534779548645,0.0078552570194006,-0.01458037737757,0.026613967493176,0.008086709305644,0.034381654113531,0.0035548415035009,0.020662603899837,0.023259378969669,-0.022331174463034,-0.025705458596349,0.033747516572475,0.015437849797308,-0.0018018695991486,-0.011770565062761,-0.023791112005711,0.028916150331497,-0.0021432377398014,-0.0034603474196047,-0.034943632781506,-0.035946100950241,0.037435743957758,-0.028391715139151,0.015279399231076,0.028197560459375,0.034928951412439,-0.025650585070252,-0.013021443970501,-0.004983080085367,-0.02901610173285,-0.030085328966379,-0.03278735652566,-0.0012423677835613,-0.0089715477079153,-0.028063660487533,-0.0087835527956486,0.010578795336187,-0.035314906388521,-0.015145136974752,0.029728762805462,0.0002506107557565,-0.0039680111221969,-0.032334696501493,0.021695826202631,0.0016296121757478,0.007800130173564,0.035817988216877,-0.0089637553319335,-0.018102342262864,-0.036899972707033,-0.041240032762289,-0.019429547712207,-0.038604702800512,-0.017712812870741,-0.0085927406325936,0.028603853657842,-0.024314451962709,0.010595453903079,-0.011399269104004,0.016126355156302,-0.031320910900831,0.038345191627741,-0.029297456145287,-0.010513667017221,0.007960656657815,-0.034777402877808,-0.00076402683043852,-0.024543672800064,-0.025846663862467,-0.021673051640391,0.016998618841171,-0.017721572890878,-0.015650279819965,0.022227825596929,0.019623002037406,0.00068628555163741,-0.022553144022822,0.034028217196465,0.0014248957158998,-0.042233873158693,-0.027265576645732,-0.037466205656528,0.029602995142341,0.0038881665095687,-0.028332054615021,-0.025292297825217,-0.00020077143562958,-0.012896115891635,-0.041142728179693,-0.039918288588524,-0.0012918700231239,-0.028170920908451,0.0016523724189028,-0.016576370224357,0.04254911467433,-0.0090091312304139,-0.016844272613525,-0.034237917512655,-0.023982647806406,-0.0018469364149496,-0.0067300591617823,0.016797441989183,0.02228039316833,0.028873223811388,-0.018625458702445,-0.011943756602705,0.031625758856535,0.0016877020243555,0.025627415627241,-0.032081123441458,-0.010854955762625,0.015611602924764,0.0026053762994707,0.0088592488318682,0.0064232721924782,0.021291151642799,-0.0013761145528406,0.023237084969878,-0.017350178211927,0.0076329847797751,-0.028350004926324,0.02308251708746,-0.024368036538363,-0.00062696757959202,-0.020207490772009,-0.019980136305094,0.029866028577089,0.017435386776924,-0.028790798038244,-0.0301683396101,-0.038199219852686,0.030103970319033,-0.020168116316199,-0.012006862089038,0.021558541804552,-0.0088508557528257,-0.040663126856089,-0.0026755875442177,0.024524254724383,0.03935407474637,0.015014873817563,0.023938722908497,0.00053708604536951,-0.011651244014502,-0.019879687577486,0.017533494159579,-0.017395557835698,-0.032208189368248,-0.0094771021977067,-0.023531626909971,-0.020664235576987,-0.041102174669504,-0.0098168822005391,-0.0037303662393242,-0.012644594535232,-0.011245088651776,-0.012066824361682,0.021298460662365,-0.012081610038877,-0.024211963638663,0.032192636281252,-0.037767734378576,0.03185972571373,-0.006940255407244,-0.03496515750885,0.008713586255908,-0.041590165346861,0.024481968954206,0.035089060664177,-0.016875354573131,-0.013325061649084,-0.0033333469182253,0.014050365425646,0.0210179425776,-0.024846293032169,-0.0096863759681582,-0.015650877729058,0.030195415019989,0.023289795964956,-0.0047973352484405,-0.03686448559165,-0.028075756505132,-0.019096737727523,-0.030006352812052,-0.018852613866329,0.013000936247408,0.0028330283239484,0.018832046538591,0.033315762877464,0.0059813698753715,0.0041531855240464,-0.014078074134886,0.025316059589386,-0.036895975470543,-0.02148312330246,-0.03251213952899,0.03576136007905,0.022755265235901,0.0034007399808615,0.034860268235207,0.0049532908014953,-0.0050072623416781,0.0028333207592368,-0.027383472770452,0.021927703171968,-0.04251592233777,0.015048686414957,0.019479973241687,-0.026647632941604,0.03018768876791,-0.020733091980219,0.0098356893286109,0.0098517257720232,-0.029016686603427,0.0046507106162608,-0.0061668008565903,-0.0052477512508631,-0.0081992549821734,0.025771858170629,0.02133116684854,0.017390014603734,0.009864111430943,-0.021288242191076,0.028598273172975,0.016843143850565,-0.0030383893754333,0.016624530777335,-0.028358535841107,-0.0075249327346683,0.029962755739689,-0.0175517834723,-0.014682283625007,-0.0058481432497501,0.014111682772636,-0.011227239854634,-0.029996128752828,-0.026188362389803,0.033418592065573,-0.0243746265769,-0.016124002635479,0.015159106813371,-0.027054514735937,-0.022149000316858,-0.020194770768285,-0.035194553434849,-0.025538481771946,4.3346466554794e-05,0.02231478318572,0.00089773966465145,0.020905224606395,0.019118769094348,0.012636352330446,-0.018482737243176,-0.012912292033434,0.019989291206002,0.041391056030989,0.0089611932635307,0.0048015033826232,-0.018239539116621,0.030562894418836,0.0071512730792165,0.035723436623812,-0.021820181980729,-0.02449251152575,0.034611489623785,0.016938257962465,-0.042655356228352,-0.034883629530668,-0.030094945803285,-0.0335987880826,-0.02124423161149,-0.0077031254768372,-0.011525495909154,0.037180595099926,-0.025023940950632,-0.033443491905928,-0.033358886837959,0.024150928482413,0.033003848046064,-0.013247713446617,0.020744470879436,-0.016561586409807,-0.03831147775054,-0.029083278030157,0.0065048420801759,6.0094243963249e-05,0.031702216714621,0.025819299742579,-0.0074732289649546,0.0080584399402142,-0.022989669814706,0.01589734479785,0.035396680235863,-0.025207258760929,-0.013494761660695,0.003742057364434,0.041026882827282,0.020725339651108,-0.02284275367856,-0.031979277729988,-0.026991680264473,-0.027104023844004,0.024659398943186,0.038192339241505,-0.014269434846938,0.045576944947243,-0.033805284649134,-0.010412356816232,0.024190153926611,0.02301624417305,-0.0018336210632697,0.012587000615895,-0.022329557687044,-0.031073814257979,0.032754085958004,0.028671696782112,-0.020734306424856,0.027587931603193,0.020773818716407,0.010106107220054,0.019304629415274,-0.016308037564158,0.039960823953152,0.030823798850179,-0.016942068934441,-0.0012072809040546,-0.017215980216861,0.014535828493536,-0.01482664141804,0.022782633081079,-0.011610080488026,-0.021426595747471,0.0022920058108866,0.032955303788185,-0.027953416109085,-0.011245860718191,-0.024660179391503,0.025353064760566,-0.016055390238762,0.043841678649187,-0.0042214337736368,0.037906412035227,0.0074251913465559,-0.0050137112848461,-0.029091564938426,-0.028734408318996,0.03354325145483,-0.0047545908018947,0.0093159424141049,0.018058000132442,0.00026344324578531,0.032467629760504,0.0096132531762123,-0.043286941945553,-0.0087201362475753,-0.0041201869025826,-0.024924006313086,0.0071282093413174,-0.019326616078615,-0.0021011987701058,0.01561238989234,-0.0039601773023605,0.015626551583409,-0.017130209133029,0.013315031304955,-0.0057813390158117,-0.02807230129838,-0.0096331974491477,0.022331219166517,-0.018907651305199,0.0078381774947047,-0.028989741578698,-0.0099951820448041,-0.00017125796875916,0.0083053233101964,-0.0020625127945095,0.00070101767778397,-0.038564708083868,0.019929042086005,0.010960382409394,0.003073054831475,-0.027762671932578,0.025363886728883,-0.033268187195063,-0.027753768488765,-0.012659458443522,-0.016220938414335,0.0043915146961808,0.0073237149044871,0.0055167176760733,0.022907413542271,0.011722585186362,-0.018794512376189,0.023010041564703,-0.01423613820225,0.013636780902743,0.01744395121932,0.045540556311607,0.019227696582675,0.023162536323071,-0.029540935531259,-0.028442978858948,-0.0081904558464885,-0.0047522787936032,0.033223796635866,0.017686523497105,0.020819848403335,0.02786822244525,0.044530682265759,0.03502906486392,-0.006887826602906,0.0037834332324564,0.011646682396531,-0.031934950500727,0.0099704386666417,-0.0014616582775488,0.0085796834900975,0.0011588752968237,-0.009162669070065,0.017551522701979,-0.0043839826248586,-0.021856551989913,-0.011080344207585,0.01521631423384,-0.014018451794982,0.033281799405813,0.00058912835083902,0.016017183661461,0.0015089891385287,0.034993655979633,-0.02249344624579,0.0058083599433303,0.00054863287368789,-0.026833701878786,0.019778173416853,-0.025471825152636,0.038787942379713,0.015759894624352,-0.03990862518549,0.0061883395537734,0.047509841620922,-0.032052036374807,-0.0086308615282178,0.020120361819863,-0.0084942076355219,-0.020086999982595,0.030229607596993,0.0098634082823992,-0.02698839455843,0.032824032008648,0.012015650980175,-0.009912857785821,0.00068426301004365,0.015742227435112,0.03595931828022,-0.031400740146637,-0.017929555848241,0.034165505319834,-0.012091420590878,0.022611455991864,-0.0029139248654246,0.044926833361387,-0.024501105770469,-0.036333613097668,0.038573116064072,-0.024304531514645,0.031323324888945,0.027050888165832,0.020385606214404,0.017316453158855,-0.0075594512745738,-0.034962702542543,0.011808461509645,-0.019069992005825,-0.0055185002274811,0.023846678435802,-0.013027049601078,-0.0099958991631866,0.028720319271088,0.0091054812073708,0.001506811240688,0.008480285294354,-0.033870067447424,-0.026182036846876,0.02889334410429,0.035551849752665,-0.02527030557394,0.021675085648894,0.002390946727246,0.0053667640313506,0.029246626421809,-0.016870707273483,-0.033614046871662,-0.027705209329724,0.0060480302199721,0.0082764718681574,0.031482309103012,0.0079258577898145,-0.018926730379462,-0.0044024307280779,0.051205515861511,0.018875008448958,0.011751039884984,-0.020296905189753,0.021441796794534,0.019332366064191,-0.027212016284466,-0.0014420298393816,-0.018949339166284,0.027056772261858,0.026846246793866,-0.0063235945999622,-0.022168377414346,0.015774710103869,0.0026613296940923,-0.0014166480395943,-0.029003638774157,0.020058052614331,0.0081412028521299,-0.011916050687432,-0.029719419777393,0.025001047179103,-0.01783842779696,-0.028359021991491,0.0037020414602011,-0.0096419360488653,0.013576912693679,0.022925103083253,0.0089074056595564,0.015755733475089,0.016094090417027,0.019860379397869,0.019221169874072,0.022653922438622,-0.032047227025032,0.004682270810008,-0.027828333899379,0.042951118201017,-0.025287238880992,-0.016144266352057,-0.0082789566367865,0.012376676313579,-0.012507778592408,0.028092667460442,0.033389799296856,-0.026766013354063,0.03817505389452,0.014320430345833,0.01661048270762,0.02877838909626,0.028982054442167,-0.052527777850628,-0.0067639141343534,-0.019996101036668,0.023268271237612,0.016870519146323,0.047465965151787,-0.012077245861292,-0.03657278418541,0.0067096711136401,-0.018269205465913,0.0092474743723869,0.011250794865191,-0.018413880839944,-0.00025491646374576,0.009943095035851,-0.013265387155116,-0.020191285759211,0.018372189253569,0.032768197357655,0.016489865258336,-0.019147055223584,-0.035250190645456,-0.012303087860346,-0.034154508262873,-0.0037863797042519,-0.007794039323926,0.0036553360987455,0.033052239567041,0.024919141083956,0.033112548291683,0.017958793789148,-0.02099578268826,0.0041935415938497,0.020649006590247,0.011126591823995,-0.016996279358864,-0.0086784269660711,0.030649265274405,-0.068721733987331,-0.012206664308906,0.016075041145086,0.021877102553844,-0.032453935593367,0.0043956297449768,-0.013757159002125,-0.023603899404407,0.0037578304763883,-0.0094861797988415,0.014818419702351,0.033716637641191,0.022203305736184,-0.025369301438332,-0.020714029669762,-0.0148337315768,-0.02500768378377,0.0013553512981161,-0.01919442974031,0.00095266452990472,-0.015803689137101,-0.010546139441431,0.022873589769006,-0.02910365536809,0.019246101379395,0.0079244328662753,0.022334726527333,0.029058810323477,0.0023603772278875,0.034990943968296,0.034696951508522,0.033323034644127,0.045045327395201,-0.0086866542696953,0.032882459461689,-0.016627142205834,0.0079524647444487,-0.003857082221657,-0.018874647095799,0.007477989885956,-0.0037490464746952,0.041843865066767,-0.014335128478706,0.025248685851693,0.025016261264682,-0.028385737910867,0.026841416954994,-0.0082601038739085,-0.02661762572825,0.0049101389013231,0.026783416047692,-0.022998504340649,0.04047804325819,0.016526006162167,0.034694861620665,-0.037495147436857,0.02872077934444,0.0055600190535188,0.002519360743463,-0.01383282802999,-0.015489602461457,0.0011589551577345,0.0039104977622628,0.0083224214613438,-0.013341749086976,0.0091563453897834,0.018252758309245,0.021160731092095,-0.0083723282441497,-0.022789653390646,-0.0001053654414136,-0.00042659442988224,0.035634182393551,-0.0038725594058633,-0.0078348740935326,0.010439270175993,0.010694524273276,0.031623683869839,-0.026717215776443,-0.030037110671401,-0.050892282277346,0.023619510233402,0.0048498786054552,-0.013684986159205,0.013699663802981,0.047978688031435,-0.020034654065967,0.020213907584548,0.041707329452038,0.016553033143282,0.012292907573283,0.042610980570316,-0.027804180979729,-0.032901160418987,0.023160757496953,0.019917516037822,-0.03194722160697,-0.019519884139299,0.0032056795898825,-0.01767891831696,0.048113185912371,0.0038380182813853,0.02619519084692,0.017713539302349,0.019884141162038,0.015699988231063,-0.012760608457029,-0.022528966888785,0.00058762676781043,-0.04382648319006,0.0041560046374798,-0.00088104460155591,0.0080883773043752,-0.021921643987298,-0.0011826357804239,-0.0032217223197222,0.014843775890768,-0.0040291398763657,-0.0047699878923595,0.032885082066059,-0.016068890690804,-0.0087320618331432,0.00013660569675267,-0.029262328520417,0.00062800600426272,0.028359636664391,-0.01948287896812,-0.017401970922947,0.037168581038713,-0.0087183127179742,0.0090749142691493,0.0055224387906492,0.013430437073112,0.031856827437878,0.029378699138761,0.0059282346628606,-0.028394320979714,-0.0045607057400048,-0.01279665902257,0.040321864187717,-0.035475771874189,-0.017319837585092,-0.033091891556978,0.035166438668966,-0.00157238508109,-0.0070619345642626,-0.009139122441411,0.05487597361207,-0.039040237665176,-0.0058021238073707,0.028823710978031,-0.00083831982919946,-0.030491881072521,-0.0088331317529082,-0.013316694647074,-0.0074116126634181,0.0077489204704762,-0.033581905066967,0.025137539952993,-0.015935065224767,-0.022295981645584,-0.013715183362365,-0.031376257538795,0.0034029402304441,0.03481525182724,0.029335211962461,0.024614006280899,-0.036018077284098,0.043625917285681,0.013104703277349,-0.017857568338513,0.01571961119771,6.3892322941683e-05,-0.012480864301324,-0.04797687381506,-0.025604467839003,0.0057418500073254,-0.012463521212339,-0.0053861201740801,-0.0045339413918555,0.031894285231829,0.050008051097393,0.014061152935028,0.00071239552926272,-0.024430057033896,0.018512351438403,-0.020005760714412,-0.019542351365089,0.0016282465076074,0.0094291977584362,-0.079009369015694,-0.036065280437469,0.0024361263494939,0.018120458349586,-0.017219802364707,0.00088118843268603,-0.059895090758801,-0.04161960631609,-0.030262187123299,0.0093797259032726,0.015506340190768,-0.044677764177322,-0.0061381254345179,0.00058515998534858,0.022236095741391,-0.037177439779043,-0.0085966689512134,0.03777314350009,-0.0041205305606127,0.0062551312148571,-0.016237486153841,-0.043969295918941,-0.043419409543276,-0.035573896020651,0.024106737226248,-0.031457334756851,-0.023450721055269,-0.0060317050665617,-0.02420955337584,-0.034029800444841,0.063961900770664,0.010608804412186,0.016907773911953,-0.051837712526321,-0.019640991464257,-0.022365199401975,-0.026461873203516,0.029158698394895,-0.026448622345924,-0.01089066080749,0.006824400741607,-0.010698225349188,0.02786453999579,-0.023866109549999,0.028700949624181,0.044964637607336,-0.06447184830904,-0.024408956989646,-0.040765561163425,-0.038246840238571,0.029278341680765,0.054632969200611,-0.01378383487463,-0.029626222327352,0.030343534424901,0.034974377602339,0.045211791992188,0.012083443813026,0.017642825841904,-0.01332625374198,0.0012223381781951,0.024030599743128,-0.023612305521965,0.001498497556895,-0.010265110060573,-0.00045046114246361,-0.036012686789036,0.04775395989418,-0.018144844099879,-0.0026655208785087,-0.023177484050393,0.0032674993854016,0.0081921219825745,-0.005329211242497,-0.023180859163404,0.0028068614192307,0.065831989049911,-0.037587609142065,-0.028291279450059,-0.036944225430489,0.045666806399822,0.0046150246635079,0.026019468903542,0.02147338539362,-0.022225584834814,0.0081063145771623,-0.037269119173288,-0.032839849591255,0.021671958267689,-0.020290650427341,-0.030693178996444,-0.022574285045266,-0.030491257086396,0.012053893879056,-0.020782681182027,0.012817622162402,0.058420035988092,-0.060944061726332,-0.047362238168716,0.014495552517474,0.029489913955331,-0.0085912942886353,0.0074435817077756,-0.027382176369429,0.032740008085966,-0.069850645959377,-0.025583891198039,-0.0077529423870146,0.042330723255873,0.038206361234188,0.029525624588132,-0.031320624053478,-0.022143121808767,-0.061632055789232,0.0096073504537344,-0.021995894610882,0.018560778349638,0.015496716834605,-0.035711370408535,-0.019000830128789,-0.03586133569479,0.031964160501957,-0.057336091995239,-0.018804684281349,0.00065059203188866,0.032930508255959,0.050144903361797,-0.028364032506943,0.019353261217475,0.048861116170883,-0.015186005271971,0.039694149047136,0.032433416694403,-0.017611676827073,0.047666002064943,-0.0018385394942015,0.029320875182748,0.014347811229527,-0.034955400973558,-0.0095121599733829,-0.010900657624006,0.00043556868331507,0.016760293394327,-0.0025584313552827,-0.040270779281855,0.016026740893722,0.0060489973984659,-0.055534411221743,0.074111767113209,-0.01312203053385,-0.0087896268814802,0.0073775555938482,0.028030464425683,-0.015349748544395,-0.021386694163084,0.036755263805389,0.015351670794189,0.022809963673353,0.01982032135129,0.022930031642318,-0.018497694283724,-0.045570015907288,-0.024025386199355,0.0052684368565679,-0.0043377093970776,-0.0092578548938036,-0.023834269493818,-0.025604439899325,0.015721913427114,-0.00096510688308626,0.051707379519939,-0.025745114311576,0.026904355734587,0.033530373126268,0.032700628042221,-0.0025707334280014,-0.003357897978276,-0.038459494709969,0.013986930251122,-0.024779204279184,-0.032383631914854,0.0023902885150164,-0.021329134702682,0.027528420090675,0.043645117431879,0.022164730355144,0.024196851998568,0.020596584305167,0.03263857588172,0.073142394423485,0.031203500926495,0.027816697955132,0.039711654186249,-0.015264451503754,0.013641937635839,0.051176615059376,0.039653524756432,-0.017810959368944,-0.010730761103332,-0.026399994269013,0.053001005202532,-0.014447086490691,0.081461705267429,-0.012653660029173,0.031789127737284,0.019121754914522,-0.046583689749241,-0.036347549408674,0.015423759818077,0.029460230842233,0.00051552755758166,0.03326665237546,0.030509151518345,0.0042534028179944,0.06970851123333,-0.038191795349121,-0.039680048823357,-0.0098256692290306,-0.040875785052776,-0.029918782413006,0.0034880829043686,0.055320356041193,-0.028475325554609,-0.0041561960242689,0.082189239561558,-0.0011736704036593,0.033267434686422,0.031758181750774,-0.037494402378798,-0.022545581683517,-0.023943861946464,0.030582055449486,0.031114257872105,0.00253268587403,-0.066105037927628,-0.035646755248308,0.0096758436411619,-0.078796148300171,0.019141776487231,-0.0045565450564027,0.067987143993378,-0.0040367837063968,-0.006602861918509,0.0031581302173436,-0.010470745153725,-0.020974630489945,-0.032794363796711,-0.0052126008085907,-0.03671070933342,0.0043717166408896,-0.012201212346554,0.043962508440018,-0.022769138216972,0.0047264969907701,-0.01053751911968,-0.020849600434303,-0.009216015227139,0.0096172606572509,-0.013182892464101,-0.02528277784586,-0.04759256541729,-0.051479578018188,0.037733618170023,-0.027747349813581,0.037288505584002,0.0057533797807992,-0.042760506272316,-0.0097492225468159,0.057729437947273,-0.044871214777231,-0.014342065900564,0.038981035351753,-0.015150146558881,0.036230478435755,0.0075442539528012,0.014803664758801,-0.0085087278857827,-0.012965046800673,0.011653605848551,0.045721478760242,0.019554140046239,0.016844244673848,0.0016777412965894,0.036081735044718,-0.031285546720028,0.042254511266947,0.020673716440797,-0.010019910521805,0.034218747168779,-0.044883590191603,-0.051366306841373,-0.0045178444124758,-0.042994443327188,-0.036635261029005,-0.033227123320103,0.01710918545723,0.045280124992132,0.023076571524143,0.030484575778246,-0.059888668358326,-0.020202895626426,-0.029869098216295,-0.05936885997653,-0.015047186054289,-0.011369026266038,-0.0023456318303943,0.020249348133802,-0.0046238610520959,-0.073129720985889,-0.028417529538274,-0.036738563328981,-0.022515591233969,-0.017408052459359,-0.027684135362506,0.021190142259002,0.0025437793228775,0.035873763263226,-0.026705948635936,0.01285270601511,-0.025730667635798,0.053032942116261,-0.062626466155052,-0.041570957750082,0.0045415922068059,-0.0416549295187,0.039223786443472,0.009996292181313,-0.03079042211175,0.017095332965255,-0.017239874228835,0.026337526738644,0.065663747489452,-0.0048176450654864,0.021422684192657,-0.013687245547771,-0.0099848890677094,0.10045542567968,0.021310480311513,-0.0086603462696075,-0.012952516786754,-0.032600920647383,0.0012494759866968,-0.010078142397106,0.0088516669347882,0.074796721339226,-0.0010798831935972,0.035229045897722,-0.027856105938554,-0.030787406489253,-0.042131189256907,-0.015494863502681,-0.010058621875942,-0.022775262594223,-0.030960259959102,-0.014224889688194,-0.033534403890371,0.00011642329627648,0.031424943357706,-0.024831963703036,-0.02225798740983,0.014937605708838,-0.027522817254066,-0.0020192735828459,0.015269353985786,-0.016821596771479,-0.035364020615816,-0.029456950724125,-0.0044126170687377,-0.0057563283480704,-0.0128088966012,-0.00049694383051246,-0.010618376545608,0.028209669515491,-0.024678526446223,0.0052414056845009,-0.018565209582448,0.023307302966714,0.022617440670729,0.029313843697309,0.027868552133441,-0.0040709092281759,-0.016988659277558,0.027627948671579,-0.0094200065359473,0.006040554959327,0.020090855658054,-0.0059518744237721,-0.036460589617491,-0.035570871084929,-0.02555587887764,-0.00062089477432892,0.028535356745124,0.0085098287090659,-0.029317136853933,-0.022810071706772,-0.014795523136854,0.034013945609331,-0.013649292290211,0.031046757474542,0.014623156748712,0.012760238721967,-0.039284963160753,0.019927963614464,0.03345113247633,0.022025398910046,0.034237463027239,-0.0010150721063837,-0.032318126410246,0.001343150739558,-0.016074765473604,0.021726602688432,-0.0018212019931525,0.012749602086842,0.024231698364019,-0.0020358124747872,-0.015606243163347,-0.02383997105062,0.013637633062899,0.029058685526252,-0.016090136021376,0.001734551275149,0.033028773963451,0.027799991890788,-0.035738579928875,-0.022439749911427,0.0047596264630556,0.012323267757893,0.031653709709644,-0.017070956528187,-0.00098851788789034,-0.03245796635747,0.023924335837364,0.018024556338787,-0.019894430413842,-0.039206646382809,0.0038001553621143,0.024703744798899,0.034595474600792,0.026975957676768,0.032268237322569,-0.02977355197072,-0.0058692111633718,-0.017702730372548,-0.03677611425519,0.032350599765778,0.0026520225219429,-0.0025224592536688,0.024409998208284,0.011066453531384,-0.032429497689009,-0.020929463207722,-0.017440738156438,-0.033899955451488,0.033614102751017,-0.027094902470708,0.021055091172457,-0.030115410685539,0.01246024761349,-0.026412097737193,0.029639711603522,0.017662141472101,0.022065006196499,0.016228208318353,-0.00027641473570839,-0.031408250331879,-0.029006050899625,-0.02839645370841,0.02046075463295,-0.0094559481367469,-0.035516262054443,-0.0018671458819881,0.0029327259398997,0.00067956920247525,-0.0057738898321986,0.013300757855177,-0.0023115130607039,0.001032097497955,-0.028152158483863,-0.012551301158965,0.010415948927402,0.00031259641400538,-0.022314330562949,0.030729342252016,-0.0037283312994987,0.0089346021413803,0.035506140440702,-0.022292917594314,-0.0087080430239439,0.0086720818653703,0.019790073856711,0.018933072686195,-0.01223227661103,0.033575478941202,-0.026918403804302,0.017737781628966,0.033726789057255,-0.019660187885165,0.017488863319159,0.0015807547606528,-0.0027032864745706,-0.019518690183759,0.00033112912205979,-0.0043781884014606,0.018557734787464,0.031148182228208,-0.03434332460165,-0.020609715953469,0.015453543514013,-0.001323290867731,0.01982556656003,-0.00043422204907984,-0.016587790101767,-0.0036176084540784,-0.021868899464607,0.010604963637888,0.013685891404748,0.026113195344806,0.025984616950154,0.028739284723997,0.018977332860231,-0.02607461437583,-0.010403617285192,0.019399864599109,0.0078706881031394,0.00449024932459,-0.027036955580115,0.0086970301344991,-0.0025009559467435,0.0253562387079,-0.014325811527669,-0.03216166049242,0.0065106078982353,-0.0029430193826556,-0.027196789160371,-0.018450381234288,0.02326132170856,-0.019064491614699,-0.0016457962337881,0.011921776458621,0.017952933907509,0.028422450646758,-0.025854164734483,-0.013080118224025,-0.019504552707076,0.030830064788461,-0.041793569922447,0.0021050469949841,0.014459447935224,0.032956961542368,-0.0060046925209463,0.01214620936662,0.010982974432409,0.006023604888469,-0.017982050776482,-0.036507975310087,0.011733786202967,-0.0019898531027138,0.0075851809233427,0.0062489788979292,-0.014187973923981,-0.019436396658421,-0.0022887685336173,-0.0015341974794865,0.033583972603083,-0.0097608612850308,0.007791250012815,-0.016907580196857,0.026264976710081,-0.038574330508709,0.030332682654262,0.0027376636862755,-0.011262363754213,-0.0183120444417,-0.011433503590524,0.031046252697706,0.030449654906988,-0.031007038429379,-0.028962230309844,-0.0081821754574776,-0.035065662115812,-0.028936292976141,-0.013389598578215,0.031179118901491,-0.0095504680648446,-0.011625901795924,0.01565215177834,-0.020959945395589,0.023735901340842,0.036180175840855,-0.010011854581535,-0.0093649495393038,-0.02407849766314,0.021784486249089,0.031035540625453,0.013374318368733,0.017919093370438,0.02871404029429,0.030707284808159,-0.025937732309103,0.015208193100989,0.015425795689225,0.0016751971561462,-0.0014354188460857,-0.029607685282826,-0.027696255594492,-0.010201233439147,-0.018838232383132,0.0060105081647635,0.034323617815971,-0.018041530624032,0.020483998581767,0.033286400139332,0.014446477405727,0.016589669510722,-0.030480742454529,0.027814321219921,-0.0024077240377665,0.0079046878963709,0.0072900904342532,-0.0070134857669473,0.0075996783562005,0.012560072354972,-0.010366331785917,-0.0085002444684505,-0.001699261018075,-0.0110531616956,-0.0032180228736252,0.0039187497459352,-0.022280825302005,0.014650111086667,0.023039354011416,-0.0067960252054036,0.037573862820864,-0.018964486196637,-0.019849635660648,0.012800730764866,-0.031443305313587,-0.017246073111892,0.021788656711578,-0.013188526034355,0.0066620614379644,-0.038958597928286,0.028270592913032,0.018378658220172,-0.03052425198257,0.002943207276985,-0.026513146236539,-0.026908418163657,-0.0030466697644442,0.018640795722604,0.0088537093251944,-0.023009622469544,-0.010551829822361,0.019911251962185,0.026781572028995,-0.020137090235949,0.037483025342226,-0.014600997790694,-0.0045928456820548,-0.0069111636839807,-0.0035018923226744,-0.032751929014921,0.035362776368856,-0.035455893725157,-0.010940507054329,0.031313292682171,-0.018443329259753,0.023317687213421,0.025375345721841,-0.017913350835443,0.022404532879591,-0.019841644912958,0.013630366884172,-0.033127944916487,-0.032593920826912,-0.029960053041577,0.019013825803995,-0.026217365637422,0.01953068561852,0.0010554175823927,0.016774848103523,-0.035130217671394,-0.030351297929883,0.035390794277191,0.034906059503555,-0.023074332624674,0.010467955842614,-0.0073990044184029,-0.034383125603199,-0.011648027226329,-0.016312001273036,-0.030163353309035,-0.016221893951297,-0.0039729345589876,-0.0053451312705874,0.034670457243919,0.0099748503416777,0.0016203033737838,0.026760766282678,0.011153599247336,-0.017591660842299,0.011760898865759,0.018351912498474,0.012775264680386,0.033212918788195,0.025963108986616,-0.028151886537671,0.027263442054391,0.017632326111197,-0.03355348855257,0.031993944197893,-0.0091754784807563,-0.0066939438693225,0.023375118151307,0.020525213330984,0.010298331268132,-0.030996885150671,-0.0088716680184007,-0.014359383843839,-0.026273986324668,0.034126494079828,0.032423794269562,0.030490890145302,0.022782323881984,-0.014591021463275,-1.4828116945864e-05,0.025382263585925,0.0091371322050691,-0.0038019905332476,-0.0049483352340758,0.028971936553717,0.017587836831808,-0.022857705131173,0.020390942692757,0.031601168215275,-0.0055777099914849,-0.025434762239456,0.033685185015202,-0.031254660338163,0.026625741273165,0.015399044379592,-0.0011120729614049,-0.033741772174835,0.0041348002851009,-0.014357981272042,-0.012867349199951,-0.010264073498547,0.0043490803800523,-0.027631813660264,-0.0088183740153909,-0.0029048069845885,0.015841037034988,0.042956408113241,0.0145553201437,0.032407227903605,0.028852419927716,0.016154823824763,0.010316501371562,-0.013818901963532,0.00050852046115324,-0.01907298900187,0.021932950243354,-0.0017008394934237,-0.039482183754444,-1.6713858713047e-05,-0.0034214665647596,-0.010484505444765,-0.034480519592762,-0.033713564276695,0.0024525180924684,-0.038368489593267,0.022185992449522,-0.010415370576084,-0.0079274494200945,-0.018477285280824,-0.025028884410858,0.010406005196273,0.0099502606317401,-0.0073176342993975,-0.018612544983625,-0.021210631355643,-0.0012250998988748,0.033399507403374,-0.0092769833281636,0.037507154047489,0.02057433873415,0.014058126136661,0.031732074916363,-0.006734935566783,0.015216479077935,0.0084629682824016,-0.0027599770110101,-0.00351716671139,-0.023169992491603,0.027372280135751,-0.030681887641549,0.029101505875587,-0.035584941506386,-0.035811077803373,-0.0005097339162603,0.029653986915946,0.00025054672732949,-0.035271711647511,0.010898661799729,0.002717521507293,-0.014820761978626,-0.02513400092721,0.025116633623838,0.032860293984413,-0.014308925718069,0.019807681441307,0.014562760479748,-0.013880768790841,0.0067621022462845,0.002723422832787,-0.030530450865626,-0.0085625760257244,-0.011450981721282,0.019427996128798,0.026538139209151,-0.0041963895782828,0.025302592664957,-0.0023126620799303,-0.015875341370702,0.033369563519955,0.0042431452311575,0.028104927390814,0.011526214890182,-0.033064182847738,0.013237209990621,0.009673323482275,0.024427777156234,-0.029100552201271,-0.0066194706596434,0.027891751378775,-0.030858844518661,0.00097117084078491,-0.030020320788026,-0.026440370827913,0.016531093046069,0.022362863644958,-0.033517189323902,-0.019704902544618,-0.014705939218402,0.0045517403632402,0.035280361771584,-0.032371614128351,-0.035425242036581,0.011073235422373,-0.023006275296211,0.013475664891303,0.026501413434744,-0.005713309161365,-0.03848635405302,-0.018735764548182,0.0082705719396472,0.016238139942288,-0.0030730641447008,0.015810776501894,-0.025457749143243,-0.0072286813519895,-0.0025326984468848,-0.0024335945490748,-0.007888313382864,0.030712205916643,-0.012245571240783,-0.029899124056101,-0.007222487591207,0.029190126806498,0.014740479178727,-0.02481797337532,-0.012694974429905,0.028033126145601,-0.027154847979546,0.017354296520352,-0.019339814782143,-0.013074491173029,0.0072830892167985,-0.0016165799461305,-0.0084772659465671,0.027636602520943,0.020720610395074,-0.031718321144581,0.015245104208589,-0.01895716227591,-0.032808143645525,-0.031926602125168,-0.019641993567348,0.015407091006637,-0.0033868551254272,0.0080977464094758,-0.019968191161752,-0.033629152923822,0.0007875676965341,-0.013319112360477,-0.024744654074311,0.022896820679307,-0.0094241322949529,0.016122121363878,0.028677571564913,-0.025068514049053,0.035279832780361,-0.020077727735043,0.027034545317292,0.0061693070456386,-0.01765969209373,-0.025572620332241,0.029556127265096,-0.0075016939081252,0.028019616380334,0.0018116631545126,0.029862213879824,0.0041627660393715,0.0033178890589625,0.01588898897171,0.021040124818683,0.019128205254674,-0.0056937374174595,0.0062235966324806,-0.019636042416096,0.0083234403282404,0.0058350106701255,0.035807520151138,-0.01340872887522,-0.024581056088209,0.0078561259433627,-0.010009395889938,0.0073407962918282,0.023595469072461,0.020847611129284,0.0087651470676064,-0.0046445676125586,-0.037022028118372,0.034405015408993,-0.010427290573716,-0.037352237850428,0.011997020803392,-0.022910738363862,0.032348982989788,-0.031726218760014,0.026716938242316,0.023014113306999,0.024241102859378,-0.029267087578773,0.017383120954037,0.022320419549942,0.036491498351097,-0.028895545750856,0.041077613830566,0.022658724337816,-0.021345207467675,-0.022276636213064,0.010750880464911,-0.014980659820139,0.0009348364546895,-0.017269944772124,-0.036228358745575,0.027028808370233,-0.031052365899086,0.0041777193546295,-0.041425697505474,0.0032245297916234,0.012503352016211,-0.03449871391058,0.0072288932278752,-0.033054571598768,0.036776978522539,0.023600330576301,-0.026222107931972,0.037560500204563,-0.0095861377194524,0.0047471141442657,0.02350870333612,0.036386027932167,-0.022221047431231,-0.038068145513535,0.014512969180942,0.0046045170165598,-0.020490569993854,-0.032277029007673,-0.00581508083269,-0.036882270127535,0.032506581395864,-0.014000169932842,-0.015122381038964,-0.022873472422361,0.029209446161985,0.011767496354878,0.01044906117022,-0.029869809746742,-0.0094170961529016,0.019242698326707,-0.030666325241327,-0.028475377708673,-0.025482537224889,-0.0034104511141777,-0.0012458912096918,-0.031410597264767,-0.035515233874321,-0.027673011645675,-0.027237409725785,-0.010642528533936,-0.033130161464214,-0.026603583246469,-0.0035448805429041,0.012582303024828,-0.026100030168891,0.013266128487885,0.0134815601632,0.027537418529391,0.013470676727593,0.026921385899186,0.027820458635688,-0.021945919841528,0.034208569675684,-0.042368125170469,0.010026898235083,-0.010609479621053,-0.014828911051154,-0.019692393019795,-0.026342891156673,0.026730509474874,0.025642197579145,0.026929799467325,0.017955008894205,0.031940836459398,0.020412189885974,0.023472955450416,-0.025281015783548,0.027547983452678,0.031072959303856,0.013459235429764,-0.022138111293316,-0.017760757356882,-0.029375383630395,0.033017471432686,0.021840117871761,-0.0038513715844601,-0.025281274691224,-0.021146826446056,-0.019965514540672,-0.0097980154678226,-0.021837737411261,-0.023553729057312,-0.0031799557618797,-0.019924016669393,0.0050214226357639,-0.029697667807341,0.017348006367683,-0.026393560692668,0.010981304571033,-0.033459540456533,-0.028558198362589,0.0048523298464715,-0.020854879170656,-0.0053530628792942,0.011866566725075,-0.031991139054298,0.024642737582326,0.022461188957095,-0.0052964994683862,0.017444172874093,-0.028085315600038,-0.010507982224226,-0.010164353065193,-0.014729976654053,-0.0033939406275749,-0.039360094815493,0.024923717603087,-0.016607448458672,-0.0052062091417611,0.014960230328143,-0.040018305182457,-0.030892407521605,-0.015417494811118,0.025275422260165,0.027646699920297,-0.012032265774906,0.016405891627073,0.010999692603946,0.020296601578593,-0.037878461182117,0.015157009474933,0.019391123205423,-0.00078578840475529,-0.019222173839808,0.010171553120017,0.0084343422204256,-0.017373519018292,0.0030920864082873,0.027212716639042,0.022673284634948,-0.037670023739338,0.023482229560614,-0.028574032709002,0.026580020785332,-0.022011296823621,-0.029822170734406,-0.0036624716594815,0.030761454254389,0.036368783563375,0.021500572562218,-0.02925649471581,0.0082430262118578,0.01271032448858,0.018928926438093,0.021017000079155,-0.02657681517303,-0.025766763836145,0.014407225884497,-0.0019671970512718,-0.036377459764481,0.036882810294628,-0.012142249383032,-0.037886817008257,0.01090947445482,-0.021772384643555,0.013953818939626,-0.006767253857106,-0.011707480996847,-0.0078592849895358,-0.019442385062575,0.0010559292277321,0.0063004712574184,0.028649818152189,-0.003929725382477,-0.03570394217968,-0.0047954274341464,0.019472973421216,0.0054524098522961,0.041911602020264,-0.012748314067721,-0.044739075005054,-0.012219955213368,0.018081344664097,0.040217958390713,-0.021965228021145,0.033223159611225,0.028681060299277,-0.018770208582282,-0.028501683846116,0.0065375398844481,-0.02326630987227,0.018806952983141,0.025557292625308,-0.032524835318327,-0.016721831634641,-0.014651578851044,-0.032980520278215,0.029872009530663,0.01489979121834,0.030140811577439,0.0020694418344647,-0.034912548959255,-0.016283497214317,-0.014823897741735,0.012405936606228,0.022964211180806,0.026359582319856,-0.036537423729897,0.007102461066097,-0.0019145590486005,0.026478338986635,0.0011900099925697,-0.021360702812672,0.0053492793813348,0.026506183668971,-0.015494786202908,-0.02056972309947,-0.015852123498917,-0.033773481845856,-0.023086002096534,0.0086087808012962,0.0013567364076152,-0.033977668732405,-0.020515976473689,-0.00019523159426171,-0.027468835934997,0.014004455879331,0.044853266328573,0.015052912756801,0.006357847712934,0.00028976393514313,-0.00019945240637753,0.0033717975020409,0.0085089700296521,0.031589791178703,0.034144658595324,-0.0065838503651321,0.015004656277597,0.0078058512881398,-0.032309234142303,-0.0073715457692742,0.052016787230968,0.037067331373692,-0.019126066938043,0.03116075694561,-0.016822906211019,0.019417809322476,-0.018255032598972,-0.0070384377613664,-0.018011271953583,0.0057340450584888,-0.027154007926583,0.0027137326542288,-0.016667887568474,0.014638250693679,0.012160243466496,-0.011731568723917,-0.019584564492106,0.010686786845326,0.036324813961983,-0.024842703714967,-0.02610751055181,-0.026464201509953,0.0078837834298611,0.033722426742315,-0.01131312455982,0.0014732619747519,0.024662900716066,0.030802166089416,-0.031732637435198,-0.010798052884638,-0.026467556133866,0.030636241659522,0.022965984418988,-0.0020529953762889,0.0049242177046835,-0.05212102457881,-0.010995716787875,-0.00075859361095354,-0.014301344752312,0.0011939374962822,0.029658397659659,-0.034936156123877,-0.038864854723215,0.021369904279709,-0.03894167393446,-0.034739132970572,-0.020563825964928,0.029829166829586,-0.034134790301323,0.013547564856708,-0.0076321149244905,0.021535027772188,0.00525261182338,-0.030145084485412,0.017286315560341,-0.031189300119877,-0.012313960120082,-0.035089697688818,-0.023474436253309,-0.029161868616939,0.010940889827907,0.033577091991901,0.024268757551908,0.0012732412433252,0.0082596028223634,-0.032571908086538,-0.012338588014245,-0.0038071954622865,-0.012444225139916,0.0035677959676832,0.018055588006973,0.013549552299082,0.021107828244567,0.019861033186316,0.00092055869754404,-0.029464790597558,0.01656361669302,0.029232669621706,0.0086374310776591,-0.0034314007498324,-0.030532531440258,-0.016703786328435,0.02726730145514,0.026445863768458,0.013718545436859,0.021597577258945,0.0098398858681321,0.02784594334662,0.01124772708863,-0.0059267580509186,-0.019751748070121,0.018506795167923,5.6534172472311e-05,0.011444075964391,-0.0046755825169384,-0.032843366265297,0.017006400972605,0.022380212321877,-0.022059198468924,0.03789360076189,0.032244946807623,-0.0089452071115375,-0.03951570391655,-0.03532138094306,-0.019077222794294,0.0027141890022904,0.03097870759666,-0.0096277398988605,0.030658854171634,-0.037102025002241,-0.035393480211496,-0.012988393194973,0.016161294654012,-0.023224813863635,-0.020447051152587,-0.028436938300729,-0.010752419009805,0.0022924281656742,-0.00086660141823813,-0.029285535216331,-0.0072126435115933,0.030500087887049,-0.0032821353524923,0.0001166922666016,0.018996195867658,-0.031930323690176,-0.040545955300331,0.033621568232775,-0.0026506476569921,-0.036073062568903,-0.010750588029623,-0.02180190384388,-0.018304796889424,0.0059842956252396,0.027588343247771,-0.00087795860599726,0.0087609235197306,-0.022847823798656,-0.0038211878854781,0.019435901194811,-0.02461402118206,0.027379574254155,-0.020940555259585,-0.015022568404675,0.019750613719225,-0.018321506679058,0.023518640547991,-0.023070383816957,-0.037088565528393,-0.0075709349475801,-0.014597898349166,-0.025742135941982,-0.0051544937305152,-0.0080942949280143,0.017034158110619,-0.01899927854538,-0.024783313274384,0.0053870691917837,-0.028183044865727,0.017466615885496,-0.020179590210319,0.0074275541119277,0.016712542623281,0.022748101502657,0.024537924677134,-0.0021227272227407,0.0017772676656023,0.026033563539386,0.027384841814637,0.01467773783952,0.00057051400654018,0.032655645161867,0.029113991186023,-0.011035274714231,0.021405320614576,-0.028071671724319,0.010450514033437,-0.030477045103908,0.0036346751730889,0.0036505660973489,-0.0067604696378112,-0.0028522724751383,-0.038068577647209,-0.00058811187045649,0.010582097806036,-0.014168540015817,-0.023504361510277,-0.00060668808873743,0.017375266179442,0.0083823837339878,0.023420300334692,-0.0038775461725891,0.028249559924006,0.0033153081312776,-0.0096076242625713,-0.030939180403948,0.00075994298094884,0.0019046298693866,0.023954723030329,-0.031909584999084,-0.030710469931364,-0.03155405446887,-0.0051828296855092,-0.010823409073055,0.030162736773491,0.031614065170288,-0.021295549347997,0.036508072167635,0.020174594596028,0.032728791236877,0.023222992196679,-0.00034840038279071,-0.010011473670602,-0.021177563816309,-0.027228871360421,0.031041333451867,0.018373921513557,-0.01550277043134,-0.050318699330091,-0.01756982691586,0.010063917376101,0.015189501456916,-0.0055844835005701,-0.0043174740858376,0.0056822672486305,0.01908677816391,-0.023861030116677,-0.023262109607458,-0.022194489836693,-0.029186185449362,0.02660539932549,-0.028956329450011,0.0034877143334597,-0.0014768921537325,-0.0064405249431729,-0.019641349092126,-0.044663600623608,0.036478772759438,0.0094546694308519,-0.011475510895252,0.0045119449496269,0.036039687693119,-0.010415550321341,-0.010328785516322,-0.008100819773972,-0.020036857575178,0.00198964914307,-0.041173260658979,0.020780093967915,0.02997187525034,0.028014691546559,0.022357027977705,0.008138021454215,-0.030479580163956,0.027645591646433,0.0029942900873721,0.030865959823132,0.018331544473767,-0.0020364064257592,0.052120331674814,-0.018497694283724,-0.026352928951383,-0.017841061577201,0.0018415933009237,-0.01770238392055,0.020244343206286,0.017585312947631,-0.035445041954517,0.0068205711431801,-0.021864335983992,-0.0077900611795485,0.011206306517124,-0.012831720523536,-0.014955648221076,-0.012373574078083,-0.040991149842739,-0.0044171470217407,0.032616049051285,-0.013086096383631,0.010978670790792,0.021077606827021,-0.0057701817713678,0.018644168972969,0.040007617324591,0.024837039411068,0.033138621598482,-0.0082899173721671,0.020362948998809,-0.011613038368523,-0.0088579524308443,0.0098080541938543,-0.02614152431488,-0.022391371428967,-0.00097620818996802,0.02495382539928,-0.032465398311615,0.029780108481646,-0.0076919556595385,0.013496890664101,-0.010935452766716,-0.023863237351179,0.02891700156033,0.02840593829751,-0.016466796398163,0.014638129621744,0.007554261945188,0.003565723542124,0.02051536925137,-0.0079192565754056,0.0087760286405683,0.0070315250195563,-0.030007980763912,0.027986191213131,0.027141457423568,0.010155034251511,0.019081708043814,0.016657883301377,0.022939395159483,-0.02655453979969,0.023853216320276,0.0063517089001834,0.027639176696539,0.036765813827515,-0.018090574070811,0.022393537685275,-0.023294437676668,0.022260451689363,-0.024726049974561,-0.01718189753592,0.0035080637317151,-0.010288290679455,-0.013305868022144,-0.0067295916378498,-0.02190775051713,-0.011582541279495,-0.021293835714459,0.042735833674669,0.043696567416191,0.033313907682896,0.035950902849436,0.030549056828022,0.043207351118326,-0.037264958024025,-0.016895927488804,0.012295104563236,-0.021786823868752,-0.032567761838436,-5.2556439186446e-05,0.036255870014429,-0.0017989098560065,0.0044529638253152,0.041521456092596,0.01597610488534,0.033235128968954,0.0055617047473788,-0.031312886625528,0.02581775188446,0.0040654321201146,-0.010424708016217,-0.022510236129165,-0.012006280943751,-0.013027629815042,-0.036688055843115,0.0014088207390159,0.012326221913099,0.044949892908335,-0.025923233479261,0.013365041464567,-0.0056260363198817,-0.00041597409290262,-0.021936429664493,0.030409539118409,0.012839447706938,-0.00042825215496123,0.01668937690556,0.0073045836761594,0.0039647999219596,0.0086333574727178,0.017857763916254,-0.0051476894877851,-0.04929531365633,-0.031131917610765,-0.011135961860418,0.02261876501143,-0.0052997483871877,0.0093762595206499,0.013149440288544,0.030285939574242,0.040000386536121,0.017346596345305,0.0014488513115793,-0.026588831096888,0.030673133209348,0.030808549374342,-0.012237377464771,-0.028625406324863,0.027457010000944,-0.019834959879518,0.0094237932935357,-0.0082785729318857,-0.014275277964771,0.0092483758926392,-0.026299452409148,-0.0034216421190649,0.0012250548461452,-0.0045645739883184,-0.012364429421723,-0.010748568922281,-0.0019618177320808,-0.034018386155367,-0.0037682568654418,-0.0083841225132346,0.022855399176478,0.0096462089568377,0.057233668863773,0.0084407404065132,-0.035646587610245,0.00086721178377047,0.009095897898078,0.011830470524728,-0.0062808818183839,-0.019396064803004,-0.0028230105526745,-0.029719481244683,0.0039487662725151,0.013414762914181,0.015241698361933,-0.024397272616625,0.035110753029585,0.017647245898843,0.0017944524297491,0.0053919292986393,0.019891798496246,-0.028312144801021,-0.025770673528314,-0.015108844265342,-0.032436534762383,-0.011998469941318,-0.028645671904087,0.0091951740905643,-0.012933791615069,-0.023714302107692,0.003830349072814,0.026604866608977,-0.03659799695015,0.021315196529031,-0.00090979371452704,0.0059662400744855,-0.040866330265999,-0.010750053450465,0.013879936188459,-0.018553553149104,0.018793787807226,-0.036339588463306,-0.027401112020016,-0.0082394443452358,0.037108793854713,-0.023763472214341,0.028771953657269,0.018230475485325,0.043366957455873,-0.0031245402060449,0.0036940723657608,0.036186296492815,0.015618819743395,0.016707619652152,-0.016672622412443,0.035997446626425,0.0047025228850543,-0.036161117255688,0.0081036556512117,-0.036195307970047,-0.01514632627368,0.013945604674518,0.016306033357978,-0.015196236781776,-0.026108337566257,0.038434263318777,0.02768044359982,-0.0098135825246572,0.027638858184218,0.034921962767839,0.018926067277789,-0.028852159157395,-0.022235978394747,-0.023867277428508,0.015592285431921,-0.026279447600245,0.01404932141304,-0.0074216667562723,-0.027804762125015,0.029506929218769,0.02923790551722,0.02376876026392,-0.0026385698001832,-0.017377199605107,0.026224914938211,-0.031136391684413,0.0091834496706724,0.0378876067698,-0.00054806272964925,0.0068166977725923,-0.020696746185422,0.029734682291746,0.034239403903484,0.030239343643188,0.018700806424022,0.041639931499958,-0.026147393509746,-0.021608237177134,0.024212375283241,0.043240241706371,-0.035237092524767,0.042485941201448,-0.011693295091391,0.01761126704514,0.011652639135718,-0.03007516078651,-0.0013716847170144,-0.036140281707048,0.0053962115198374,0.013421373441815,-0.017287660390139,0.0048905252479017,0.00090837723109871,-0.019936461001635,-0.0013008179375902,-0.0051173781976104,-0.024899942800403,0.042445059865713,0.032873705029488,-0.0023304247297347,0.031377725303173,-0.026666462421417,-0.018198452889919,0.012277864851058,-0.012175009585917,-0.010683151893318,-0.030451392754912,0.015886560082436,0.011554129421711,-0.040061935782433,-0.012313448823988,0.0372559055686,-0.023238714784384,0.019725145772099,0.032507307827473,0.015686741098762,0.037333268672228,0.027582056820393,-0.035153336822987,-0.0079225851222873,-0.017082571983337,0.0015967770013958,0.003513777628541,-0.0030386575963348,0.028344862163067,-0.02055086940527,-0.0012567096855491,-0.031241398304701,-0.0028214263729751,-0.050631452351809,0.05125493183732,-0.0049443952739239,0.022296881303191,0.028295934200287,0.015131432563066,-0.0021547938231379,0.035379093140364,-0.0050328890793025,-0.032277505844831,-0.030832504853606,-0.028512654826045,0.012451395392418,-0.012780087068677,0.03899247571826,0.0058616353198886,0.0030396638903767,-0.0021425723098218,0.033451996743679,0.041864559054375,-0.019075406715274,-0.017441043630242,-0.00042090137139894,-0.035748865455389,-0.024268347769976,-0.018854327499866,0.013281296938658,0.0051831430755556,-0.014051866717637,-0.017442202195525,0.035124033689499,-0.0013743608724326,-0.010906614363194,-0.031872540712357,0.044356431812048,-0.010089356452227,-0.031569205224514,0.0034445191267878,-0.0051858900114894,-0.026614306494594,0.0053097219206393,0.029948908835649,0.03021539747715,-0.017253786325455,0.019157333299518,-0.015477918088436,-0.011395294219255,-0.0044339844025671,-0.025726886466146,0.0050550126470625,0.0013983094831929,-0.013737061060965,0.04667654633522,0.014039267785847,0.0046258084475994,0.024540496990085,0.023432677611709,-0.040729124099016,-0.019439723342657,0.023686744272709,0.045593790709972,0.029904110357165,0.0087969806045294,0.0017911250470206,-0.00015212317521218,0.011433760635555,-0.023991800844669,-0.011778464540839,0.056470170617104,0.026501590386033,-0.02378118224442,-0.0037171794101596,0.0043646870180964,-0.00087600399274379,0.011837936006486,-0.044782999902964,0.019568527117372,0.02520121075213,0.040396515280008,-0.01049670856446,-0.027051396667957,0.031627498567104,-0.0069436868652701,-0.028961427509785,0.017849883064628,0.0014602134469897,0.036394499242306,-0.03027312271297,-0.035310458391905,-5.7381002989132e-05,-0.01857846044004,0.026616608723998,0.011862376704812,0.012369574978948,0.030288904905319,0.042254403233528,0.024079276248813,0.008206294849515,0.022417325526476,0.054370902478695,-0.0097504248842597,-0.0037614027969539,-0.045244179666042,-0.024211414158344,-0.024677792564034,0.021138031035662,-0.015762591734529,-0.010829952545464,-0.033199924975634,-0.0078470781445503,-0.014284646138549,0.012262908741832,0.0066474829800427,-0.026412211358547,-0.018449049443007,0.020495200529695,-0.030070031061769,-0.0077894991263747,0.041676435619593,0.047713734209538,0.023715190589428,0.017249964177608,-0.017465906217694,0.0029841589275748,-0.015941793099046,-0.0013155464548618,0.021161248907447,-0.027368381619453,-0.030641738325357,-0.0087542422115803,0.031121220439672,-0.033469051122665,0.037463180720806,-0.00573640037328,-0.012491413392127,-0.04339537769556,0.023213999345899,0.017111597582698,-0.0025464496575296,-0.019561858847737,-0.0036835654173046,-0.0024882138241082,-0.026048811152577,-0.0066482429392636,-0.030811715871096,0.011199044063687,-0.02087839320302,0.0052700778469443,-0.025171266868711,-0.0081315655261278,0.031865660101175,0.029072836041451,-0.022119646891952,-0.025314753875136,0.033775586634874,0.036331314593554,0.034853845834732,0.025548318400979,-0.0073667201213539,0.018082836642861,-0.030457533895969,-0.051733836531639,-0.0095169693231583,-0.0013188505545259,-0.03718277066946,0.031232416629791,-0.03948912024498,-0.022627901285887,0.015872567892075,0.018576649948955,0.048448279500008,0.043170716613531,-0.0094909081235528,0.029221184551716,-0.0093732643872499,0.042508643120527,-0.00077804719330743,-0.004943463485688,0.004566581454128,0.041571907699108,0.02624386921525,0.0033676933962852,0.0074110277928412,0.0046140286140144,0.0066557480022311,0.018402155488729,-0.027925761416554,-0.0078181121498346,0.01012219209224,-0.0097824744880199,-0.0025225828867406,0.034559063613415,-0.017539829015732,0.0054606515914202,-0.015653939917684,0.0042412579059601,0.034156441688538,0.024209154769778,-0.03827303647995,0.030036769807339,0.062693029642105,0.013775519095361,0.036540843546391,-0.0068539967760444,0.02651846408844,0.030253915116191,-0.030357224866748,0.013523173518479,0.0085559245198965,-0.019425006583333,0.0040138335898519,0.051469773054123,0.010777276940644,-0.024369398131967,0.039716552942991,-0.0041365339420736,0.033440019935369,-0.0082057816907763,0.023741580545902,-0.032886505126953,0.030132791027427,-0.023850502446294,-0.013187593780458,0.016339629888535,0.0040017128922045,-0.021404450759292,-0.027483439072967,-0.0253840778023,-0.016484338790178,0.00038674299139529,0.0088755078613758,0.021224908530712,0.011375174857676,-0.014295300468802,0.015270409174263,0.00040500002796762,-0.0087644029408693,0.026970459148288,-0.0021032555960119,-0.014362682588398,-0.0028805597685277,0.031866915524006,0.028874840587378,0.035045512020588,0.011269469745457,0.0079127224162221,-0.033936209976673,-0.021293675526977,0.031805384904146,0.00022114132298157,0.0049875928089023,0.0045334259048104,-0.014295395463705,0.0059170322492719,0.0098559120669961,0.035111520439386,0.025849359109998,-0.0042918045073748,0.014867037534714,-0.029036723077297,0.046836119145155,0.0064693917520344,0.022560402750969,0.025693928822875,0.0071628987789154,-0.016526408493519,0.01052366103977,-0.039656210690737,-0.030651083216071,-0.0010957317426801,-0.009144457988441,0.023633548989892,0.017869407311082,0.023806137964129,0.023399475961924,-0.026409877464175,0.011223375797272,-0.019110908731818,0.014465052634478,0.013793081976473,0.035527374595404,-0.0013459206093103,-0.0026532388292253,0.024213548749685,-0.027648894116282,-0.016059959307313,-0.0059641622938216,-0.0041846451349556,0.0017429596045986,0.024829346686602,-0.0019432123517618,-0.023980133235455,0.042684394866228,0.00016184212290682,0.040649775415659,0.0069681806489825,0.037339940667152,-0.013602996245027,-0.0043308176100254,-0.0044639394618571,-0.029587337747216,0.048008043318987,0.0041070715524256,-0.0095640039071441,0.031380258500576,0.043587721884251,-0.033992525190115,-0.006068607326597,-0.03481312468648,-0.0097660040482879,0.0018568143714219,0.025914557278156,-0.044752564281225,-0.033877789974213,-0.014336802996695,-0.018932301551104,-0.0060644708573818,-0.0078249024227262,0.018430294468999,-0.033850513398647,0.025166528299451,0.0071858228184283,-0.038065064698458,0.044588673859835,-0.033124465495348,0.025403926149011,-0.00098475650884211,-0.0028422637842596,0.02251829393208,-0.010070701129735,0.031995978206396,0.025624871253967,-0.02275930531323,0.011140153743327,-0.022925892844796,-0.026744309812784,0.0092812404036522,-0.011276586912572,-0.03065431676805,0.010831324383616,0.016322931274772,-0.024730905890465,-0.036425597965717,0.0014775525778532,-0.0024131336249411,-0.028454115614295,-0.025663817301393,0.032487310469151,-0.028246708214283,-0.0094874948263168,0.016283079981804,-0.0012335348874331,0.066130742430687,-0.022525748237967,-0.013140928931534,0.026340531185269,-0.0076720518991351,-0.057006742805243,0.036368984729052,-0.027991989627481,0.0020272727124393,-0.016717409715056,0.022674778476357,-0.016254415735602,0.040050763636827,-0.0047226962633431,0.015560799278319,0.012050344608724,0.056644011288881,0.015878137201071,0.012264272198081,0.0016254641814157,-0.025961143895984,-0.02226684615016,-0.031930472701788,-0.022178148850799,0.0031791417859495,0.016562931239605,-0.027666267007589,0.055622234940529,0.025803044438362,0.0054788794368505,0.0093471230939031,0.0074384161271155,-0.014616568572819,0.031107293441892,-0.0126100666821,-0.030382310971618,0.0074319327250123,0.0070540453307331,0.0019564770627767,0.033289905637503,0.0014026385033503,-0.046781990677118,0.036657810211182,0.056926105171442,-0.024447599425912,0.017193136736751,-0.032319098711014,-0.017343178391457,-0.0023353218566626,0.021240592002869,-0.020632695406675,-0.011881040409207,0.024406982585788,-0.03175887838006,0.025740994140506,0.026130260899663,0.01655058003962,0.0051111462526023,0.013915653340518,0.013720231130719,0.013400493189692,-0.046547036617994,0.03443755209446,0.034322921186686,0.025091484189034,-0.020022200420499,-0.042356260120869,0.016121508553624,-0.007351519074291,0.036054626107216,-0.015042548067868,0.020576620474458,0.033966984599829,-0.034542120993137,0.029451670125127,0.024090303108096,-0.012164955958724,0.044792678207159,-0.016763582825661,-0.027751049026847,0.040902465581894,-0.027161998674273,0.03122235275805,-0.004154056776315,0.012689371593297,0.025829872116446,0.025923432782292,0.0077154608443379,0.01611072383821,0.046386785805225,-0.004291761200875,-0.013586610555649,0.009196674451232,-0.0095521230250597,-0.04178524389863,0.020855000242591,-0.0134003367275,0.01028825994581,-0.020160891115665,0.044521443545818,-0.040216099470854,-0.027409529313445,0.016196282580495,-0.01478807348758,-0.054998483508825,-0.025913821533322,-0.0012115342542529,-0.013033754192293,-0.029587388038635,0.0023252118844539,0.0086994925513864,0.0033800427336246,0.0099704237654805,0.0090686781331897,-0.015217890962958,0.003917392808944,0.020497994497418,-0.013803008943796,-0.024851957336068,-0.04830639064312,0.0070720743387938,0.024354593828321,-0.036000970751047,-0.048090372234583,0.022739466279745,-0.03148490563035,0.023439029231668,-0.022403495386243,-0.041606783866882,0.0097519755363464,0.0091098323464394,0.034842059016228,0.032966539263725,0.015366717241704,-0.0022856825962663,-0.012334953062236,-0.0029388046823442,-0.043240703642368,0.0019755277317017,0.010248740203679,-0.013067397288978,0.025999112054706,-0.021661832928658,0.011488025076687,-0.030630722641945,-0.049533933401108,0.028626864776015,-0.023695584386587,-0.019368959590793,0.0034113202709705,0.015186940319836,0.00037575230817311,-0.018104692921042,-0.050829786807299,-0.035493563860655,-0.017171990126371,0.042440712451935,0.012112718075514,-0.0080306110903621,0.045352261513472,-0.01606360077858,-0.014205042272806,0.014128561131656,0.019281677901745,-0.011935458518565,0.0016724846791476,-0.0066296025179327,0.0029539000242949,0.017794178798795,-0.010798438452184,-0.015994198620319,-0.00014559099508915,0.041642766445875,-0.013134328648448,-0.001844770507887,-0.040827415883541,-0.014316024258733,-0.019275655969977,0.056584063917398,-0.018619270995259,-0.021325647830963,0.023210069164634,-0.018378244712949,-0.0036122044548392,0.0031989633571357,0.034388653934002,-0.02525395154953,-0.004653207026422,0.023123554885387,0.019624073058367,0.028786648064852,-0.018209483474493,-0.020435588434339,-0.0098014185205102,0.027463499456644,0.016284124925733,0.028127398341894,-0.022074626758695,0.028816582635045,0.018520252779126,-0.032949216663837,-0.0081586176529527,-0.013931908644736,0.061190780252218,-0.0092419190332294,-0.017897162586451,-0.026221038773656,-0.053433082997799,-0.025362651795149,0.04599654302001,0.038703601807356,-0.010488850995898,0.03845976665616,0.038749419152737,0.0072461827658117,0.0025592150632292,0.044939007610083,0.00054603605531156,-0.0045621260069311,0.038048289716244,0.002364952582866,-0.013573571108282,-0.045654021203518,0.023869577795267,0.041613768786192,-0.048986651003361,0.0059063313528895,-0.03713159263134,-0.021509040147066,-0.010051244869828,-0.019873237237334,-0.040968626737595,0.0027481461875141,0.0034749591723084,-0.0062818909063935,0.00067686737747863,0.016029581427574,0.00060053804190829,-0.010044522583485,-0.0316745005548,0.019226660951972,-0.011810777708888,0.0069096330553293,0.024528220295906,0.022013109177351,0.0027861730195582,0.031207608059049,0.039181169122458,0.033779099583626,-0.029867263510823,0.067896977066994,-0.013264294713736,0.028950851410627,0.038064945489168,0.026782602071762,-0.015689041465521,-0.0052069490775466,0.022807817906141,-0.045231033116579,-0.031166162341833,0.025404890999198,0.036114539951086,-0.016445614397526,-0.02009186334908,0.0097076091915369,-0.021549614146352,-0.0093940049409866,-0.006398965138942,-0.032266449183226,-0.027290493249893,-0.0058580762706697,-0.013462102040648,-0.01203382294625,0.028798293322325,-0.052688088268042,-0.013983836397529,-0.030052235350013,0.017711022868752,-0.017116444185376,-0.044187128543854,0.031860496848822,0.02204379811883,-0.057389315217733,-0.01204985473305,0.022736664861441,0.021905530244112,0.060171857476234,0.034923009574413,-0.013283406384289,-0.036410413682461,0.022004155442119,-0.032833345234394,-0.06721019744873,-0.01716673374176,0.012203644029796,-0.024792140349746,-0.035948570817709,0.011165034025908,0.0091293537989259,0.013598348945379,0.0018266686238348,0.041893657296896,0.038874238729477,-0.0042560072615743,0.013945559039712,-0.016693564131856,0.021115075796843,-0.01035029347986,-0.011956173926592,0.054700009524822,0.018547438085079,0.022265426814556,-0.032779794186354,-0.0060818558558822,0.023318255320191,0.0049960240721703,-0.0099293068051338,0.068414524197578,0.018508952111006,-0.029960997402668,-0.044803220778704,-0.02906895801425,-0.0035107384901494,0.020519904792309,0.023047793656588,0.04013529419899,-0.0098862610757351,0.016442148014903,-0.034782771021128,0.036111820489168,-0.027302760630846,0.0061883572489023,0.037063490599394,0.024793557822704,-0.013257720507681,-0.02785611897707,-0.020277380943298,0.045769222080708,-0.028660457581282,-0.010083711706102,0.024731040000916,0.076765805482864,0.048037342727184,0.025472624227405,0.033291481435299,0.0099720302969217,-0.0160231590271,-0.034684207290411,-0.043448016047478,-0.026904096826911,0.0067393193021417,-0.003798714838922,-0.054487239569426,-0.024414379149675,0.023350059986115,-0.0069387177936733,0.051752667874098,0.029581250622869,-0.026294372975826,-0.0063521829433739,-0.021172853186727,-0.026259435340762,-0.0099311908707023,0.02516483142972,-0.020387632772326,0.02204349078238,0.01374742295593,-0.010645419359207,-0.033956948667765,-0.01524754986167,0.050729036331177,-0.022027591243386,-0.020846562460065,0.051334142684937,-0.02892891317606,0.028485292568803,-0.0097350543364882,0.023805841803551,0.010830362327397,0.032861921936274,0.00067974312696606,0.043075069785118,0.021640287712216,0.016949452459812,-0.025868877768517,0.079755216836929,-0.031395494937897,-0.01923256739974,0.017972189933062,0.0084929075092077,-0.00073316437192261,0.0082785785198212,-0.047792017459869,-0.014344606548548,-0.075175069272518,-0.02371421828866,-0.012861560098827,0.040440246462822,0.027527499943972,0.011425121687353,-0.016592500731349,-0.018530337139964,0.01605430431664,0.016902988776565,0.029889015480876,0.010852759703994,-0.064968556165695,-0.0098602250218391,-0.05416190251708,0.038628362119198,-0.041210390627384,-0.052859231829643,-0.012167438864708,0.013019282370806,0.0045374659821391,0.021545762196183,-0.017150968313217,0.0070911734364927,-0.036706231534481,0.0074093248695135,-0.029362998902798,0.028172610327601,0.01747109554708,-0.040586743503809,0.004176908172667,0.029491875320673,-0.02277041785419,0.0098014799878001,0.0048805377446115,-0.0071447929367423,0.021238919347525,0.034484546631575,-0.0072166817262769,0.044051606208086,-0.002229668200016,-0.0095252124592662,0.024181172251701,-0.0063288328237832,-0.035736404359341,-0.021680811420083,-0.045278061181307,-0.01359788980335,-0.032914008945227,-0.012090742588043,-0.044939119368792,0.018020037561655,0.053811632096767,0.015787867829204,0.045817870646715,-0.0072525576688349,-0.002839925698936,0.013015476986766,-0.021303115412593,-0.0048573138192296,-0.0073482077568769,0.027768865227699,0.020497864112258,0.028518253937364,0.027603590860963,-0.033745780587196,-0.0064346957951784,0.0087188920006156,-0.0086745172739029,0.0020169958006591,-0.034523151814938,-0.013407804071903,-0.025686584413052,-0.0086604999378324,-0.03138256072998,-0.0029682843014598,0.0048795058391988,0.029918184503913,-0.00031315718661062,0.017402535304427,-0.028511112555861,0.022458899766207,-0.027252320200205,0.024305300787091,-0.033110778778791,0.026469189673662,0.002468531485647,-0.012142805382609,0.026207884773612,-0.00806550309062,-0.014055416919291,-0.023453315719962,0.0057048560120165,-0.0078303022310138,0.0013456980232149,0.00015641037316527,0.0052911355160177,0.019913179799914,-0.022559139877558,0.032258570194244,-0.021446930244565,0.032277800142765,-0.0056052529253066,-0.023916391655803,0.019038174301386,0.002205568831414,0.033550199121237,-0.019476836547256,-0.027424627915025,0.0028368004132062,-0.036080945283175,0.036049328744411,0.020742624998093,-0.022127320989966,0.031618431210518,0.015448181889951,0.026643842458725,0.031414445489645,-0.02066489122808,-0.026988511905074,-0.0099371718242764,-0.026186812669039,-0.014163823798299,-0.012267611920834,0.013289104215801,0.00060344923986122,0.019462438300252,-0.0073741716332734,0.012726118788123,0.028312696143985,-0.025742631405592,0.027863739058375,-0.023359535261989,-0.0060035842470825,-0.022645685821772,-0.022820696234703,-0.029816187918186,-0.021581554785371,-0.026778429746628,-0.018536558374763,0.016555849462748,-5.9155645431019e-05,-0.0089887399226427,0.03510870039463,-0.0071969549171627,-0.032261651009321,-0.016198186203837,0.013665280304849,-0.022314727306366,-0.0083502968773246,-0.016729921102524,0.01740487664938,0.0059539498761296,-0.0034350166097283,0.021466299891472,0.024488991126418,0.032133780419827,0.010793748311698,0.0077659096568823,-0.017639374360442,-0.0087257418781519,-0.025581603869796,-0.0023162248544395,0.02121402695775,0.0075286985374987,0.03116587176919,0.0026476720813662,0.024205341935158,0.010215966030955,-0.033095885068178,0.019154168665409,-0.033513896167278,-0.033576488494873,0.03435043990612,0.0038407284300774,-0.026437629014254,-0.0035567835438997,-0.035494819283485,0.00098576967138797,0.011011905036867,-0.011060097254813,0.018363958224654,-0.028992485255003,0.001533935428597,0.013882265426219,0.034162119030952,0.017878135666251,-0.020346269011497,0.023488640785217,0.014240293763578,-0.034908190369606,0.0045033684000373,-0.035150077193975,-0.017326526343822,0.019789235666394,-0.0013452760176733,-0.027066417038441,-0.02671766653657,0.030020797625184,-0.035200707614422,-0.015024804510176,0.012956662103534,0.036543030291796,-0.0065221050754189,-0.0068099373020232,-0.0289206225425,-0.012027708813548,0.019472815096378,-0.024554051458836,0.027882918715477,-0.02739386819303,-0.0094050401821733,0.010604808107018,-0.031643152236938,0.010418311692774,0.010945686139166,-0.029056996107101,0.0057553350925446,-0.021089922636747,0.028447054326534,0.036379784345627,0.0094959177076817,-0.021309398114681,-0.016492459923029,0.0059459595941007,0.0076741888187826,0.0099927987903357,0.025043504312634,0.0039578308351338,0.030201679095626,0.0050055938772857,-0.028841100633144,-0.032727990299463,-0.008548891171813,-0.030058423057199,0.012928236275911,0.024673789739609,-0.033466156572104,-0.011055799201131,0.031947251409292,0.023037387058139,-0.031503450125456,-0.023976851254702,0.027089783921838,0.026160340756178,-0.015650538727641,0.027051143348217,0.022024109959602,0.0084344213828444,-0.003485488705337,0.027618248015642,-0.027228590101004,0.0040059499442577,-0.034357268363237,0.022381953895092,0.0064222612418234,-0.027380973100662,-0.011932510882616,0.0011691694380715,0.0050725406035781,0.0088420649990439,-0.00027768418658525,-0.0333356782794,0.011853471398354,-0.035916551947594,0.028103373944759,-0.0018856365932152,-0.028722258284688,0.012631113640964,0.029165642336011,-0.021198706701398,-0.0035813245922327,0.0086731798946857,0.0006122583290562,0.0059311990626156,0.011563191190362,-0.02076056972146,0.020827097818255,0.012287629768252,-0.033981539309025,-0.010572782717645,-0.021710393950343,0.0090138418599963,-0.028779380023479,-0.0025027662049979,-0.012764737941325,0.0014500679681078,-0.033342435956001,-0.016875348985195,0.0076564294286072,0.017607411369681,0.026789670810103,-0.028641741722822,-0.015747398138046,-0.034708172082901,0.010790260508657,-0.036115452647209,0.0075298980809748,0.0094770770519972,-0.015220704488456,-0.036401137709618,0.019390016794205,0.026585472747684,-0.036151017993689,-0.027960389852524,-0.0078755728900433,0.023729410022497,-0.033774711191654,-0.027957148849964,-0.0077918586321175,0.030197976157069,-0.0031598834320903,0.036916311830282,-0.0098623624071479,0.032495699822903,-0.0049372077919543,-0.011517490260303,-0.015705071389675,0.035508267581463,-0.0099149644374847,0.034284964203835,-0.013526292517781,0.0050273621454835,0.025613153353333,0.014850742183626,0.024957187473774,-0.036237731575966,0.022369714453816,-0.02020556665957,0.010095556266606,-0.0026794425211847,-0.024635931476951,-0.025288984179497,-0.032947033643723,-0.024445116519928,-0.0077876118011773,0.0035110167227685,0.018095422536135,-0.0054815011098981,-0.016449030488729,-0.0039278008043766,0.00053532043239102,-0.019590869545937,-0.0072714914567769,-0.0064160325564444,0.035504918545485,0.0095485895872116,0.037043727934361,-0.018899904564023,0.026483850553632,0.023659382015467,-0.033906582742929,0.011471188627183,-0.027910934761167,-0.0020064024720341,-0.033104863017797,-0.015287449583411,0.003761155763641,0.01507365051657,0.028199579566717,0.0011195329716429,0.00090014224406332,0.018585748970509,0.010315197519958,0.033970672637224,-0.035581089556217,0.034105144441128,0.010564286261797,0.013727474026382,-0.00012108988448745,-0.024200359359384,-0.010871226899326,0.023393282666802,0.034286752343178,-0.018618954345584,-0.021549087017775,-0.010664639063179,0.010121214203537,0.0036529412027448,-0.0086269760504365,0.030750710517168,-0.0024626876693219,0.034458018839359,0.0061483117751777,-0.026568159461021,-0.015472146682441,0.026840966194868,-0.023499023169279,0.026513833552599,0.0038678320124745,-0.013416795991361,0.031384211033583,0.0335358902812,-0.025760386139154,0.017928589135408,0.007187798153609,-0.0080070635303855,0.024404997006059,-0.010819176211953,-0.036540370434523,-0.03462391346693,0.026201395317912,-0.015152471140027,0.025485785678029,-0.020228061825037,0.02098017372191,-0.033342283219099,-0.0034326808527112,0.01104994956404,0.023570222780108,0.034963116049767,-0.017397662624717,0.016156522557139,-0.031934600323439,0.00020969730394427,-0.024540394544601,-0.017460245639086,-0.024520250037313,-0.0056848349049687,0.032068215310574,-0.027628503739834,-0.03127471357584,-0.015618707053363,0.01280686724931,0.016719235107303,-0.012260115705431,0.0049792774952948,0.0064284633845091,0.027325134724379,0.004835145547986,0.022288657724857,0.0016617333749309,0.026002729311585,0.028388377279043,0.0021114407572895,-0.0045583709143102,0.021302783861756,-0.011036816053092,0.028501980006695,0.02001329511404,-0.028795301914215,0.012124726548791,-0.028056509792805,0.020300006493926,-0.0080798305571079,0.011656788177788,-0.015799114480615,0.029088083654642,0.014263181947172,0.022782204672694,0.013549520634115,0.016588043421507,0.0059400107711554,-0.0230812150985,-0.033898163586855,-0.012909524142742,0.025944914668798,-0.025927979499102,-0.02562696672976,-0.011529386974871,-0.0088104046881199,-0.0062832743860781,-0.023671008646488,-0.03359205648303,0.033919610083103,0.0070209978148341,0.022987393662333,-0.033447917550802,0.00026511942269281,0.023900331929326,0.026276895776391,-0.035116780549288,-0.034169860184193,0.016076046973467,-0.0093302661553025,-0.0086020948365331,-0.022748650982976,0.023534655570984,-0.023853423073888,0.018865274265409,0.033072330057621,0.007121195551008,0.0048217391595244,0.034721758216619,0.0050406330265105,-0.010833763517439,-0.032883010804653,0.029061304405332,0.014687756076455,-0.002767053199932,-0.018505346029997,0.019055563956499,0.014611732214689,0.035370238125324,0.024432962760329,-0.035533554852009,0.036914519965649,-0.03277675062418,-0.019537150859833,0.0060220705345273,-0.020433431491256,0.035164907574654,-0.034153498709202,-0.027318878099322,-0.00060781079810113,0.0078182043507695,0.0017628604546189,-0.035908784717321,0.034778829663992,-0.011443877592683,-0.010257585905492,-0.029992289841175,-0.013872710056603,-0.018424874171615,0.018139379099011,-0.011650583706796,-0.0081573314964771,0.00040555332088843,-0.010159915313125,-0.034564506262541,-0.0053006513044238,-0.036759678274393,-0.02128372900188,0.036434274166822,0.0054437001235783,0.0077815884724259,-0.034321129322052,0.0098609048873186,-0.020994855090976,-0.022909870371222,-0.022872785106301,-0.0009542079642415,-0.0073369774036109,-0.00095273228362203,-0.016509683802724,0.03553482145071,-0.024011328816414,-0.015497897751629,-0.0096486462280154,0.010269519872963,-0.034307468682528,-0.01389242336154,0.017246222123504,0.016350047662854,-0.015795897692442,0.029945977032185,0.012894168496132,-0.027510983869433,0.014789377339184,-0.0034030161332339,0.030877500772476,0.00020042236428708,-0.034735850989819,-0.019742138683796,0.0111273387447,-0.022395459935069,-0.0039000543765724,0.0053555709309876,0.026447214186192,-7.7126969699748e-05,-0.0095990393310785,0.0326808989048,0.005926257930696,-0.024804474785924,-0.02131025493145,-0.012310957536101,-0.022967949509621,0.017467495054007,-0.00036462780553848,0.034355685114861,0.021426545456052,-0.032641716301441,-0.010944467969239,0.021227970719337,0.034846775233746,0.0082724215462804,0.034523233771324,-0.0318090505898,0.026627793908119,0.0098181655630469,0.033245492726564,0.020104387775064,-0.020519360899925,0.0018204072257504,-0.012017521075904,0.0012576401932165,0.03339384496212,0.022006269544363,0.0046116397716105,-0.016329793259501,-0.031871892511845,0.027478011325002,0.011402739211917,0.011204544454813,-0.02916837669909,0.011513105593622,0.0096126915886998,0.012676724232733,0.0082906661555171,0.02896405570209,-0.024471201002598,-0.0096364710479975,0.0039683850482106,0.036132279783487,-0.0040399073623121,-0.022498466074467,0.015274071134627,-0.016815776005387,0.024886980652809,0.034362234175205,0.01855443790555,0.018556216731668,-0.018195146694779,-0.015132835134864,-0.015198012813926,-0.035165887326002,-0.023436265066266,0.020830186083913,0.0041209040209651,-0.018075559288263,-0.034729354083538,0.019559362903237,-0.027762815356255,0.0023255569394678,0.0063952659256756,0.023996843025088,-0.014852507971227,0.013761549256742,0.035414837300777,-0.0030246307142079,0.027023382484913,-0.011404789984226,0.012064713984728,-0.023745771497488,0.019736584275961,0.019701074808836,0.0020975042134523,0.014800367876887,0.034315180033445,0.0107875270769,0.024248948320746,0.00098959368187934,-0.022206004709005,0.014565118588507,-0.0034083083737642,-0.015165901742876,0.0033935878891498,-0.0071699949912727,-0.014912829734385,-0.020647171884775,0.0016629419988021,-0.0064614363946021,0.035095199942589,0.036778748035431,-0.013929879292846,0.016667814925313,0.0073142126202583,-0.0042754523456097,0.002891686046496,-0.034079328179359,0.036810427904129,-0.020984295755625,0.0061045335605741,0.00030625361250713,0.025481466203928,0.0096862968057394,0.029228407889605,-0.018782800063491,0.021257173269987,0.01096685603261,0.018755732104182,0.0033448552712798,0.029750408604741,-0.011190893128514,0.028839483857155,-0.018973605707288,-0.022736961022019,0.02981641702354,-0.030649883672595,-0.024418517947197,-0.020110653713346,-0.030852612107992,-0.0018830090994015,0.012205635197461,0.0036931864451617,-0.011746651493013,0.035711575299501,0.024362334981561,0.0010821421165019,0.016552044078708,-0.0028010390233248,0.019008532166481,-0.0060569802299142,0.021234642714262,-0.020261825993657,-0.01751983910799,0.0097659025341272,0.030969966202974,0.01391574088484,0.030101558193564,0.0094322469085455,-0.034527432173491,-0.022539224475622,0.035331331193447,-0.010781554505229,0.014211182482541,0.024022376164794,-0.0038962990511209,-0.0067619383335114,0.020484136417508,-0.00054929731413722,0.013632169924676,-0.0063180569559336,-0.018072040751576,-0.002443608827889,0.018569339066744,0.0062148235738277,-0.033331923186779,-0.019126377999783,0.0080987364053726,0.017548406496644,0.015705671161413,0.025951104238629,-0.011377026326954,0.015196038410068,-0.022751385346055,0.019321113824844,0.014007518067956,0.033944774419069,-0.020339945331216,-0.013765025883913,0.036228533834219,0.024363255128264,-0.016766969114542,0.031492538750172,0.0097996024414897,-0.016227645799518,0.028017660602927,0.0047095352783799,-0.027342326939106,0.031685039401054,-0.0022283429279923,-0.016274407505989,0.013508411124349,-0.012606679461896,0.028346953913569,-0.014705928042531,0.010437295772135,0.01779087819159,0.00051093520596623,-0.0023421286605299,0.025647519156337,0.006605866830796,0.028615582734346,-0.035403039306402,0.031947042793036,-0.0018559248419479,0.034048657864332,-0.016142517328262,-0.035373955965042,-0.030129015445709,-0.013175006955862,-0.023151213303208,0.019404271617532,0.026178237050772,0.013161854818463,-0.0046711429022253,0.033672224730253,0.035234648734331,-0.015285550616682,-0.020591279491782,0.018031818792224,-0.037014704197645,-0.020275501534343,-0.0028415923006833,0.022360276430845,0.036353901028633,-0.0020235667470843,0.0040584346279502,-0.016708979383111,0.017669668421149,0.033187329769135,-0.0059896474704146,0.014375014230609,0.026234529912472,0.010402254760265,0.016344474628568,-0.009802401997149,0.028796346858144,0.024426443502307,-0.03104829788208,0.029839392751455,0.0070876786485314,0.0047904029488564,0.020149825140834,0.042918518185616,-0.045042540878057,-0.0220260117203,-0.034417014569044,-0.0061649708077312,-0.02266682498157,-0.014768994413316,0.0034756173845381,-0.028663529083133,-0.0081123886629939,3.6865534639219e-05,-0.011568672023714,0.013133991509676,0.0078252404928207,-0.036107245832682,-0.038647446781397,0.020122893154621,-0.015081072226167,-0.005895187612623,-0.029574155807495,0.01750754751265,-0.01854077167809,-0.021535255014896,-0.022464664652944,0.029986819252372,-0.0090414024889469,0.013740720227361,0.01984291523695,-0.043547809123993,0.014933624304831,-0.00662203412503,0.0087572103366256,0.0074095064774156,-0.0040493318811059,0.021835759282112,-0.0018013149965554,0.027652649208903,0.00099665904417634,0.011796207167208,0.0062123956158757,0.029745979234576,0.025401847437024,-0.0032463946845382,0.06304045766592,0.032807122915983,-0.017915358766913,-0.020849691703916,0.014661551453173,0.012194995768368,0.026447853073478,-0.010626990348101,-0.00081433221930638,-0.023063130676746,0.0054234736599028,0.012871847487986,-0.00092394067905843,0.032003648579121,-0.024020176380873,-0.019617015495896,0.011212626472116,-0.02038324996829,-0.0082304263487458,0.01350007019937,-0.0215252507478,0.0092858728021383,0.0087167304009199,-0.029694633558393,-0.019496515393257,0.0083592608571053,-0.010667312890291,-0.027877742424607,-0.020865585654974,-0.021964268758893,0.005234036128968,0.024468924850225,-0.016178790479898,-0.0090946964919567,0.026698345318437,0.01243366394192,0.013974565081298,0.015352667309344,0.036410603672266,-0.0046595144085586,0.012051995843649,-0.025074448436499,0.032806124538183,-0.012694954872131,0.037988089025021,0.026163026690483,-0.033439893275499,0.030360816046596,0.018588349223137,0.019874250516295,-0.017017202451825,0.012910829856992,-0.010631505399942,-0.011489413678646,0.026674060150981,-0.0092889992520213,-0.022625857964158,-0.016883777454495,0.033446051180363,-0.015245812945068,-0.033432118594646,-0.0016298802802339,-0.0063142129220068,0.0047566592693329,-0.027250876650214,0.014297556132078,-0.023715935647488,0.027323516085744,0.0062619657255709,-0.021603763103485,0.026702841743827,0.014311065897346,-0.029143042862415,0.023526333272457,-0.0065091252326965,0.012581598013639,-0.011527437716722,0.03384867683053,0.010153436101973,0.025425935164094,0.030982406809926,-0.041169423609972,0.024749903008342,-0.030651735141873,-0.0096568837761879,0.013614827767015,0.031674094498158,0.0058091259561479,0.031559579074383,-0.0038205881137401,0.0063719414174557,-0.038870871067047,-0.023957761004567,-0.0096354642882943,0.0011923891725019,0.0038647728506476,0.014411288313568,-0.019025342538953,-0.035026501864195,-0.034981973469257,0.024179141968489,-0.021654047071934,0.034168839454651,0.01694456115365,-0.018412543460727,-0.03593859449029,0.013140182942152,-0.02361511439085,0.0058375969529152,-0.017582196742296,0.030980894342065,-0.020566686987877,-0.018879281356931,0.014102526009083,-0.018835466355085,0.039485108107328,-0.029673159122467,0.038932513445616,-0.007001003716141,0.021298436447978,-0.0089757898822427,-0.022290285676718,0.011043731123209,0.03829213604331,0.023394819349051,0.0042544472962618,-0.027899133041501,0.023489315062761,-0.021746462211013,0.034570537507534,0.042973879724741,0.028538588434458,-0.0046592280268669,0.0042463727295399,0.003620746312663,0.027695626020432,-0.02551307156682,0.042542211711407,0.0034219142980874,-0.037878133356571,-0.0012981203617528,0.0074909334070981,0.018984962254763,0.012064254842699,-0.0065378490835428,-0.0087960939854383,0.0091906059533358,-0.024176837876439,0.0088731413707137,0.0018279760843143,-0.012915461324155,-0.031893540173769,0.015699379146099,0.036028441041708,-0.016146313399076,0.038990430533886,-0.0030648615211248,-0.015988420695066,0.013433517888188,-0.023801054805517,0.032930519431829,-0.018058300018311,-0.0046900701709092,0.015661410987377,-0.028981534764171,-0.0021864257287234,0.0098302885890007,-0.0035411396529526,0.0074210977181792,0.0010240005794913,-0.033158056437969,0.034738782793283,-0.014676098711789,-0.0013685317244381,0.01067600864917,0.030850823968649,-0.0092034135013819,-0.020699094980955,-0.02500487677753,-0.0014110580086708,0.024207483977079,0.01407996378839,-0.00010779915464809,-0.0046639963984489,0.020400069653988,-0.010990373790264,0.026853794232011,-0.0086665693670511,-0.012186166830361,-0.019174687564373,-0.02824336849153,-0.041864857077599,0.0008244306081906,0.039036393165588,-0.0035556561779231,-0.0068965568207204,-0.0090743321925402,0.035595774650574,0.012531700544059,0.00058075075503439,-0.013060042634606,-0.020197929814458,-0.032144747674465,-0.033043548464775,-0.021352848038077,0.010787910781801,0.02914691157639,0.049726139754057,-0.019308682531118,-0.0050013358704746,-0.018821980804205,0.041069660335779,-0.010611054487526,-0.014362804591656,0.014723349362612,0.01096900459379,0.026891538873315,0.031662549823523,0.0075920722447336,0.030644306913018,-0.0046949088573456,0.026144370436668,-0.029743826016784,-0.002903513610363,0.0013332937378436,-0.012908812612295,-0.032172434031963,0.033553209155798,0.0029343969654292,-0.021355301141739,-0.016305349767208,-0.021094204857945,0.013291967101395,-0.023921551182866,-0.028825458139181,0.01871277205646,0.010328284464777,-0.0090641221031547,0.030873393639922,-0.021989453583956,-0.038682110607624,0.029753688722849,-0.015978233888745,0.00027963059255853,0.025893243029714,0.03531863167882,0.029046718031168,-0.014964525587857,0.025996526703238,0.024277523159981,-0.022011023014784,0.022889219224453,-0.028316276147962,0.020990816876292,0.0065180938690901,0.00098382087890059,0.0096277398988605,0.026769572868943,-0.011883319355547,-0.0015708424616605,0.037734247744083,0.027942674234509,-0.02208324894309,0.028688609600067,0.020952370017767,0.022521745413542,-0.018682241439819,0.020905556157231,0.027842821553349,-0.024322977289557,0.0080359131097794,0.026369798928499,-0.048800647258759,0.034796874970198,0.0018929518992081,-0.02293692342937,0.037682138383389,0.02821784093976,-0.02457744255662,-0.025415690615773,0.025576205924153,-0.022717531770468,-0.032454069703817,0.021299855783582,-0.015166662633419,-0.01188036147505,0.023213701322675,0.025714952498674,0.012373472563922,0.035628605633974,-0.021402945742011,0.01904789917171,0.03727088496089,-0.011335692368448,-0.006501539144665,0.025905357673764,0.011141111142933,-0.021118322387338,0.027343293651938,-0.021019354462624,-0.027460161596537,0.022544836625457,-7.0187139499467e-05,0.027015075087547,0.0088193351402879,-0.0051009133458138,0.012284634634852,0.026977570727468,0.01391829084605,0.020278982818127,0.02740864828229,0.035490710288286,0.0020542007405311,0.001016010879539,0.0090396115556359,0.018760485574603,-0.0088113155215979,0.0024133520200849,-0.018819332122803,-0.002468338701874,-0.041925556957722,0.013211391866207,0.0019670235924423,0.0018935390980914,0.023284666240215,0.032587103545666,-0.039378900080919,-0.0043620700016618,-0.0071343034505844,0.02330238185823,-0.022346064448357,0.010535924695432,-0.0096144508570433,0.023379078134894,0.03241004794836,-0.027259023860097,0.025897292420268,-0.020764742046595,0.0012115146964788,0.02299247123301,0.0044731185771525,0.0077769295312464,-0.03838387876749,0.0047452603466809,0.055960066616535,0.035124495625496,-0.0026694936677814,-0.019682671874762,0.01142949424684,-0.01023771148175,0.02012999728322,-0.015444084070623,0.03790421038866,-0.028876332566142,-0.011644305661321,0.0086932135745883,-0.0043157069012523,0.0062681189738214,-0.065939985215664,0.0013834097189829,0.023124717175961,-0.013711897656322,-0.012694649398327,-0.026545019820333,0.0070555158890784,0.01967016607523,-0.0059977760538459,0.0044436636380851,0.024751288816333,-0.028714230284095,0.023027596995234,0.02655616402626,0.012976201251149,0.019298328086734,0.039095003157854,0.015603821724653,-0.01105874683708,0.01610835455358,-0.030395984649658,-0.0048381481319666,-0.051780268549919,-0.027130126953125,0.039809193462133,0.024131366983056,-0.025468541309237,-0.014958821237087,0.025559805333614,-0.030781004577875,0.021381083875895,-0.005197623744607,-0.0029111751355231,-0.02762952260673,0.0013655585935339,-0.0030097241979092,-0.027635034173727,-0.0076581994071603,-0.025989517569542,-0.00089289271272719,-0.019928285852075,-0.027584094554186,0.014857755973935,-0.042140547186136,0.014886029064655,-0.0039400844834745,-0.0063944607973099,-0.028002880513668,0.017806204035878,-0.0035988283343613,0.0325334854424,0.016933469101787,-0.0089562777429819,0.04286715015769,-0.0046487557701766,0.014501051045954,0.020617263391614,-0.026708988472819,0.0041944235563278,-0.0045815808698535,-0.012081786990166,-0.035182379186153,-0.009409224614501,-0.0058663417585194,0.0070930644869804,-0.0070277680642903,0.011127691715956,-0.028344271704555,-0.00067156925797462,-0.040962107479572,-0.01978206820786,-0.025339592248201,1.8274977264809e-05,0.010548323392868,-0.011984808370471,-0.04678800329566,0.032481998205185,0.045906655490398,-0.054860785603523,-0.028942544013262,0.027645599097013,-0.021003322675824,0.027882501482964,-0.039019398391247,0.015576139092445,-0.032489702105522,0.013151211664081,0.039291046559811,0.00063652032986283,0.020997859537601,0.0093125216662884,0.035424329340458,-0.0086186099797487,0.028677862137556,-0.010494440793991,-0.022588973864913,-0.01223405636847,-0.025815570726991,-0.018229529261589,-0.013783029280603,0.01828801445663,0.023739131167531,0.03632441163063,0.010274541564286,0.023688871413469,-0.0013880763435736,-0.030211132019758,-0.021468251943588,-0.023819021880627,-0.034374609589577,-0.0074005355127156,-0.0062251007184386,0.040441617369652,0.019929099828005,0.0082896444946527,0.034660376608372,-0.031878363341093,-0.032015006989241,-0.0031521725468338,0.012857822701335,-0.0019800844602287,-0.010560896247625,-0.054117068648338,-0.019792411476374,-0.0085610337555408,-0.027262954041362,-0.055951040238142,-0.035690024495125,-0.035947501659393,-0.021414529532194,-0.03091405518353,-0.015174600295722,-0.019307985901833,-0.026915801689029,0.017641084268689,-0.057046920061111,0.040283590555191,0.0086007853969932,0.0025234585627913,0.011488365009427,0.016252268105745,0.033802092075348,-0.033809348940849,0.0052402797155082,0.027979377657175,0.056576676666737,0.0034422075841576,0.0352423787117,0.040509052574635,-0.029963022097945,-0.052227705717087,0.047337379306555,-0.027210934087634,0.029657764360309,0.030596192926168,0.02569917589426,0.02049732580781,-0.0045509785413742,0.021475663408637,0.0086874114349484,0.049860171973705,-0.028951181098819,-0.0075275744311512,0.01004193443805,0.0096757393330336,0.020311305299401,-0.011735930107534,0.019299177452922,-0.0061950907111168,-0.020403327420354,-0.016664201393723,-0.010318601503968,0.017118150368333,-0.01698487251997,-0.029718372970819,0.012850974686444,-0.020735530182719,-0.01208793092519,-0.018161164596677,0.015393886715174,-0.049304734915495,-0.024870818480849,-0.036177303642035,-0.016305474564433,0.0045104790478945,-0.022608356550336,-0.0085484925657511,-0.020309465005994,-0.024256540462375,0.051950488239527,0.0085871443152428,-0.010762403719127,0.010760506615043,-0.0066482611000538,-0.0027348774019629,-0.015052107162774,0.00064463727176189,0.002433922374621,0.0032910304144025,0.035651579499245,-0.026906456798315,-0.018635174259543,-0.011641463264823,-0.016464978456497,-0.021434361115098,0.029008891433477,0.0065717338584363,-0.007096054032445,0.041150067001581,-0.011428389698267,-0.023086868226528,-0.0030946964398026,-0.058572541922331,-0.019983196631074,-0.0046565574593842,0.012483347207308,-0.027728987857699,0.033838588744402,0.01486356370151,-0.045417357236147,-0.012085620313883,0.0025067564565688,0.027916893362999,-0.037961825728416,0.0064970492385328,0.033826909959316,-0.021940911188722,0.036476362496614,-0.037590317428112,0.03586932644248,-0.013693596236408,-0.043155815452337,-0.031897600740194,-0.014104655012488,0.016123192384839,0.0069271083921194,-0.029139321297407,0.022242415696383,-0.081443674862385,0.049490787088871,-0.01343802921474,-0.0070764324627817,0.015840750187635,-0.013543023727834,-0.0026006393600255,-0.022855008020997,0.0041709784418344,0.0050809946842492,0.017055997624993,0.0022819926962256,0.026765991002321,0.0062013594433665,0.014009033329785,0.004171862732619,0.0061324783600867,-0.0099465306848288,0.019487790763378,-0.0035070257727057,0.0019082889193669,-0.0064213247969747,-0.031125882640481,0.028210958465934,-0.021082054823637,-0.034491825848818,-0.012347335927188,0.0046534794382751,0.038656610995531,-0.03438713401556,0.026886958628893,-0.014901143498719,0.020233919844031,0.034433592110872,0.037749987095594,0.028466185554862,0.0031624343246222,0.030512528494,0.026975326240063,0.013876776210964,-0.0030189475510269,0.00021884599118493,-0.020839061588049,0.011984586715698,-0.033836424350739,-0.023095740005374,0.012543436139822,-0.025479136034846,0.012314500287175,0.034269072115421,0.029224570840597,0.023281926289201,-0.020056998357177,-0.0063491938635707,0.00059204769786447,0.02980413287878,-0.044022459536791,-0.0043495818972588,0.020838622003794,0.017082551494241,-0.011624839156866,0.022783488035202,0.0056024584919214,-0.011905200779438,-0.022326154634356,0.0018130565294996,0.00092924229102209,-0.029118873178959,-0.01111503969878,-0.021661046892405,0.030988296493888,0.032843932509422,0.0091993706300855,0.044997371733189,0.037406079471111,0.028941774740815,-0.025327188894153,-0.031791273504496,0.0079027051106095,0.010070866905153,-0.020140822976828,-0.01949505880475,0.05975803360343,-0.01537459064275,0.028440045192838,-0.022361634299159,-0.0024299039505422,0.02336067520082,0.047371115535498,0.026311313733459,0.025836791843176,0.029320728033781,0.021987853571773,0.02225499600172,0.019948437809944,-0.0087351631373167,0.042696416378021,0.018410801887512,0.00530901318416,0.013746093027294,-0.030019905418158,0.022508878260851,0.0013107937993482,-0.031559977680445,-0.0058041489683092,-0.018513686954975,0.011996450833976,0.013121189549565,0.018510648980737,-0.013810255564749,0.020195513963699,0.021354762837291,-0.029153218492866,0.036136351525784,-0.023187264800072,0.017093144357204,-0.029748989269137,0.028212295845151,0.033718708902597,-0.010635766200721,0.017520179972053,0.0079048657789826,0.038005899637938,0.044460956007242,0.016680307686329,-0.016464637592435,0.0048781307414174,0.0066155330277979,-0.023008864372969,0.0013895948650315,0.017109975218773,0.053088616579771,0.021554440259933,0.017448389902711,-0.024630913510919,-0.020945241674781,-0.0018866519676521,0.032428573817015,-0.019046666100621,-0.02755706384778,0.044646639376879,-0.029450228437781,-0.029558781534433,0.012708803638816,0.043750267475843,-0.017026895657182,0.0027361689135432,-0.035356510430574,0.019055403769016,-0.0055757011286914,-0.036027152091265,0.025159757584333,0.0053236451931298,-0.0086535653099418,-0.023105001077056,-0.004320302978158,-0.011211371980608,-0.0053349435329437,-0.0077485512010753,0.0079819923266768,-0.027032542973757,-0.0098076844587922,0.005199259147048,0.0098852980881929,-0.051711369305849,0.009930582717061,-0.020525578409433,0.013536806218326,0.012475829571486,-0.0334437713027,0.015485983341932,0.029735431075096,0.025664635002613,-0.0021213886793703,0.0024281041696668,-0.0011699248570949,0.028023097664118,-0.033333268016577,-0.016372794285417,0.010338922031224,0.037021823227406,0.018417647108436,-0.019331019371748,-0.037459287792444,0.0062541458755732,-0.011765818111598,0.0027170188259333,-0.037271197885275,-0.0027206181548536,0.0097534600645304,-0.036848966032267,0.028618732467294,-0.050446398556232,0.011415825225413,0.023099340498447,-0.0067668352276087,-0.026483692228794,-0.016272516921163,0.035505812615156,0.033680360764265,0.031915813684464,-0.013557364232838,0.016577191650867,-0.016590517014265,0.017784943804145,-0.014412309043109,0.017799349501729,0.022165028378367,-0.019113866612315,-0.010273789986968,0.0045056254602969,0.042168542742729,-0.017254661768675,-0.033234246075153,-0.014810715802014,-0.046167761087418,0.0092787137255073,0.024561628699303,-0.01966143772006,0.016979517415166,0.0035921186208725,-0.012763658538461,0.020177004858851,-0.017051979899406,0.042257335036993,-0.046198092401028,0.04264348372817,-0.0018266069237143,-0.012066547758877,-0.026060154661536,0.0308877825737,0.0045159291476011,-0.0042552105151117,-0.026395982131362,0.027978556230664,0.011372891254723,-0.0024131562095135,-0.023397022858262,0.0074668074958026,-0.02361086755991,0.027667094022036,-0.0086785107851028,0.016293214634061,-0.00068797334097326,0.014696402475238,0.024891704320908,-0.052670560777187,-0.0047248448245227,-0.051405373960733,-0.024786308407784,0.013686578720808,-0.00058247923152521,-0.012093111872673,0.029443480074406,0.0010110443690792,-0.030757872387767,0.0086321430280805,-0.0042454777285457,-0.048184745013714,-0.035992752760649,0.032516982406378,0.034726645797491,-0.0096209701150656,0.00590217160061,-0.044173505157232,-0.026486519724131,0.039609402418137,-0.007055479567498,-0.027388490736485,0.014894127845764,-0.051670491695404,-0.0088109914213419,-0.0087690148502588,0.011401303112507,-0.041866548359394,-0.052602376788855,-0.024148410186172,0.005524274893105,0.0086111538112164,-0.035609558224678,0.027117412537336,0.00012411604984663,0.018155401572585,0.034325089305639,0.042375531047583,-0.0072632012888789,0.023040702566504,-0.029057899489999,0.019570145756006,0.01959515362978,-0.016449257731438,0.021446697413921,0.00084368110401556,0.029750196263194,0.010591007769108,0.013117170892656,0.00465252622962,-0.0089234421029687,0.023673787713051,-0.028472729027271,0.012869590893388,0.041646335273981,0.0037858898285776,-0.028707221150398,0.0034940445329994,-0.027877163141966,-0.013839282095432,-0.023494405671954,0.01815652474761,-0.0082765659317374,0.012829565443099,0.0035407005343586,-0.032729919999838,0.016274319961667,0.034095205366611,-0.0030743542592973,0.01955077983439,0.020443513989449,0.019745966419578,0.049491848796606,-0.0085135959088802,-0.013113354332745,-0.023905890062451,-0.034904643893242,-0.0075249960646033,0.0077087385579944,0.018182590603828,0.035077970474958,-0.051756583154202,0.0014070835895836,-0.040783375501633,-0.0076885083690286,-0.026183197274804,-0.0022858260199428,0.00092894415138289,-0.010640691965818,-0.016746416687965,-0.029258562251925,-0.028636721894145,-0.020270682871342,-0.00055651343427598,-0.021981319412589,-0.025962606072426,0.010375121608377,0.016411010175943,-0.01424234174192,-0.010453740134835,0.018805798143148,-0.00082403240958229,-0.015044420026243,0.030250081792474,0.021722124889493,0.029926450923085,0.037542078644037,-0.0073200720362365,0.032943602651358,-0.021394861862063,0.0067715807817876,-0.035576235502958,0.024087863042951,-0.01064230594784,-0.0062158075161278,-0.033496171236038,0.00070047989720479,0.01555806118995,-0.022485939785838,-0.027102528139949,0.01379662938416,0.016812263056636,0.037013109773397,-0.01692521199584,-0.017422806471586,0.011812516488135,-0.0065484377555549,-0.029462633654475,0.028916027396917,-0.0014482692349702,-0.0070497635751963,0.035268776118755,0.020312460139394,0.00060612201923504,0.01712186448276,-0.023318955674767,-0.0084982262924314,-0.028500284999609,0.026582723483443,-0.019152410328388,0.012184558436275,0.014431797899306,-0.0020170980133116,-0.019411025568843,0.029327673837543,-0.047415129840374,-0.019698554649949,-0.026209263131022,0.0012224218808115,-0.054765786975622,-0.029673585668206,0.044165909290314,0.0097585441544652,0.015951253473759,-0.011440519243479,0.018830735236406,-0.025891222059727,0.0043590888381004,-0.038017682731152,-0.0040276371873915,-0.022362364456058,-0.017651161178946,0.032820358872414,0.055716898292303,-0.028759393841028,0.019612768664956,0.028244474902749,-0.039779406040907,-0.037824384868145,0.0049863997846842,0.043992433696985,0.025584165006876,-0.0098665431141853,-0.062736980617046,0.0061872350051999,-0.037632942199707,-0.038459826260805,0.021339518949389,0.034874960780144,0.02226441912353,0.0076206107623875,-0.025460930541158,0.028734751045704,-0.033550396561623,-0.042471934109926,0.024269020184875,-0.0002760321367532,-0.021503020077944,-0.031122976914048,0.062396295368671,0.024543160572648,-0.011746314354241,0.0054942769929767,-0.03010961227119,0.02707152813673,0.031676970422268,0.039803296327591,-0.013725896365941,-0.0025585971307009,0.027781814336777,-0.0035309395752847,0.0066469418816268,-0.027064297348261,0.011819378472865,-0.0067227063700557,-0.036777153611183,-0.0034480895847082,-0.027644969522953,0.036515183746815,-0.014844893477857,-0.028264332562685,-0.00062546937260777,0.0067415894009173,0.0018443906446919,-0.03025378100574,-0.010619685053825,-0.016970930621028,0.0085611771792173,0.00099305785261095,0.026847835630178,-0.034660328179598,-0.037467543035746,0.0077268909662962,-0.022768689319491,0.04285591468215,-0.026377690955997,0.02044215798378,-0.033615536987782,0.023778531700373,-0.0096282158046961,0.026108792051673,-0.0088959829881787,0.011890918947756,0.039449028670788,-0.025534009560943,-0.10882662981749,-0.011357579380274,0.027525851503015,0.02823674492538,-0.030251523479819,-0.041093654930592,0.0075148395262659,-0.019840002059937,-0.011544234119356,-0.010889751836658,0.0059449882246554,-0.0044160522520542,0.01330250967294,0.020477348938584,0.094029165804386,-0.037931844592094,-0.026809606701136,-0.0016040975460783,-0.0054074893705547,0.0045770495198667,0.0080060744658113,-0.049496736377478,-0.0042662960477173,0.0031984797678888,-0.011212385259569,0.018190937116742,-0.041273679584265,-0.052963081747293,-0.015340386889875,0.018795261159539,-0.060460768640041,-0.032871346920729,-0.052765123546124,0.0024050793144852,0.0040071569383144,0.0046824654564261,-0.044360622763634,-0.027187049388885,0.0028603866230696,-0.029844643548131,0.055154033005238,0.012950430624187,-0.022113099694252,-0.018376654013991,-0.03221433237195,-0.024738997220993,-0.010193047113717,0.028697900474072,-0.03501258045435,-0.0058064134791493,-0.037901282310486,0.0097297225147486,-0.00061256001936272,-0.040917068719864,-0.030020009726286,-0.029722837731242,-0.045706499367952,0.018109448254108,0.032607853412628,-0.021921053528786,0.018377382308245,-0.0075801969505847,-0.042324662208557,-0.068379737436771,0.025008955970407,0.028437597677112,-0.045251294970512,0.037477664649487,0.033888198435307,-0.086933173239231,-0.036363236606121,0.043052691966295,0.0079127196222544,0.010953549295664,-0.0298136100173,-0.058938667178154,0.0029689355287701,0.031764980405569,0.0082836067304015,-0.0092839319258928,0.020973218604922,-0.010824535042048,-0.026916101574898,-0.01525426004082,0.036725103855133,0.012884312309325,-0.051853954792023,0.011753332801163,-0.014533681795001,0.013575124554336,-0.0072887726128101,-0.047584865242243,0.0420429892838,-0.014671001583338,0.060934081673622,-0.015312540344894,-0.030831107869744,0.038570046424866,0.0048012360930443,0.018214976415038,-0.02142552100122,-0.036752376705408,-0.015181115828454,-0.022854655981064,-0.026288541033864,-0.037759371101856,-0.017257306724787,-0.0051426202990115,0.039931856095791,-0.02548055909574,-0.031418222934008,0.020670596510172,0.014646111987531,0.014842047356069,-0.022238679230213,0.036854345351458,0.022033620625734,-0.029754308983684,-0.011031313799322,0.026772901415825,0.0077506327070296,0.022068984806538,-0.011314822360873,0.050977919250727,-0.033705398440361,0.041731912642717,-0.014083897694945,0.034967627376318,-0.039100665599108,-0.0053173964843154,-0.055470336228609,0.02116822078824,-0.043351031839848,-0.0023840561043471,0.0010525957914069,0.013024651445448,-0.021627018228173,-0.021642740815878,0.061538852751255,-0.0084088910371065,0.032615657895803,-0.024774819612503,0.044229716062546,-0.039917875081301,0.057896301150322,-0.035164348781109,-0.017726846039295,0.078637205064297,-0.018005648627877,0.024479355663061,0.0036635196302086,-0.0050174430944026,-0.011549009010196,0.028518287464976,0.021410215646029,-0.019057417288423,0.019396383315325,0.0072284415364265,0.0060081318952143,0.032474704086781,0.033843029290438,-0.0063959686085582,0.027236877009273,0.054170772433281,0.005542634986341,-0.024924818426371,0.049511663615704,-0.00084698636783287,0.067995965480804,-0.047608077526093,-0.022468332201242,0.02974596247077,0.065395779907703,-0.026193043217063,0.020472196862102,0.0028150449506938,0.037723559886217,0.048753883689642,0.0036355233751237,0.005610388237983,-0.0031026983633637,-0.013441765680909,0.032901242375374,-0.018387135118246,-0.006475271191448,-0.032139625400305,0.035919524729252,-0.035613633692265,-0.050219770520926,-0.014105886220932,-0.014344910159707,0.028051367029548,0.046400651335716,-0.020633786916733,0.024161072447896,-0.012294416315854,0.036422777920961,0.02566191740334,-0.025101564824581,-0.026727268472314,0.076417699456215,0.017595633864403,0.078613340854645,0.030155919492245,-0.036211084574461,-0.055552430450916,0.01769932731986,0.024681510403752,-0.0040505169890821,0.027940448373556,0.017900351434946,0.00080804881872609,0.025257589295506,0.017818100750446,0.031101707369089,0.043835666030645,-0.033066600561142,-0.018026866018772,0.019458532333374,0.039382204413414,-0.015241752378643,0.042291365563869,-0.054984401911497,0.0026164643932134,0.043193530291319,0.0077407555654645,0.024902857840061,0.0096436804160476,0.08105093985796,-0.032568790018559,0.009034632705152,-0.030994197353721,-0.01890798471868,0.044456589967012,0.023315940052271,-0.0028455269057304,-0.010421167127788,0.015590890310705,0.0032502359244972,0.025971477851272,-0.0035459988284856,0.0031836952548474,0.044590435922146,0.014091419056058,-0.01495548337698,-0.044313602149487,-0.016359481960535,-0.0010589469457045,-0.0085533447563648,0.016858641058207,-0.047123301774263,-0.0094929300248623,-0.00033078662818298,-0.017897175624967,0.027019487693906,0.022187957540154,-0.010282091796398,0.0020382669754326,-0.018707148730755,-0.029249703511596,-0.018769176676869,0.027700304985046,0.015845527872443,0.0023376021999866,-0.01856848038733,-0.012763363309205,-0.061134312301874,0.021115202456713,-0.0795509070158,-0.025314893573523,-0.0078027071431279,0.016158916056156,-0.018998710438609,0.02554346062243,-0.056157521903515,-0.016474766656756,-0.035767562687397,-0.018957540392876,0.014759152196348,0.048547506332397,-0.02327268384397,-0.031818713992834,-0.046308673918247,0.03829787671566,-0.0031852966640145,-0.018986776471138,0.019802108407021,-0.0111417574808,-0.014423876069486,-0.043401893228292,-0.068179488182068,-0.00269840285182,0.032010719180107,0.01255620457232,-0.014927924610674,0.04833772778511,0.068578004837036,0.021361887454987,0.010098748840392,0.050940487533808,-0.015398873016238,0.028299504891038,-0.033344957977533,-0.022400934249163,-0.0094693321734667,-0.013082650490105,0.068534985184669,0.020484073087573,0.015650203451514,0.041081435978413,-0.0089933797717094,0.057181127369404,0.034228358417749,0.010801343247294,-0.00087836215971038,-0.0017882802058011,0.015636596828699,0.017689136788249,0.031160812824965,-0.054186388850212,0.022751849144697,0.012670431286097,0.026996366679668,0.021724786609411,0.037997975945473,0.00090687186457217,0.031316060572863,-0.011914120987058,-0.010594383813441,-0.031924724578857,-0.010700863786042,-0.0015102536417544,-0.0079948091879487,0.026038967072964,0.038962062448263,0.00043004387407564,0.013514954596758,-0.02346907556057,-0.016902029514313,0.002286977134645,-0.027275390923023,0.022469010204077,-0.050110504031181,0.064359612762928,0.019650002941489,-0.048187326639891,0.09524080902338,0.0028089471161366,-0.058179195970297,0.070957899093628,-0.016262624412775,0.010304456576705,-0.022106250748038,0.025400258600712,0.00022619793890044,0.02716569416225,-0.00096515647601336,-0.024225324392319,0.03220584616065,-0.0039482563734055,0.018719920888543,-0.011486769653857,-0.029356805607677,0.014530773274601,0.013129785656929,0.01877717114985,-0.030079269781709,-0.016164597123861,-0.020056029781699,-0.013208834454417,3.4093536669388e-06,-0.013672875240445,-0.0030483119189739,-0.021954791620374,-0.01330872066319,-0.0033059993293136,0.0081182913854718,-0.0056866458617151,0.0096184806898236,-0.015359486453235,0.0083074141293764,0.025608839467168,-0.021919997408986,-0.022015511989594,0.038277231156826,-0.045201849192381,-0.014681033790112,0.013635704293847,0.027618223801255,-0.028945410624146,0.031107418239117,0.0098120365291834,0.0070665394887328,-0.0226233843714,0.028320645913482,-0.02631476521492,0.035517334938049,-0.041662164032459,0.013015229254961,-0.026517091318965,0.0061990614049137,-0.0085875615477562,-0.016583641991019,0.003917689435184,0.016114166006446,-0.016126472502947,0.019719254225492,0.0052923066541553,0.024881826713681,0.016519494354725,0.0045310291461647,0.0070245396345854,-0.0040864329785109,-0.040693551301956,-0.025057652965188,-0.016512723639607,0.037856765091419,0.011041416786611,-0.0013075738679618,-0.028141750022769,0.0024717869237065,-0.028983170166612,0.015929725021124,-0.0051131416112185,0.0090558473020792,-0.021376606076956,0.0097776781767607,0.035603042691946,-0.023341586813331,-0.022466422989964,0.02211226709187,0.00017622706945986,-0.0017733144341037,-0.027431420981884,-0.024330070242286,0.0032485867850482,0.018690019845963,2.7138165023644e-05,0.01923119649291,0.01044290419668,0.017528166994452,0.0035165385343134,0.038229797035456,0.00025236490182579,0.015340954996645,-0.005432668607682,-0.0012637263862416,0.018270758911967,-0.034636113792658,-0.014845629222691,-0.024856032803655,-0.0034211231395602,0.027329113334417,0.017994957044721,-0.011637515388429,0.024305488914251,-0.014558260329068,0.048375863581896,0.042706776410341,0.011276946403086,-0.00060133542865515,0.024512268602848,-0.01419691927731,0.001706290175207,-0.0016974342288449,-0.0096405260264874,-0.030900862067938,-0.012371123768389,-0.010013171471655,-0.012851804494858,-0.02182787284255,0.043324872851372,0.036561619490385,0.028250174596906,-0.017140464857221,0.036496203392744,0.033884793519974,0.0015720651717857,0.034274458885193,0.011995231732726,-0.037589125335217,0.00524529395625,-0.015899395570159,0.0087359808385372,-0.0036399369128048,0.037484977394342,-0.028843022882938,0.0078050927259028,0.0047116121277213,0.03774343803525,-0.0072839013300836,0.036106530576944,-0.02149410918355,0.03592524304986,0.0025633382610977,0.025957342237234,0.02340772561729,-0.0045804111286998,-0.0075685242190957,-0.012227641418576,-0.010856161825359,-0.013338473625481,0.032424446195364,-0.016923705115914,0.02346969768405,0.021285455673933,0.018142227083445,0.033046018332243,-0.02526418119669,-0.010769303888083,-0.011600227095187,-0.0066380114294589,0.017511941492558,-0.0028977969195694,0.019954960793257,-0.013598890975118,0.028704110532999,0.037258967757225,0.041029945015907,0.027297355234623,-0.018045216798782,-0.003912441432476,0.0078997621312737,0.010352962650359,0.0037096687592566,0.013213122263551,0.0044527710415423,0.0096393954008818,0.0037563156802207,0.010282917879522,-0.023176684975624,-0.011497710831463,-0.011392227374017,0.01218834053725,-0.0074639860540628,-0.030552413314581,0.0023059251252562,-0.016201496124268,-0.032586734741926,0.042725007981062,0.010391941294074,-0.018230093643069,-0.027991076931357,-0.019397275522351,-0.028869606554508,-0.010212047025561,-0.048946186900139,-0.010220291092992,0.0020222873426974,-0.016126411035657,0.022376626729965,-0.029370985925198,-0.0074702110141516,0.020251322537661,-0.019445162266493,-0.0051454501226544,0.018882917240262,-0.01951271481812,0.0052638626657426,-0.021647315472364,-0.023945719003677,0.02793519757688,-0.010697021149099,-0.001286476966925,-0.0096523435786366,0.01603302359581,-0.015758838504553,-0.017565753310919,-0.034554243087769,-0.01310030836612,-0.022462049499154,0.038079418241978,0.017094312235713,-0.024983361363411,0.015488589182496,0.02456665597856,-0.011383743025362,-0.0055773882195354,-0.01713758893311,0.0049359202384949,0.014374425634742,-0.0098575204610825,0.01201334875077,0.030620269477367,0.0032864785753191,-0.010476706549525,0.01324190851301,0.017526295036077,0.012386788614094,0.021302716806531,-0.020915754139423,0.021402226760983,0.015816019847989,0.01806253194809,0.017218777909875,0.015691129490733,0.0093668391928077,0.025363627821207,-0.026665912941098,-0.015603872947395,-0.04001235216856,-0.027039118111134,0.028550233691931,-0.02478433214128,-0.030226726084948,0.0073368404991925,-0.0098705589771271,0.010243397206068,0.019120642915368,0.001878710812889,0.014004264958203,0.018635964021087,0.027135446667671,0.032166186720133,0.0055974218994379,0.024570433422923,-0.012020946480334,0.01404111739248,-0.0075081954710186,0.011614630930126,0.023253245279193,-0.029498310759664,0.012302271090448,-0.030420172959566,-0.020903481170535,-0.011901095509529,-0.027254056185484,-0.022894123569131,0.02851471491158,0.013438197784126,0.026971254497766,0.011469156481326,-0.0063543566502631,-0.014812072739005,0.044356226921082,0.021220602095127,0.0073100486770272,-0.016633102670312,0.026697123423219,-0.036348149180412,0.0031457913573831,-0.026336092501879,0.021532084792852,0.041897151619196,-0.016749620437622,-0.032717905938625,0.0017630067886785,0.00063919392414391,-0.0020650641527027,-0.015789430588484,0.039846979081631,0.0034130394924432,-0.036434311419725,-0.019189029932022,0.019130682572722,0.027264276519418,-0.024066064506769,-0.018224498257041,0.045875135809183,0.013066900894046,0.0081061217933893,0.021455623209476,-0.015092330053449,-0.016599355265498,-0.021212080493569,-0.0044165826402605,-0.0092683499678969,-0.010933827608824,0.033761166036129,0.029677152633667,-0.016231955960393,-0.018466360867023,-0.023198898881674,0.043443754315376,0.012231082655489,-0.037418309599161,0.021459460258484,-0.013359271921217,0.0082677202299237,-0.00036087201442569,-0.0021236571483314,-0.017819046974182,0.0078368987888098,0.0060939807444811,0.032367650419474,0.0070979534648359,0.042697805911303,-0.0081256963312626,0.0010853385319933,-0.019155129790306,-0.019437754526734,-0.019774921238422,0.018618896603584,0.00039803044637665,0.01160826254636,-0.01313804090023,-0.033642828464508,0.016346851363778,-0.012767929583788,0.00063949247123674,-0.014227898791432,0.0069592972286046,0.048222817480564,0.024910734966397,0.012930411845446,-0.030667368322611,0.034321609884501,-0.016124006360769,-0.016542324796319,0.0045835082419217,0.019169930368662,-0.019174974411726,0.014609498903155,0.020533522590995,-0.0086511038243771,0.039501704275608,0.037476949393749,-0.00040856702253222,0.0014815559843555,0.024587670341134,-0.0036189791280776,0.023168371990323,0.024519534781575,-0.025750353932381,-0.010471558198333,0.0032652290537953,-0.0076971771195531,-0.026739999651909,0.021537242457271,-0.021405395120382,-0.012441813014448,-0.018411541357636,0.00051963387522846,-0.011873191222548,0.00046967540401965,-0.0037131907884032,-0.047994863241911,-0.01996580325067,-0.0073054349049926,-0.032169722020626,0.020941445603967,-0.036542356014252,0.00078382797073573,-0.0029593242798001,-0.026071026921272,-0.0026837002951652,-0.0029775898437947,0.012057044543326,-0.01203837338835,-0.010563191957772,0.0034735302906483,-0.031294818967581,-0.033596511930227,-0.026753462851048,0.025278719142079,0.0028958765324205,0.034675888717175,0.035774793475866,0.0023602482397109,0.032933913171291,-0.042524814605713,-0.0092563964426517,0.029967384412885,-0.036017436534166,-0.026418384164572,0.044091295450926,0.026357801631093,-0.034337375313044,-0.0070103253237903,0.028988590463996,0.0037732592318207,0.031548015773296,-0.009156514890492,0.012795624323189,-0.035393804311752,0.00044608605094254,0.032388594001532,0.034085553139448,-0.0032569663599133,0.012273602187634,0.026092382147908,-0.024809816852212,-0.014683176763356,-0.024217082187533,-0.016437131911516,-0.0029583887662739,0.041767135262489,0.0058667645789683,0.028293805196881,-0.015993069857359,-0.024740979075432,0.020033605396748,0.035470247268677,-0.0084289442747831,0.028247367590666,-0.00046622971422039,0.014252168126404,-0.025815488770604,-0.0052598863840103,0.039020735770464,-0.022156143561006,-0.0095440046861768,-0.043136961758137,0.02517762593925,-0.020104942843318,-0.04803179949522,-0.051411967724562,-0.018246816471219,-0.033263117074966,0.013464543968439,-0.00014981553249527,-0.04242829605937,0.019734786823392,-0.0081838741898537,-0.009755739942193,-0.0059372298419476,0.018834631890059,-0.036323837935925,-0.0049156742170453,0.0003821337595582,0.011681823059916,-0.0092708459123969,-0.035406190901995,-0.010133109986782,0.0060912617482245,-0.014098522253335,-0.034280259162188,0.037291254848242,0.015001001767814,0.0039749392308295,0.0078857932239771,-0.0089410720393062,-0.036498636007309,-0.0077029843814671,-0.033308301120996,0.040534615516663,-0.020490325987339,-0.012467985972762,-0.007518632337451,-0.021821729838848,-0.01742878369987,-0.031594809144735,-0.018686579540372,-0.0061938371509314,0.02668953128159,0.0030066007748246,0.01887976936996,-0.026751155033708,0.014848647639155,0.021750312298536,0.016119819134474,0.029253834858537,-0.0079609593376517,-0.030798370018601,0.03591962903738,-0.015317511744797,0.0042253215797246,0.022102016955614,-0.039913598448038,0.006295601837337,0.033898238092661,-0.017209745943546,-0.014437774196267,-0.035015553236008,0.025171028450131,-0.0035865567624569,-0.041861925274134,-0.011356797069311,0.033619832247496,0.017041429877281,-0.021006308495998,-0.004269246943295,0.004339043982327,0.041702024638653,0.061142161488533,0.0046958895400167,-0.00096894614398479,-0.019861381500959,0.0086030792444944,-0.019910641014576,0.024183850735426,0.02613078057766,-0.025791522115469,-0.021881990134716,-0.032610833644867,0.013064036145806,-0.0011715050786734,-5.1052484195679e-07,-0.007675580214709,-0.0036931075155735,-0.0023838917259127,-0.031218385323882,0.0072047687135637,0.022768782451749,0.02254175208509,-0.030994854867458,-0.002872271463275,-0.014839069917798,0.023448782041669,0.041945070028305,-0.027000544592738,-0.022372581064701,0.014529125764966,-0.042203783988953,-0.030793245881796,0.0061272415332496,-0.00070371234323829,-0.012393482960761,-0.069874085485935,0.015363043174148,0.01697650924325,-0.017473576590419,-0.032245188951492,0.0089683458209038,0.020524239167571,-0.0066306507214904,-0.052191708236933,0.035248521715403,0.035445291548967,0.039943475276232,-0.0096095260232687,-0.012406328693032,0.023029454052448,-0.030247513204813,-0.021415211260319,0.0016180521342903,-0.027407394722104,0.013356870040298,-0.025358930230141,0.0032833185978234,0.013796734623611,-0.040368784219027,-0.0070786792784929,0.021780956536531,0.030697491019964,-0.023658441379666,-0.037948980927467,-0.0094499168917537,-0.039886053651571,0.0067793559283018,0.023531630635262,0.022582817822695,0.023801404982805,-0.010169202461839,0.016343671828508,0.010917696170509,0.003200143808499,0.010263831354678,0.061824481934309,0.034767869859934,0.0059684813022614,0.034165736287832,0.0087606888264418,0.0023249941878021,0.02865295112133,0.026613464578986,0.029597925022244,0.035038132220507,0.045850597321987,0.017870504409075,-0.02263873629272,0.0047472701407969,-0.016697939485312,-0.010196832939982,0.0092679541558027,0.00026763635105453,-0.033767115324736,-0.02420623973012,-0.038948819041252,-0.022596023976803,-0.0011406034464017,-0.0033830360043794,-0.016309645026922,0.0093117784708738,0.0003633486921899,-0.0065662688575685,-0.0086672250181437,-0.018858842551708,-0.019358552992344,0.037782188504934,0.016769362613559,-0.034563347697258,-0.017354853451252,-0.036744717508554,0.084577739238739,-0.024579092860222,-0.011944545432925,-0.016049331054091,-0.0057810633443296,-0.025399755686522,0.014656721614301,0.0013707691105083,-0.032574102282524,-0.0018591049592942,0.024934746325016,0.026666048914194,0.033613812178373,-0.021809147670865,-0.01976771838963,0.0091721145436168,-0.010245922021568,-0.035011291503906,-0.037107087671757,0.0052301250398159,0.0093640759587288,0.033894829452038,0.032934196293354,-0.024413475766778,0.0083694458007812,-0.021289177238941,0.034175582230091,-0.010788255371153,-0.026518160477281,-0.033255528658628,-0.018906390294433,-0.0016690043266863,-0.036212407052517,-0.031391568481922,0.022515181452036,0.018619295209646,-0.041701558977365,0.026259515434504,0.015483289957047,0.019297515973449,-0.016159599646926,-0.018680661916733,0.028600199148059,-0.028161246329546,-0.038629896938801,0.0081489188596606,-0.0011428911238909,0.042219642549753,0.042405735701323,-0.018183181062341,-0.0077543226070702,-0.0062406873330474,-0.014618286862969,0.017329648137093,-0.03398110345006,0.038684215396643,0.0092167807742953,0.038066729903221,-0.0093372035771608,-0.0010054922895506,0.0054641733877361,0.0054329568520188,0.029355276376009,-0.020251112058759,0.011659687384963,0.0040205051191151,-0.024166505783796,-0.010348205454648,0.0069348365068436,0.033210247755051,0.014020363800228,0.014671370387077,-0.0065922914072871,0.038419105112553,0.021014200523496,0.034813608974218,0.03534210473299,-0.035411339253187,-0.048594821244478,-0.00046979769831523,0.0059822225011885,-0.0069588986225426,0.057324226945639,-0.050201036036015,0.027593269944191,0.007334147579968,-0.03607714176178,-0.0021479688584805,0.045570984482765,-0.056048717349768,-0.0085660396143794,0.015580804087222,0.014685718342662,0.029635045677423,-0.0023576645180583,0.016573363915086,0.034573879092932,0.030143018811941,0.050781607627869,0.021977273747325,-0.037813302129507,0.029572853818536,0.018696976825595,0.03437340632081,-0.0085541214793921,0.012498759664595,0.030005756765604,0.033807069063187,0.013233628123999,0.012652401812375,-0.0011223235633224,-0.011798312887549,0.0032962539698929,-0.033606618642807,0.022909589111805,0.011017642915249,0.0062492294237018,0.02336828969419,-0.017610941082239,-0.029120787978172,-0.00041942007374018,0.020599896088243,-0.0062626088038087,0.0070548877120018,-0.0027224929071963,-0.023269187659025,0.012943155132234,-0.019516851752996,-0.027623416855931,-0.002743408549577,-0.022228334099054,-0.046897105872631,0.0044798450544477,0.00061588926473632,0.03684638813138,0.035855460911989,0.012513906694949,-0.032349966466427,-0.042419996112585,-0.0017105313017964,0.0017882635584101,-0.0063797705806792,-0.0010508997365832,0.025350721552968,0.048714954406023,0.030845373868942,-0.053895752876997,0.011835416778922,0.0077251465991139,0.009879207238555,0.010857464745641,0.040322344750166,0.037498630583286,-0.0066885752603412,0.020122241228819,0.023082941770554,0.026929408311844,-0.030500445514917,0.030309855937958,0.0099051799625158,-0.040136098861694,-0.011154046282172,0.044172156602144,-0.031976245343685,-0.0048940302804112,-0.0030207065865397,-0.018552040681243,0.037272989749908,0.027434218674898,0.030484955757856,-0.010244650766253,0.033905822783709,0.017877645790577,-0.0069064665585756,0.0045182062312961,0.016527777537704,0.0034973013680428,-0.012839203700423,0.0093571403995156,-0.025949208065867,0.018802151083946,-0.053117461502552,0.021366761997342,0.0010541591327637,-0.021659618243575,0.021286299452186,0.026192447170615,0.032421417534351,-0.007014824077487,0.031503815203905,-0.013013389892876,0.0031690616160631,0.0051925959996879,0.028507268056273,0.036036167293787,0.0028571996372193,-0.02783914282918,0.024900836870074,-0.024673398584127,0.012101147323847,0.011768700554967,0.016826590523124,0.010882408358157,-0.026565756648779,0.033876731991768,-0.027131959795952,-0.036623232066631,-0.022978588938713,-0.012133753858507,8.9745342847891e-05,0.034243423491716,-0.011226519942284,-0.012888452969491,0.011623126454651,0.01090603787452,0.026299104094505,0.035864856094122,0.0076162866316736,0.026225615292788,-0.025480007752776,0.038206338882446,-0.0223972145468,-0.018083984032273,0.015586855821311,0.025665337219834,0.0029489542357624,0.031064016744494,-0.0098562212660909,-0.030595945194364,0.0022781980223954,0.0088824778795242,-0.037455122917891,-0.017917361110449,-0.0057189203798771,-0.006645433139056,0.012127445079386,-0.0042581553570926,0.021859498694539,-0.0065384809859097,0.02448495477438,0.015777857974172,0.015833925455809,-0.025260962545872,0.03775230422616,-0.0070385280996561,0.026851419359446,-0.029148744419217,-0.029717499390244,-0.0059796990826726,0.030772583559155,-0.044663857668638,-0.020443104207516,0.050202984362841,-0.012947510927916,0.0042876186780632,-0.017841042950749,-0.021199624985456,0.033231757581234,0.026089338585734,0.022830476984382,0.022497545927763,0.015356734395027,0.01747252419591,-0.017085144296288,-0.032797951251268,0.013752616010606,-0.031918376684189,-0.0077406945638359,-0.0015553971752524,0.026284879073501,-0.022420475259423,-0.016830250620842,-0.0026387374382466,-0.037923701107502,-0.021332802250981,0.0036952395457774,0.012147308327258,0.018097594380379,0.0053053246811032,-0.03691928461194,0.030623789876699,0.004568409640342,0.013571038842201,0.022111717611551,0.041718505322933,0.019005505368114,-0.0043144379742444,0.01596712693572,-0.017810612916946,-0.032035056501627,-0.023277631029487,0.010282439179718,0.0048653203994036,-0.024543888866901,0.016124056652188,-0.012551330029964,-0.024479096755385,-0.0422053784132,0.015507511794567,0.036440633237362,0.028243321925402,-0.012950041331351,-0.0015868766931817,-0.030730294063687,0.021975224837661,-0.013432270847261,-0.024636514484882,-0.00076493743108585,-0.044787377119064,-0.01363870780915,-0.015692446380854,0.014801564626396,0.032394777983427,-0.021990733221173,-0.041076086461544,-0.0057436609640718,-0.0064390585757792,0.013756260275841,-0.02532672509551,0.0084987971931696,0.019734546542168,0.025803433731198,-0.012565635144711,0.034306574612856,-0.022080251947045,0.0020537758246064,0.0020917346701026,0.03739071264863,-0.016259949654341,0.021604465320706,0.012189166620374,-0.039673339575529,0.0043053613044322,0.0044543743133545,-0.00067485286854208,-0.019349588081241,0.02043535374105,-0.0036973236128688,0.0042863609269261,-0.013538590632379,0.027587935328484,0.017933676019311,-0.00028069471591152,0.0058080344460905,0.020730519667268,0.02220849506557,-0.033812575042248,-0.017506023868918,-0.019233530387282,0.024078803136945,-0.03025390021503,0.0045231254771352,-0.010116291232407,0.0021901472937316,-0.010875319130719,-0.0001078360946849,-0.030615957453847,-0.046787396073341,-0.017235115170479,-0.037317741662264,0.031955644488335,-0.029731925576925,-0.013724165968597,0.014679522253573,-0.026134783402085,0.029351281002164,0.032373014837503,0.024727504700422,0.0046847215853631,0.027795903384686,0.0064025912433863,-0.0041857282631099,0.0086337570101023,-0.0041646957397461,0.020708464086056,-0.030536502599716,-0.028374122455716,0.013558524660766,-0.0060971309430897,0.010248261503875,0.03003977611661,-0.02620816975832,0.016334500163794,0.018400365486741,-0.014828532934189,0.020570723339915,0.016839012503624,0.028876196593046,-0.0089500471949577,0.028850486502051,-0.030755583196878,0.00037579858326353,-0.028598818928003,-0.003556517418474,-0.031001793220639,-0.0088742356747389,0.0095613328740001,-0.015258708968759,-0.019771819934249,0.0013648190069944,0.014959671534598,0.047749307006598,-0.02803248167038,0.030675366520882,0.028201026841998,0.0048035853542387,-0.021362330764532,-0.022896740585566,0.028013007715344,0.00808494258672,-0.010099729523063,0.029042899608612,-0.030725574120879,0.024554530158639,-0.021741548553109,0.0077804489992559,-0.0014219585573301,-0.03436641767621,0.023369053378701,-0.0038925460539758,-0.018409775570035,-0.0014692408731207,0.030775662511587,0.021579945459962,-0.018229428678751,-0.0074004838243127,-0.03013557381928,-0.011675908230245,0.01733997836709,0.046668540686369,0.011889391578734,0.011119364760816,0.013991175219417,-0.032995298504829,0.028091918677092,0.015438127331436,0.0044470601715147,0.031535524874926,0.035485234111547,-0.036361418664455,0.0054546655155718,-0.0082797333598137,-0.037053316831589,-0.0118194129318,0.010803671553731,-0.021355098113418,-0.031024949625134,0.026180090382695,0.0057267392985523,-0.027087341994047,-0.024205734953284,0.017767393961549,0.019344247877598,0.0037932242266834,0.061214573681355,-0.010595152154565,-0.029020126909018,0.0022453968413174,0.041277579963207,-0.0152857163921,0.016531931236386,0.030359907075763,0.028973938897252,-0.012299475260079,0.026772102341056,-0.013502175919712,0.0085237249732018,-0.0025702784769237,-0.015962898731232,0.029498770833015,0.031196111813188,-0.02860463783145,-0.038194682449102,-0.017846208065748,-0.012040463276207,0.013393327593803,-0.017722552642226,-0.0020386050455272,-0.020026737824082,0.020246090367436,0.02174985408783,-0.04229924082756,-0.020039441064,-0.032104179263115,0.019112234935164,0.0043081901967525,0.02696593105793,-0.041242480278015,-0.022922398522496,-0.013238506391644,-0.0010196487419307,0.0034903141204268,0.0081809964030981,-0.021152196452022,0.005638646427542,-0.01767516694963,0.025259472429752,-0.0087598878890276,0.038853447884321,-0.027450483292341,-0.037686366587877,0.026472579687834,0.0062483539804816,-0.021498799324036,0.0048533193767071,0.026017965748906,0.0018114725826308,0.01018747780472,-0.019301915541291,0.024927657097578,-0.0061242207884789,-0.007445408962667,0.027198052033782,0.013122358359396,0.0075020021758974,-0.050116818398237,-0.0028466724324971,0.050718799233437,-0.028909794986248,0.040483176708221,0.049382243305445,0.05714275687933,-0.0032474810723215,-0.0037221231032163,0.041498720645905,0.019248515367508,0.020162533968687,0.027716824784875,-0.0092051550745964,-0.01910119317472,0.023826925083995,-0.031384460628033,-0.02594830468297,-0.0045492285862565,0.04228612408042,-0.018294770270586,0.038088519126177,0.0038029714487493,0.01216471940279,-0.0024736125487834,0.03050546720624,0.041540175676346,0.054783046245575,-0.028178211301565,-0.032704092562199,-0.017930978909135,0.015159795060754,-0.014680068939924,0.023652512580156,-0.032095678150654,-0.023240860551596,0.0018810997717083,-0.030612906441092,-0.04882974550128,-0.017760660499334,0.038521945476532,0.019968643784523,0.042502541095018,-0.019601797685027,0.016035873442888,-0.00093447329709306,-0.019828364253044,0.0062742722220719,-0.041287060827017,0.012930240482092,0.036392997950315,0.0095700789242983,-0.024087527766824,-0.019193902611732,0.016463214531541,0.015803752467036,0.051633093506098,-0.022848134860396,-0.041329685598612,0.0082275420427322,0.0045814770273864,-0.008976623415947,0.043448645621538,0.012614589184523,-0.0082611497491598,-0.014941093511879,0.026381324976683,0.009162500500679,-0.014762448146939,-0.019709154963493,-0.03277513384819,0.018563751131296,0.031732369214296,-0.01259577460587,0.059374555945396,0.024230252951384,-0.035225812345743,-0.050476029515266,0.0317990668118,0.0053810165263712,-0.036227595061064,0.0065523963421583,-0.02966102398932,0.015634493902326,-0.0094725601375103,-0.021105347201228,-0.049105688929558,-0.0084645347669721,-0.020482940599322,0.010430186055601,-0.027519315481186,0.033115554600954,-0.020547883585095,-0.006000928580761,0.035721350461245,-0.051882337778807,-0.021761422976851,-0.02726373821497,0.046483106911182,0.0041244733147323,0.025714987888932,0.037587065249681,0.0017870627343655,-0.013859049417078,-0.0013147455174476,0.0052599203772843,-0.013314006850123,0.052682135254145,0.039726853370667,0.014266921207309,0.025728397071362,0.02864027954638,-0.024450164288282,-0.032977517694235,-0.0024622140917927,0.039237666875124,0.016008300706744,0.061986278742552,0.018229354172945,0.022722830995917,0.0040421239100397,-0.0118358861655,0.020290734246373,-0.035591218620539,0.029750445857644,-0.0021438354160637,0.023784102872014,0.0005141383735463,0.02869613096118,-0.037374407052994,-0.0071011148393154,-0.04549615085125,0.0022934516891837,-0.032554503530264,0.0017714936984703,0.029724072664976,-0.051582828164101,0.010266799479723,-0.024282665923238,-0.0047232955694199,-0.0050819055177271,-0.031949106603861,0.0059267948381603,0.011426328681409,0.020175559446216,0.030224660411477,0.02492256090045,-0.025407461449504,0.016626631841063,-0.013224513269961,-0.014300234615803,-0.0055545945651829,0.035559557378292,-0.0070191319100559,-0.033821351826191,0.030836513265967,-0.021661814302206,0.013919352553785,-0.0091484598815441,0.038860153406858,0.0067813331261277,-0.031250689178705,-0.026419134810567,-0.025188215076923,0.055292379111052,0.0084555530920625,-0.019853947684169,-0.046848438680172,0.026350192725658,0.026242800056934,-0.0026440038345754,0.02521344833076,-0.017853377386928,0.010003122501075,0.018027044832706,0.026276525110006,0.0087656602263451,-0.010310940444469,0.062539018690586,0.0033078191336244,-0.017542913556099,-0.0092928251251578,-0.072811961174011,-0.0068466351367533,0.0081069488078356,-0.018648060038686,-0.032892886549234,0.020695134997368,0.033741608262062,-0.031939689069986,0.015137506648898,-0.024096759036183,-0.029547518119216,-0.0055802119895816,-0.0089635662734509,0.015591603703797,-0.0064584081992507,0.053938113152981,0.01515581458807,-0.017419420182705,0.024096908047795,-0.0026822066865861,-0.0063444096595049,-0.00072457763599232,0.020874541252851,-0.0030920566059649,-0.00013720651622862,0.0038813024293631,0.040190108120441,-0.022702494636178,0.055139154195786,-0.023683626204729,0.036185316741467,-0.03261698782444,0.00011882544640685,-0.017707884311676,-0.032020647078753,-0.00064586027292535,-0.016650745645165,0.024467034265399,-0.038551226258278,-0.039426553994417,0.018252953886986,0.03753274679184,0.020042588934302,0.014919876120985,-0.016098191961646,-0.012265228666365,-0.034612234681845,-0.0021660453639925,0.032207675278187,-0.011300418525934,0.015939988195896,0.034422237426043,-0.044607765972614,-0.024580731987953,0.024497557431459,0.013659602031112,0.022094333544374,0.018754787743092,-0.006907413713634,0.026393888518214,-0.024349559098482,-0.0067973923869431,-0.033658690750599,0.04480704665184,-0.037357341498137,0.0095321414992213,0.031389441341162,0.013964612036943,0.0081602167338133,-0.030055610463023,-0.024103984236717,-0.021886892616749,0.022229118272662,-0.028347147628665,0.040448676794767,-0.026901111006737,0.028845582157373,0.022101605311036,-0.013113133609295,0.046505123376846,-0.037453461438417,-0.010838783346117,-0.026645965874195,0.038659311830997,0.038506824523211,0.021764941513538,-0.043706797063351,-0.030427670106292,0.0057653477415442,0.0177813898772,0.040952183306217,0.024200495332479,0.00029624509625137,0.0016758118290454,-0.0066474382765591,0.03297820687294,0.030124507844448,-0.056411948055029,0.013161801733077,0.03084315918386,0.010216085240245,0.0056250542402267,-0.033340714871883,0.0055233533494174,-0.0095845954492688,0.023551821708679,0.010688135400414,-0.011794613674283,-0.015067652799189,0.019879573956132,0.0054779392667115,-0.019907530397177,-0.0029235254041851,0.047294072806835,-0.035066474229097,-0.016331264749169,-0.030138811096549,-0.022656427696347,-0.0037289219908416,0.020612131804228,0.045021772384644,0.010391341522336,0.037725735455751,0.035332091152668,-0.043911796063185,0.030000356957316,0.022103199735284,-0.023653153330088,0.033670641481876,-0.017148785293102,0.028706768527627,-0.00094312574947253,0.018824862316251,0.019842341542244,0.024793639779091,0.0022336526308209,0.010639104060829,-0.023306798189878,0.053198851644993,-0.021893097087741,-0.0068975538015366,0.025122428312898,-0.03673516958952,-0.034067548811436,0.030484454706311,0.013046890497208,-0.011383968405426,-0.037143114954233,0.042460605502129,0.027964610606432,-0.025338426232338,-0.0082675721496344,0.040292289108038,0.0040774615481496,0.013128430582583,0.011490901000798,-0.014898469671607,0.023226214572787,-0.028224799782038,-0.01919187605381,0.011999970301986,-0.029041090980172,0.0035387466195971,0.020612526684999,0.016073940321803,-0.020559273660183,0.01964976079762,0.012200826779008,-0.0089370096102357,-0.026774389669299,-0.0065100383944809,0.020422605797648,0.031990427523851,0.010495699010789,0.013054843991995,-0.0062362188473344,0.025978542864323,0.0031063954811543,-0.0013755371328443,-0.022087818011642,-0.02411855570972,-0.0053661582060158,-0.020659014582634,-0.032257549464703,-0.023432729765773,0.01486237719655,-0.013868113048375,-0.038085639476776,-0.018149457871914,-0.030584616586566,0.0051520182751119,0.027212020009756,0.0076516238041222,-0.0070612654089928,0.021230071783066,0.033804252743721,-0.021368676796556,0.018151208758354,0.017901947721839,0.048095088452101,0.0087984753772616,-0.006851872894913,0.01376236975193,0.0082947975024581,0.018516851589084,0.011702928692102,0.014152932912111,-0.017070349305868,0.010891038924456,-0.027633361518383,-0.030553737655282,-0.012259633280337,-0.039706591516733,-0.024491852149367,0.023042973130941,-0.016745988279581,-0.0081088496372104,0.0069331941194832,0.0096989758312702,0.0096366414800286,-0.049809280782938,-0.027670251205564,0.013297223486006,-0.023987306281924,0.019400887191296,0.016292648389935,0.03653309494257,0.022745283320546,-0.0055399378761649,-0.035121645778418,0.010511442087591,0.012455315329134,-0.020123861730099,0.012925841845572,-0.038195803761482,0.031567126512527,-0.034433458000422,-0.016775278374553,-0.011264235712588,0.019327206537127,-0.032559685409069,-0.027843967080116,0.036589041352272,-0.013435511849821,-0.00342928012833,0.029086548835039,-0.015370602719486,0.017971450462937,0.0020360155031085,0.033419996500015,0.01733068190515,0.03429502248764,0.043445341289043,0.0035255425609648,0.00064435153035447,-0.0041420604102314,-0.01938940025866,0.031306274235249,-0.022597720846534,-0.02788252197206,-0.0081128710880876,-0.0045741982758045,-0.04320203140378,0.010825240984559,0.013200210407376,-0.022321144118905,-0.016106560826302,-0.027343887835741,-0.026929553598166,0.02014540694654,0.0079581802710891,0.04356524720788,0.0059275687672198,0.015948669984937,-0.025128742679954,-0.027250088751316,-0.0076693999581039,0.00025877304142341,0.020353188738227,-0.034033160656691,0.0064524207264185,0.027210310101509,0.024933941662312,0.017238041386008,0.045773927122355,-0.021016135811806,0.0015868756454438,-0.035592995584011,-0.017516955733299,-0.010935947299004,-0.034837137907743,-0.011779831722379,-0.008041731081903,-0.05173584073782,0.012595162726939,0.025253318250179,0.020245883613825,0.0041313841938972,0.0080089028924704,0.025311263278127,-0.0049611325375736,0.00056013627909124,0.011650243774056,0.017254915088415,-0.029446432366967,0.0035286212805659,0.022799229249358,-0.0063017383217812,0.0024749208241701,0.0070879561826587,-0.010230151005089,-0.010870872996747,0.0087359994649887,-0.0089665977284312,-0.021526595577598,-0.035884223878384,0.038809083402157,0.028928136453032,-0.032354217022657,0.039683859795332,-0.010463988408446,0.019951486960053,-0.026386201381683,0.013779204338789,-0.014492586255074,0.0026079146191478,0.00047046120744199,0.023232985287905,-0.030049821361899,-0.015966514125466,-0.030104855075479,0.040739044547081,0.0047618090175092,0.0013009689282626,-0.0021832888014615,-0.022582327947021,0.035380002111197,0.0096072005107999,0.011457544751465,-0.033660218119621,-0.04754675924778,-0.01765657775104,0.029013693332672,-0.03104005753994,0.019531179219484,-0.042652945965528,-0.030682994052768,-0.037206698209047,0.023550504818559,0.022685969248414,-0.01562611758709,-0.020816454663873,0.033794138580561,-0.030520601198077,0.023530734702945,-0.020477686077356,0.026846630498767,-0.0054839616641402,0.011353094130754,0.0029506606515497,0.021495731547475,-0.009808961302042,0.035596437752247,0.025583615526557,-0.018429214134812,0.02402756549418,0.0097505217418075,-0.029102237895131,-0.038676276803017,-0.0069360542111099,0.017202701419592,0.01024367287755,0.017273336648941,-0.0044684824533761,0.037757243961096,-0.037938602268696,0.032552510499954,0.020709712058306,-0.0054205027408898,0.019588753581047,-0.020312258973718,0.030781196430326,-0.027910450473428,-0.012077900581062,0.036921177059412,0.002944516716525,0.019633166491985,0.0042482460848987,-0.0049902861937881,0.030542898923159,0.016441568732262,-0.030781151726842,-0.0083680311217904,-0.029338698834181,0.0064360001124442,-0.0090676881372929,0.015422396361828,-0.033750243484974,0.0005700882175006,-0.036195263266563,0.048425100743771,-0.025494052097201,0.0042646899819374,0.011651053093374,-0.026625333353877,0.019125500693917,0.017049917951226,-0.034395921975374,0.031655713915825,0.0092911804094911,-0.016344280913472,0.0063593625091016,-0.0098302401602268,0.0054803132079542,0.00046893660328351,-0.023631120100617,-0.003037822432816,-0.025050390511751,0.043148998171091,0.00080390303628519,0.0092757781967521,-0.032775826752186,-0.033998787403107,0.026508333161473,6.1362399719656e-05,0.0078162681311369,0.014455793425441,-0.027601888403296,-0.022498272359371,0.03057524934411,0.021456001326442,0.031829137355089,0.034269843250513,-0.01147807110101,0.011299312114716,0.029756404459476,0.0028150274883956,-0.0095311682671309,0.033711709082127,0.0019403392216191,-0.052021127194166,0.012377545237541,0.036375697702169,0.025498207658529,0.023254996165633,-0.043907668441534,-0.028443040326238,-0.0242716409266,0.034172374755144,0.0047926194965839,-0.037648189812899,-0.016440818086267,0.028293756768107,0.021727604791522,0.020738456398249,0.012567683123052,0.0084156394004822,0.0047436887398362,0.026471635326743,0.0033110890071839,0.021023012697697,0.02574566565454,-0.01586321182549,0.018525490537286,0.031463854014874,-0.020964229479432,-0.012337623164058,-0.017624432221055,0.013935079798102,0.0094607332721353,-0.036333400756121,-0.0037051597610116,-0.0096630984917283,-0.0078508928418159,-0.035881467163563,0.00065098173217848,-0.0030870430637151,0.010931049473584,-0.0052737700752914,-0.010829235427082,-0.029006958007812,-0.038970582187176,-0.022323692217469,0.0071581611409783,0.011582636274397,-0.029305240139365,0.0084901582449675,-0.020297354087234,-0.036989212036133,-0.00077336869435385,0.018716529011726,-0.040302101522684,-0.024638906121254,-0.0074193961918354,0.0063445987179875,0.0088502243161201,0.0063643520697951,-0.015806647017598,0.007534405682236,-0.034414038062096,-0.013164889067411,-0.029432721436024,0.025189829990268,-0.029364254325628,-0.020208496600389,-0.042373757809401,0.010201613418758,-0.0036867829039693,0.0312714651227,-0.040701981633902,-0.0025598839856684,-0.020243275910616,-0.00031265919096768,0.041948281228542,-0.021666662767529,0.011421599425375,0.04671548306942,-0.022908959537745,0.016303360462189,0.021628934890032,0.016295747831464,-0.029611693695188,-0.035593904554844,0.0021679331548512,-0.0039220163598657,-0.035483565181494,-0.040273167192936,-0.0076231104321778,0.025641275569797,-0.040564570575953,-0.008349247276783,0.00013182690599933,0.0024943607859313,-0.0012507610954344,0.0097156446427107,0.024467909708619,0.030581990256906,-0.0098325712606311,0.015152246691287,0.011698805727065,0.022888209670782,-0.051031921058893,-0.0011140485294163,0.0043921112082899,-0.035706419497728,0.0034744550939649,-0.012272116728127,0.013961743563414,0.0092280097305775,-0.0013906890526414,0.012172806076705,-0.0080459360033274,-0.022258084267378,-0.021540591493249,0.041593123227358,-0.0094788921996951,0.0011394961038604,-0.0020132348872721,0.018709974363446,-0.012095678597689,-0.016382433474064,0.029447110369802,0.019443802535534,-0.010475605726242,-0.022951636463404,0.023620501160622,-0.028328388929367,0.036030430346727,0.01387264765799,-0.036785155534744,-0.047521866858006,-0.028229398652911,-0.012638069689274,0.0062303044833243,-0.033748667687178,0.015771528705955,-0.0073745660483837,0.0037556532770395,-0.0032740901224315,0.013901594094932,-0.01081929448992,-0.050910260528326,-0.012545626610518,0.013634311035275,0.048601936548948,-0.022280411794782,0.0097073130309582,-0.02186850272119,-0.022045131772757,-0.047676302492619,-0.023390766233206,-0.027159543707967,0.021652730181813,0.00030300483922474,-0.035023335367441,-0.0088076023384929,5.1150593208149e-05,-0.010498624294996,0.0079449145123363,0.018901219591498,-0.030666934326291,0.019072039052844,0.029266592115164,-0.0020392909646034,0.035994879901409,0.0040967650711536,-0.028840826824307,-0.02420842833817,0.0073976428247988,-0.010253427550197,0.031454604119062,0.024403428658843,0.047135036438704,-0.04662673547864,-0.00053433189168572,0.003523170016706,0.02629816532135,0.020801844075322,0.0024407031014562,-0.029286282137036,-0.060449965298176,0.081258796155453,0.016803450882435,-0.0014635197585449,0.031538859009743,-0.024998351931572,-0.0021977045107633,-0.012259194627404,0.033308949321508,-0.02378206141293,0.029290489852428,0.038880776613951,0.017630118876696,0.0026293029077351,0.020899718627334,-0.049398723989725,-0.017266655340791,-0.0065340995788574,0.0086506279185414,-0.057084184139967,-0.015836609527469,-0.036494374275208,0.010563354939222,0.032521419227123,-0.0062296879477799,0.0038516272325069,0.017712483182549,-0.017767459154129,0.014520235359669,-0.046087127178907,0.0045301746577024,0.037710797041655,0.0031005649361759,-0.022995105013251,0.0098202927038074,-0.0069289193488657,-0.017622480168939,0.044734496623278,0.0026146164163947,0.037709802389145,0.0085257822647691,0.035981886088848,-0.018716672435403,0.012915044091642,-0.0070031825453043,0.0044704745523632,0.0085390023887157,-0.0010058644693345,0.035842005163431,0.032528344541788,0.017621086910367,-0.016207300126553,0.0020586783066392,-0.033573120832443,0.0091737415641546,0.00078369904076681,0.049522642046213,-0.028074206784368,0.02115991897881,0.020886663347483,-0.028147358447313,0.048268806189299,-0.0025549253914505,-0.032301731407642,-0.018117740750313,0.015581375919282,0.015330783091486,-0.021194763481617,-0.029273768886924,-0.012634332291782,0.017325237393379,-0.047069605439901,0.022408373653889,0.052515260875225,0.10459642857313,0.00066744087962434,0.0097121819853783,0.00099645718000829,0.019672527909279,-0.072214193642139,-0.0057436912320554,0.0030585010536015,0.034885514527559,-0.021960821002722,0.0126479761675,0.02817233838141,-0.018553003668785,0.01896726153791,-0.0061654364690185,-0.012253188528121,0.021640481427312,0.034524247050285,0.030637294054031,-0.016178861260414,-0.0086147002875805,-0.039469584822655,0.0055487747304142,-9.4078190159053e-05,0.04333620518446,-0.023501923307776,0.00664136512205,0.027291797101498,0.017848253250122,0.035294681787491,-0.022833812981844,0.01200679410249,0.027588633820415,0.01513000484556,0.037995796650648,0.05561438202858,0.0077355094254017,0.010212682187557,-0.029227996245027,0.020828351378441,0.033899661153555,-0.0063229924999177,0.043286208063364,0.0071258302778006,0.029494674876332,0.057711765170097,0.023026248440146,-0.014848915860057,-0.012054692953825,0.019561911001801,-0.00024788905284368,-0.022162405773997,-0.011813019402325,-0.0036686139646918,-0.020507110282779,-0.061554096639156,0.020522516220808,-0.038695350289345,-0.012668558396399,0.027218578383327,0.018318176269531,0.030812190845609,-0.015697965398431,0.015237175859511,-0.02962426841259,-0.0064308401197195,0.01116197463125,-0.027819912880659,-0.028248652815819,0.031636446714401,0.011561938561499,0.052076108753681,0.0092252204194665,0.026598934084177,-0.008405489847064,0.055759228765965,-0.029063986614347,-0.029926791787148,0.028854975476861,0.023335233330727,0.0236124265939,0.015724111348391,0.0023499836679548,0.035504024475813,-0.0049262186512351,0.0077114747837186,-0.0092751896008849,0.022543832659721,-0.021703664213419,-0.039901178330183,-0.0091020483523607,0.031147006899118,0.0092786010354757,0.023247493430972,-0.0063340365886688,0.044770173728466,0.0052652242593467,0.0042095757089555,0.011067676357925,-0.024613700807095,-0.017641620710492,0.0079310974106193,0.03104624338448,0.028202272951603,-0.0092781689018011,0.013423749245703,-0.00053889030823484,-0.015697816386819,0.021169098094106,-0.013047149404883,-0.0046478630974889,0.058067444711924,-0.025290356948972,0.056537490338087,-0.047323435544968,-0.0052994014695287,0.05369470641017,0.038727380335331,-0.022149844095111,-0.046699296683073,-0.013763166032732,-0.030309107154608,0.032702967524529,0.012608868069947,0.022107869386673,-0.010311947204173,0.027986351400614,-0.030152449384332,0.0090450579300523,0.0041240477003157,0.032341256737709,-0.026089305058122,0.058206889778376,0.020683120936155,-0.019333811476827,-0.025433287024498,0.00078234361717477,0.0015553955454379,0.0072309388779104,-0.029786152765155,-0.022611344233155,-0.0024588615633547,0.051879093050957,0.03103463165462,0.032408058643341,0.034342393279076,-0.028000744059682,-0.019064236432314,-0.027870394289494,0.018028909340501,0.050840102136135,-0.0035710642114282,0.038661003112793,0.010212890803814,0.061352547258139,-0.032010212540627,-0.020165087655187,0.0062155672349036,-0.022539673373103,-0.0040164245292544,-0.009591506794095,-0.042009972035885,0.011523105204105,0.010360818356276,0.028454087674618,-0.0068709352053702,-0.024965303018689,0.034929037094116,-0.00060073286294937,-0.0027302631642669,0.0084735481068492,-0.023482894524932,-0.039028663188219,0.029630037024617,-0.034602746367455,0.0071638231165707,-0.0069847172126174,0.038006886839867,-0.021885707974434,-0.01034221239388,0.061568014323711,-0.027931472286582,-0.030838079750538
